1, 0.0, 3894, 3270, 2209, 9346,
2, 0.001, 6908, 5852, 3947, 16564,
3, 0.002, 6901, 5838, 3938, 16534,
4, 0.003, 6896, 5829, 3931, 16512,
5, 0.004, 6895, 5827, 3932, 16509,
6, 0.005, 6895, 5828, 3935, 16514,
7, 0.006, 6915, 5831, 3940, 16531,
8, 0.007, 6931, 5844, 3955, 16570,
9, 0.008, 6944, 5854, 3967, 16600,
10, 0.009, 6946, 5857, 3971, 16610,
11, 0.01, 6934, 5854, 3969, 16597,
12, 0.011, 6901, 5845, 3963, 16564,
13, 0.012, 6901, 5849, 3970, 16575,
14, 0.013, 6901, 5852, 3974, 16582,
15, 0.014, 6899, 5852, 3977, 16584,
16, 0.015, 6898, 5856, 3983, 16594,
17, 0.016, 6899, 5857, 3985, 16598,
18, 0.017, 6897, 5863, 3993, 16610,
19, 0.018, 6895, 5868, 4002, 16624,
20, 0.019, 6896, 5869, 4003, 16626,
21, 0.02, 6895, 5871, 4008, 16634,
22, 0.021, 6894, 5875, 4014, 16642,
23, 0.022, 6893, 5876, 4015, 16644,
24, 0.023, 6893, 5881, 4024, 16658,
25, 0.024, 6892, 5887, 4034, 16674,
26, 0.025, 6891, 5888, 4034, 16675,
27, 0.026, 6890, 5891, 4041, 16685,
28, 0.027, 6889, 5893, 4044, 16690,
29, 0.028, 6889, 5895, 4047, 16693,
30, 0.029, 6888, 5900, 4055, 16706,
31, 0.03, 6888, 5907, 4066, 16725,
32, 0.031, 6888, 5907, 4066, 16726,
33, 0.032, 6887, 5911, 4072, 16734,
34, 0.033, 6886, 5913, 4076, 16741,
35, 0.034, 6886, 5914, 4078, 16744,
36, 0.035, 6885, 5920, 4087, 16758,
37, 0.036, 6885, 5926, 4096, 16775,
38, 0.037, 6884, 5927, 4098, 16776,
39, 0.038, 6884, 5931, 4104, 16788,
40, 0.039, 6883, 5933, 4108, 16793,
41, 0.04, 6883, 5936, 4112, 16799,
42, 0.041, 6882, 5940, 4118, 16811,
43, 0.042, 6882, 5940, 4119, 16810,
44, 0.043, 6882, 5947, 4129, 16829,
45, 0.044, 6881, 5952, 4137, 16841,
46, 0.045, 6881, 5954, 4140, 16846,
47, 0.046, 6881, 5956, 4144, 16852,
48, 0.047, 6879, 5960, 4150, 16862,
49, 0.048, 6880, 5961, 4152, 16865,
50, 0.049, 6879, 5968, 4161, 16881,
51, 0.05, 6879, 5973, 4169, 16894,
52, 0.051, 6878, 5975, 4173, 16900,
53, 0.052, 6877, 5982, 4183, 16918,
54, 0.053, 6877, 5987, 4191, 16932,
55, 0.054, 6876, 5988, 4193, 16935,
56, 0.055, 6876, 5993, 4200, 16945,
57, 0.056, 6875, 5995, 4204, 16951,
58, 0.057, 6875, 6003, 4215, 16971,
59, 0.058, 6874, 6002, 4215, 16970,
60, 0.059, 6873, 6006, 4222, 16981,
61, 0.06, 6874, 6009, 4226, 16988,
62, 0.061, 6873, 6012, 4230, 16995,
63, 0.062, 6872, 6016, 4237, 17006,
64, 0.063, 6872, 6022, 4245, 17020,
65, 0.064, 6872, 6023, 4247, 17023,
66, 0.065, 6871, 6027, 4253, 17033,
67, 0.066, 6870, 6029, 4258, 17040,
68, 0.067, 6870, 6032, 4261, 17046,
69, 0.068, 6869, 6036, 4268, 17057,
70, 0.069, 6869, 6037, 4269, 17058,
71, 0.07, 6868, 6043, 4279, 17076,
72, 0.071, 6868, 6048, 4286, 17086,
73, 0.072, 6868, 6050, 4290, 17094,
74, 0.073, 6867, 6053, 4294, 17102,
75, 0.074, 6867, 6057, 4300, 17112,
76, 0.075, 6866, 6064, 4312, 17130,
77, 0.076, 6866, 6064, 4312, 17130,
78, 0.077, 6865, 6069, 4319, 17142,
79, 0.078, 6864, 6071, 4322, 17147,
80, 0.079, 6864, 6072, 4325, 17152,
81, 0.08, 6863, 6077, 4332, 17163,
82, 0.081, 6862, 6078, 4334, 17165,
83, 0.082, 6862, 6084, 4343, 17181,
84, 0.083, 6861, 6090, 4353, 17197,
85, 0.084, 6861, 6091, 4354, 17200,
86, 0.085, 6860, 6096, 4361, 17210,
87, 0.086, 6860, 6098, 4365, 17217,
88, 0.087, 6860, 6099, 4367, 17219,
89, 0.088, 6858, 6104, 4375, 17233,
90, 0.089, 6858, 6110, 4384, 17248,
91, 0.09, 6858, 6112, 4386, 17252,
92, 0.091, 6857, 6115, 4392, 17261,
93, 0.092, 6856, 6118, 4396, 17269,
94, 0.093, 6856, 6120, 4400, 17274,
95, 0.094, 6856, 6126, 4408, 17288,
96, 0.095, 6856, 6126, 4408, 17290,
97, 0.096, 6855, 6133, 4419, 17307,
98, 0.097, 6855, 6136, 4424, 17316,
99, 0.098, 6854, 6139, 4429, 17323,
100, 0.099, 6854, 6141, 4432, 17329,
101, 0.1, 6853, 6152, 4447, 17355,
102, 0.101, 6853, 6155, 4451, 17362,
103, 0.102, 6853, 6156, 4453, 17366,
104, 0.103, 6852, 6161, 4462, 17380,
105, 0.104, 6852, 6168, 4472, 17398,
106, 0.105, 6852, 6169, 4473, 17400,
107, 0.106, 6851, 6173, 4480, 17411,
108, 0.107, 6851, 6176, 4484, 17417,
109, 0.108, 6851, 6179, 4488, 17424,
110, 0.109, 6850, 6182, 4494, 17433,
111, 0.11, 6849, 6189, 4505, 17451,
112, 0.111, 6849, 6189, 4504, 17450,
113, 0.112, 6849, 6193, 4510, 17462,
114, 0.113, 6848, 6196, 4515, 17469,
115, 0.114, 6849, 6198, 4519, 17476,
116, 0.115, 6848, 6204, 4526, 17490,
117, 0.116, 6847, 6204, 4527, 17489,
118, 0.117, 6847, 6210, 4537, 17507,
119, 0.118, 6846, 6216, 4545, 17519,
120, 0.119, 6846, 6217, 4547, 17524,
121, 0.12, 6845, 6221, 4553, 17533,
122, 0.121, 6845, 6224, 4559, 17542,
123, 0.122, 6845, 6226, 4560, 17545,
124, 0.123, 6844, 6232, 4569, 17560,
125, 0.124, 6844, 6239, 4580, 17579,
126, 0.125, 6843, 6239, 4580, 17580,
127, 0.126, 6842, 6244, 4588, 17591,
128, 0.127, 6843, 6246, 4591, 17599,
129, 0.128, 6842, 6249, 4596, 17606,
130, 0.129, 6842, 6253, 4602, 17616,
131, 0.13, 6841, 6252, 4601, 17615,
132, 0.131, 6841, 6260, 4613, 17633,
133, 0.132, 6840, 6265, 4621, 17647,
134, 0.133, 6840, 6267, 4623, 17651,
135, 0.134, 6841, 6270, 4628, 17660,
136, 0.135, 6840, 6275, 4635, 17672,
137, 0.136, 6839, 6281, 4645, 17688,
138, 0.137, 6840, 6282, 4646, 17691,
139, 0.138, 6839, 6287, 4654, 17704,
140, 0.139, 6840, 6290, 4657, 17711,
141, 0.14, 6839, 6290, 4658, 17712,
142, 0.141, 6839, 6297, 4667, 17729,
143, 0.142, 6838, 6302, 4675, 17742,
144, 0.143, 6838, 6304, 4678, 17747,
145, 0.144, 6837, 6306, 4682, 17751,
146, 0.145, 6837, 6312, 4690, 17766,
147, 0.146, 6838, 6312, 4690, 17768,
148, 0.147, 6837, 6318, 4700, 17785,
149, 0.148, 6836, 6325, 4710, 17800,
150, 0.149, 6837, 6327, 4712, 17806,
151, 0.15, 6836, 6330, 4717, 17813,
152, 0.151, 6835, 6338, 4730, 17835,
153, 0.152, 6835, 6341, 4733, 17842,
154, 0.153, 6835, 6342, 4736, 17846,
155, 0.154, 6834, 6348, 4744, 17859,
156, 0.155, 6834, 6348, 4745, 17861,
157, 0.156, 6834, 6355, 4756, 17879,
158, 0.157, 6833, 6360, 4764, 17893,
159, 0.158, 6833, 6362, 4766, 17897,
160, 0.159, 6833, 6365, 4771, 17905,
161, 0.16, 6833, 6370, 4777, 17916,
162, 0.161, 6832, 6370, 4779, 17918,
163, 0.162, 6832, 6377, 4789, 17936,
164, 0.163, 6831, 6382, 4797, 17950,
165, 0.164, 6831, 6384, 4799, 17953,
166, 0.165, 6831, 6387, 4803, 17960,
167, 0.166, 6830, 6391, 4810, 17972,
168, 0.167, 6830, 6392, 4811, 17974,
169, 0.168, 6830, 6398, 4821, 17990,
170, 0.169, 6829, 6405, 4831, 18008,
171, 0.17, 6829, 6406, 4833, 18011,
172, 0.171, 6829, 6410, 4839, 18021,
173, 0.172, 6829, 6414, 4844, 18029,
174, 0.173, 6829, 6415, 4845, 18033,
175, 0.174, 6828, 6421, 4855, 18048,
176, 0.175, 6827, 6427, 4863, 18063,
177, 0.176, 6828, 6428, 4866, 18067,
178, 0.177, 6828, 6432, 4870, 18075,
179, 0.178, 6827, 6435, 4876, 18086,
180, 0.179, 6827, 6437, 4878, 18089,
181, 0.18, 6827, 6443, 4888, 18105,
182, 0.181, 6826, 6450, 4898, 18123,
183, 0.182, 6826, 6451, 4899, 18124,
184, 0.183, 6825, 6455, 4906, 18136,
185, 0.184, 6825, 6458, 4910, 18142,
186, 0.185, 6825, 6461, 4914, 18149,
187, 0.186, 6824, 6465, 4920, 18160,
188, 0.187, 6825, 6466, 4922, 18163,
189, 0.188, 6824, 6472, 4931, 18179,
190, 0.189, 6823, 6478, 4940, 18194,
191, 0.19, 6824, 6480, 4942, 18200,
192, 0.191, 6823, 6482, 4946, 18205,
193, 0.192, 6823, 6487, 4954, 18217,
194, 0.193, 6822, 6493, 4962, 18232,
195, 0.194, 6822, 6494, 4965, 18237,
196, 0.195, 6822, 6498, 4971, 18247,
197, 0.196, 6821, 6501, 4975, 18254,
198, 0.197, 6821, 6503, 4978, 18259,
199, 0.198, 6820, 6508, 4986, 18272,
200, 0.199, 6821, 6509, 4987, 18275,
201, 0.2, 6819, 6518, 5001, 18298,
202, 0.201, 6819, 6523, 5008, 18310,
203, 0.202, 6819, 6531, 5019, 18330,
204, 0.203, 6819, 6531, 5020, 18330,
205, 0.204, 6818, 6536, 5028, 18344,
206, 0.205, 6818, 6538, 5031, 18349,
207, 0.206, 6818, 6542, 5036, 18358,
208, 0.207, 6817, 6544, 5041, 18366,
209, 0.208, 6817, 6547, 5044, 18371,
210, 0.209, 6816, 6552, 5053, 18386,
211, 0.21, 6816, 6559, 5063, 18403,
212, 0.211, 6816, 6560, 5063, 18405,
213, 0.212, 6816, 6564, 5070, 18417,
214, 0.213, 6816, 6568, 5075, 18425,
215, 0.214, 6816, 6570, 5078, 18431,
216, 0.215, 6815, 6575, 5086, 18444,
217, 0.216, 6815, 6575, 5087, 18445,
218, 0.217, 6815, 6582, 5097, 18462,
219, 0.218, 6814, 6588, 5106, 18478,
220, 0.219, 6815, 6590, 5108, 18483,
221, 0.22, 6814, 6593, 5114, 18492,
222, 0.221, 6814, 6597, 5119, 18501,
223, 0.222, 6814, 6599, 5122, 18507,
224, 0.223, 6813, 6604, 5130, 18521,
225, 0.224, 6813, 6611, 5140, 18537,
226, 0.225, 6813, 6612, 5141, 18539,
227, 0.226, 6812, 6615, 5147, 18547,
228, 0.227, 6812, 6619, 5153, 18558,
229, 0.228, 6812, 6620, 5153, 18559,
230, 0.229, 6811, 6626, 5163, 18576,
231, 0.23, 6811, 6631, 5171, 18589,
232, 0.231, 6811, 6634, 5175, 18596,
233, 0.232, 6811, 6636, 5177, 18601,
234, 0.233, 6810, 6641, 5186, 18614,
235, 0.234, 6810, 6647, 5195, 18630,
236, 0.235, 6810, 6649, 5196, 18634,
237, 0.236, 6810, 6654, 5204, 18647,
238, 0.237, 6809, 6656, 5208, 18653,
239, 0.238, 6809, 6657, 5210, 18655,
240, 0.239, 6808, 6663, 5218, 18670,
241, 0.24, 6807, 6670, 5228, 18687,
242, 0.241, 6808, 6670, 5230, 18689,
243, 0.242, 6807, 6675, 5237, 18701,
244, 0.243, 6807, 6677, 5240, 18708,
245, 0.244, 6807, 6680, 5244, 18716,
246, 0.245, 6806, 6685, 5251, 18727,
247, 0.246, 6805, 6692, 5262, 18744,
248, 0.247, 6806, 6692, 5263, 18745,
249, 0.248, 6805, 6697, 5269, 18757,
250, 0.249, 6805, 6700, 5274, 18765,
251, 0.25, 6805, 6702, 5277, 18770,
252, 0.251, 6803, 6710, 5290, 18792,
253, 0.252, 6803, 6714, 5296, 18801,
254, 0.253, 6803, 6714, 5296, 18802,
255, 0.254, 6802, 6721, 5306, 18819,
256, 0.255, 6802, 6727, 5315, 18836,
257, 0.256, 6802, 6729, 5318, 18840,
258, 0.257, 6802, 6733, 5324, 18850,
259, 0.258, 6801, 6736, 5329, 18859,
260, 0.259, 6801, 6738, 5332, 18864,
261, 0.26, 6801, 6744, 5340, 18878,
262, 0.261, 6801, 6744, 5340, 18879,
263, 0.262, 6800, 6751, 5351, 18897,
264, 0.263, 6799, 6756, 5359, 18909,
265, 0.264, 6800, 6758, 5362, 18916,
266, 0.265, 6799, 6760, 5365, 18921,
267, 0.266, 6799, 6766, 5373, 18935,
268, 0.267, 6798, 6772, 5383, 18951,
269, 0.268, 6799, 6773, 5384, 18953,
270, 0.269, 6798, 6777, 5391, 18964,
271, 0.27, 6798, 6780, 5394, 18970,
272, 0.271, 6798, 6782, 5397, 18975,
273, 0.272, 6797, 6788, 5406, 18992,
274, 0.273, 6796, 6793, 5415, 19006,
275, 0.274, 6796, 6795, 5417, 19009,
276, 0.275, 6796, 6799, 5423, 19021,
277, 0.276, 6795, 6802, 5428, 19027,
278, 0.277, 6796, 6805, 5432, 19035,
279, 0.278, 6795, 6809, 5439, 19048,
280, 0.279, 6795, 6810, 5440, 19048,
281, 0.28, 6794, 6816, 5450, 19065,
282, 0.281, 6794, 6823, 5460, 19082,
283, 0.282, 6793, 6824, 5461, 19086,
284, 0.283, 6794, 6829, 5469, 19098,
285, 0.284, 6793, 6832, 5473, 19106,
286, 0.285, 6793, 6834, 5477, 19113,
287, 0.286, 6793, 6839, 5484, 19125,
288, 0.287, 6793, 6840, 5484, 19126,
289, 0.288, 6793, 6847, 5496, 19145,
290, 0.289, 6792, 6853, 5504, 19160,
291, 0.29, 6792, 6854, 5506, 19164,
292, 0.291, 6791, 6857, 5511, 19170,
293, 0.292, 6791, 6861, 5517, 19180,
294, 0.293, 6791, 6862, 5518, 19182,
295, 0.294, 6790, 6868, 5528, 19200,
296, 0.295, 6790, 6874, 5535, 19212,
297, 0.296, 6790, 6876, 5539, 19218,
298, 0.297, 6790, 6878, 5542, 19224,
299, 0.298, 6789, 6883, 5550, 19237,
300, 0.299, 6789, 6889, 5559, 19252,
301, 0.3, 6789, 6892, 5564, 19260,
302, 0.301, 6788, 6898, 5573, 19276,
303, 0.302, 6787, 6903, 5580, 19288,
304, 0.303, 6787, 6905, 5583, 19293,
305, 0.304, 6787, 6909, 5589, 19304,
306, 0.305, 6786, 6912, 5595, 19313,
307, 0.306, 6787, 6914, 5596, 19316,
308, 0.307, 6786, 6920, 5605, 19331,
309, 0.308, 6785, 6925, 5614, 19346,
310, 0.309, 6785, 6927, 5617, 19352,
311, 0.31, 6785, 6929, 5620, 19357,
312, 0.311, 6785, 6934, 5627, 19370,
313, 0.312, 6784, 6941, 5638, 19387,
314, 0.313, 6785, 6942, 5639, 19389,
315, 0.314, 6784, 6947, 5646, 19401,
316, 0.315, 6784, 6949, 5650, 19408,
317, 0.316, 6784, 6951, 5653, 19413,
318, 0.317, 6782, 6956, 5661, 19425,
319, 0.318, 6783, 6957, 5661, 19426,
320, 0.319, 6782, 6965, 5674, 19447,
321, 0.32, 6782, 6969, 5680, 19460,
322, 0.321, 6782, 6972, 5684, 19466,
323, 0.322, 6782, 6974, 5686, 19471,
324, 0.323, 6780, 6979, 5695, 19484,
325, 0.324, 6780, 6987, 5707, 19505,
326, 0.325, 6781, 6987, 5707, 19506,
327, 0.326, 6780, 6992, 5714, 19519,
328, 0.327, 6780, 6995, 5718, 19525,
329, 0.328, 6780, 6998, 5724, 19534,
330, 0.329, 6779, 7002, 5729, 19543,
331, 0.33, 6780, 7003, 5730, 19545,
332, 0.331, 6778, 7009, 5740, 19562,
333, 0.332, 6778, 7015, 5749, 19577,
334, 0.333, 6778, 7017, 5752, 19582,
335, 0.334, 6777, 7021, 5757, 19591,
336, 0.335, 6777, 7023, 5762, 19599,
337, 0.336, 6777, 7026, 5766, 19605,
338, 0.337, 6777, 7031, 5773, 19620,
339, 0.338, 6776, 7037, 5782, 19633,
340, 0.339, 6776, 7038, 5784, 19638,
341, 0.34, 6776, 7042, 5789, 19646,
342, 0.341, 6776, 7046, 5796, 19657,
343, 0.342, 6776, 7047, 5797, 19660,
344, 0.343, 6776, 7054, 5807, 19678,
345, 0.344, 6775, 7059, 5815, 19690,
346, 0.345, 6775, 7061, 5818, 19696,
347, 0.346, 6774, 7064, 5823, 19703,
348, 0.347, 6773, 7068, 5828, 19713,
349, 0.348, 6774, 7070, 5831, 19718,
350, 0.349, 6773, 7075, 5840, 19732,
351, 0.35, 6773, 7083, 5851, 19751,
352, 0.351, 6773, 7086, 5856, 19760,
353, 0.352, 6773, 7091, 5862, 19772,
354, 0.353, 6772, 7098, 5873, 19789,
355, 0.354, 6771, 7098, 5873, 19789,
356, 0.355, 6772, 7101, 5878, 19799,
357, 0.356, 6771, 7106, 5885, 19811,
358, 0.357, 6771, 7112, 5895, 19828,
359, 0.358, 6771, 7113, 5896, 19831,
360, 0.359, 6771, 7117, 5902, 19839,
361, 0.36, 6770, 7120, 5907, 19848,
362, 0.361, 6770, 7121, 5909, 19851,
363, 0.362, 6770, 7128, 5919, 19870,
364, 0.363, 6768, 7134, 5928, 19883,
365, 0.364, 6769, 7136, 5930, 19888,
366, 0.365, 6769, 7141, 5937, 19900,
367, 0.366, 6768, 7143, 5942, 19907,
368, 0.367, 6768, 7146, 5945, 19913,
369, 0.368, 6768, 7151, 5953, 19926,
370, 0.369, 6768, 7151, 5954, 19928,
371, 0.37, 6767, 7158, 5964, 19944,
372, 0.371, 6767, 7164, 5973, 19961,
373, 0.372, 6767, 7166, 5976, 19965,
374, 0.373, 6766, 7170, 5982, 19976,
375, 0.374, 6766, 7174, 5987, 19986,
376, 0.375, 6767, 7175, 5989, 19989,
377, 0.376, 6766, 7180, 5998, 20004,
378, 0.377, 6765, 7187, 6008, 20021,
379, 0.378, 6765, 7188, 6010, 20025,
380, 0.379, 6765, 7193, 6017, 20037,
381, 0.38, 6765, 7196, 6021, 20044,
382, 0.381, 6764, 7199, 6025, 20051,
383, 0.382, 6764, 7204, 6032, 20063,
384, 0.383, 6763, 7210, 6042, 20080,
385, 0.384, 6763, 7211, 6043, 20082,
386, 0.385, 6763, 7217, 6051, 20096,
387, 0.386, 6763, 7219, 6055, 20101,
388, 0.387, 6762, 7220, 6057, 20106,
389, 0.388, 6762, 7225, 6065, 20119,
390, 0.389, 6761, 7234, 6077, 20139,
391, 0.39, 6761, 7233, 6076, 20138,
392, 0.391, 6761, 7238, 6083, 20149,
393, 0.392, 6761, 7241, 6088, 20158,
394, 0.393, 6761, 7243, 6092, 20164,
395, 0.394, 6760, 7248, 6099, 20176,
396, 0.395, 6760, 7249, 6100, 20178,
397, 0.396, 6760, 7256, 6110, 20196,
398, 0.397, 6759, 7260, 6118, 20209,
399, 0.398, 6760, 7263, 6122, 20217,
400, 0.399, 6759, 7265, 6125, 20221,
401, 0.4, 6759, 7274, 6138, 20245,
402, 0.401, 6758, 7278, 6144, 20255,
403, 0.402, 6759, 7279, 6145, 20257,
404, 0.403, 6758, 7286, 6156, 20274,
405, 0.404, 6757, 7290, 6163, 20286,
406, 0.405, 6756, 7293, 6167, 20293,
407, 0.406, 6756, 7295, 6170, 20299,
408, 0.407, 6756, 7301, 6178, 20313,
409, 0.408, 6756, 7301, 6179, 20313,
410, 0.409, 6755, 7308, 6190, 20332,
411, 0.41, 6754, 7314, 6199, 20347,
412, 0.411, 6755, 7316, 6201, 20351,
413, 0.412, 6754, 7320, 6207, 20362,
414, 0.413, 6754, 7324, 6213, 20372,
415, 0.414, 6754, 7326, 6217, 20379,
416, 0.415, 6753, 7330, 6223, 20390,
417, 0.416, 6753, 7331, 6225, 20392,
418, 0.417, 6753, 7338, 6235, 20409,
419, 0.418, 6752, 7344, 6244, 20425,
420, 0.419, 6753, 7346, 6247, 20430,
421, 0.42, 6751, 7350, 6252, 20439,
422, 0.421, 6752, 7353, 6257, 20447,
423, 0.422, 6751, 7354, 6259, 20451,
424, 0.423, 6750, 7359, 6268, 20464,
425, 0.424, 6750, 7366, 6278, 20481,
426, 0.425, 6750, 7368, 6280, 20485,
427, 0.426, 6750, 7371, 6284, 20494,
428, 0.427, 6749, 7375, 6291, 20504,
429, 0.428, 6748, 7382, 6301, 20522,
430, 0.429, 6749, 7383, 6303, 20525,
431, 0.43, 6748, 7387, 6309, 20534,
432, 0.431, 6747, 7390, 6314, 20542,
433, 0.432, 6747, 7391, 6316, 20546,
434, 0.433, 6747, 7397, 6325, 20561,
435, 0.434, 6746, 7404, 6335, 20578,
436, 0.435, 6746, 7405, 6336, 20581,
437, 0.436, 6746, 7409, 6342, 20590,
438, 0.437, 6746, 7412, 6347, 20600,
439, 0.438, 6746, 7414, 6350, 20605,
440, 0.439, 6745, 7420, 6358, 20618,
441, 0.44, 6745, 7425, 6367, 20632,
442, 0.441, 6745, 7427, 6370, 20639,
443, 0.442, 6744, 7430, 6375, 20646,
444, 0.443, 6744, 7435, 6381, 20657,
445, 0.444, 6744, 7435, 6382, 20659,
446, 0.445, 6743, 7442, 6393, 20678,
447, 0.446, 6743, 7448, 6401, 20692,
448, 0.447, 6742, 7450, 6404, 20695,
449, 0.448, 6742, 7452, 6407, 20701,
450, 0.449, 6741, 7457, 6415, 20714,
451, 0.45, 6741, 7464, 6425, 20733,
452, 0.451, 6741, 7466, 6428, 20737,
453, 0.452, 6740, 7472, 6438, 20754,
454, 0.453, 6739, 7479, 6448, 20770,
455, 0.454, 6739, 7480, 6449, 20773,
456, 0.455, 6739, 7484, 6457, 20785,
457, 0.456, 6738, 7488, 6463, 20796,
458, 0.457, 6739, 7489, 6464, 20799,
459, 0.458, 6738, 7496, 6474, 20815,
460, 0.459, 6738, 7501, 6482, 20829,
461, 0.46, 6737, 7503, 6485, 20834,
462, 0.461, 6737, 7505, 6488, 20839,
463, 0.462, 6737, 7511, 6497, 20854,
464, 0.463, 6736, 7518, 6508, 20874,
465, 0.464, 6736, 7519, 6508, 20874,
466, 0.465, 6735, 7522, 6514, 20883,
467, 0.466, 6735, 7526, 6519, 20892,
468, 0.467, 6735, 7528, 6523, 20899,
469, 0.468, 6735, 7534, 6531, 20911,
470, 0.469, 6733, 7540, 6541, 20928,
471, 0.47, 6734, 7541, 6542, 20930,
472, 0.471, 6733, 7544, 6547, 20939,
473, 0.472, 6733, 7549, 6554, 20950,
474, 0.473, 6733, 7550, 6556, 20954,
475, 0.474, 6732, 7555, 6564, 20968,
476, 0.475, 6732, 7562, 6573, 20984,
477, 0.476, 6731, 7563, 6575, 20987,
478, 0.477, 6731, 7567, 6581, 20997,
479, 0.478, 6731, 7570, 6586, 21004,
480, 0.479, 6731, 7571, 6588, 21008,
481, 0.48, 6729, 7577, 6597, 21022,
482, 0.481, 6729, 7584, 6608, 21042,
483, 0.482, 6729, 7585, 6609, 21043,
484, 0.483, 6729, 7587, 6612, 21050,
485, 0.484, 6728, 7592, 6620, 21062,
486, 0.485, 6728, 7593, 6621, 21063,
487, 0.486, 6728, 7600, 6631, 21081,
488, 0.487, 6727, 7606, 6641, 21098,
489, 0.488, 6727, 7607, 6642, 21100,
490, 0.489, 6727, 7611, 6648, 21110,
491, 0.49, 6726, 7614, 6654, 21120,
492, 0.491, 6726, 7616, 6655, 21122,
493, 0.492, 6725, 7621, 6664, 21137,
494, 0.493, 6725, 7627, 6673, 21152,
495, 0.494, 6725, 7629, 6676, 21157,
496, 0.495, 6724, 7632, 6681, 21165,
497, 0.496, 6724, 7636, 6687, 21176,
498, 0.497, 6724, 7638, 6690, 21181,
499, 0.498, 6723, 7644, 6698, 21196,
500, 0.499, 6723, 7644, 6699, 21196,
501, 0.5, 6722, 7655, 6716, 21225,
502, 0.501, 6715, 7674, 6749, 21274,
503, 0.502, 6706, 7683, 6767, 21294,
504, 0.503, 6706, 7684, 6769, 21297,
505, 0.504, 6704, 7687, 6773, 21303,
506, 0.505, 6701, 7690, 6780, 21310,
507, 0.506, 6696, 7695, 6790, 21322,
508, 0.507, 6696, 7695, 6790, 21322,
509, 0.508, 6693, 7698, 6797, 21330,
510, 0.509, 6691, 7700, 6801, 21334,
511, 0.51, 6690, 7702, 6804, 21339,
512, 0.511, 6687, 7705, 6812, 21348,
513, 0.512, 6686, 7705, 6812, 21348,
514, 0.513, 6682, 7710, 6822, 21358,
515, 0.514, 6679, 7714, 6829, 21369,
516, 0.515, 6677, 7715, 6832, 21373,
517, 0.516, 6675, 7717, 6836, 21376,
518, 0.517, 6673, 7720, 6843, 21386,
519, 0.518, 6672, 7721, 6845, 21388,
520, 0.519, 6668, 7725, 6854, 21397,
521, 0.52, 6663, 7731, 6864, 21410,
522, 0.521, 6663, 7730, 6864, 21410,
523, 0.522, 6660, 7733, 6869, 21415,
524, 0.523, 6658, 7735, 6874, 21421,
525, 0.524, 6657, 7736, 6877, 21425,
526, 0.525, 6653, 7740, 6885, 21432,
527, 0.526, 6649, 7745, 6894, 21446,
528, 0.527, 6648, 7744, 6895, 21445,
529, 0.528, 6645, 7748, 6902, 21453,
530, 0.529, 6643, 7749, 6905, 21457,
531, 0.53, 6641, 7750, 6908, 21459,
532, 0.531, 6638, 7754, 6916, 21469,
533, 0.532, 6639, 7755, 6917, 21471,
534, 0.533, 6633, 7759, 6926, 21481,
535, 0.534, 6630, 7763, 6935, 21492,
536, 0.535, 6629, 7765, 6937, 21495,
537, 0.536, 6627, 7766, 6941, 21499,
538, 0.537, 6624, 7770, 6948, 21507,
539, 0.538, 6619, 7774, 6957, 21518,
540, 0.539, 6619, 7775, 6959, 21521,
541, 0.54, 6616, 7779, 6967, 21530,
542, 0.541, 6614, 7780, 6969, 21533,
543, 0.542, 6611, 7782, 6973, 21537,
544, 0.543, 6609, 7785, 6979, 21544,
545, 0.544, 6609, 7785, 6980, 21545,
546, 0.545, 6604, 7789, 6990, 21556,
547, 0.546, 6600, 7793, 6998, 21566,
548, 0.547, 6600, 7794, 7000, 21569,
549, 0.548, 6597, 7796, 7005, 21572,
550, 0.549, 6595, 7799, 7010, 21580,
551, 0.55, 6594, 7800, 7011, 21581,
552, 0.551, 6587, 7806, 7026, 21596,
553, 0.552, 6585, 7809, 7031, 21603,
554, 0.553, 6584, 7810, 7034, 21606,
555, 0.554, 6581, 7814, 7041, 21616,
556, 0.555, 6580, 7814, 7041, 21616,
557, 0.556, 6576, 7819, 7052, 21628,
558, 0.557, 6572, 7822, 7059, 21636,
559, 0.558, 6571, 7824, 7062, 21640,
560, 0.559, 6569, 7825, 7065, 21643,
561, 0.56, 6566, 7828, 7072, 21652,
562, 0.561, 6561, 7832, 7082, 21662,
563, 0.562, 6561, 7833, 7082, 21662,
564, 0.563, 6559, 7836, 7088, 21670,
565, 0.564, 6556, 7838, 7092, 21675,
566, 0.565, 6556, 7840, 7096, 21678,
567, 0.566, 6552, 7843, 7103, 21687,
568, 0.567, 6552, 7843, 7103, 21687,
569, 0.568, 6546, 7847, 7113, 21697,
570, 0.569, 6543, 7852, 7122, 21710,
571, 0.57, 6542, 7853, 7124, 21711,
572, 0.571, 6540, 7854, 7127, 21713,
573, 0.572, 6537, 7857, 7133, 21722,
574, 0.573, 6532, 7862, 7143, 21733,
575, 0.574, 6533, 7863, 7144, 21735,
576, 0.575, 6529, 7864, 7148, 21738,
577, 0.576, 6527, 7867, 7154, 21746,
578, 0.577, 6527, 7868, 7157, 21749,
579, 0.578, 6522, 7872, 7165, 21757,
580, 0.579, 6522, 7871, 7164, 21756,
581, 0.58, 6517, 7876, 7174, 21769,
582, 0.581, 6513, 7880, 7182, 21777,
583, 0.582, 6512, 7881, 7185, 21780,
584, 0.583, 6511, 7883, 7188, 21784,
585, 0.584, 6508, 7886, 7195, 21791,
586, 0.585, 6507, 7886, 7196, 21792,
587, 0.586, 6502, 7890, 7205, 21802,
588, 0.587, 6498, 7894, 7214, 21813,
589, 0.588, 6498, 7895, 7216, 21816,
590, 0.589, 6497, 7896, 7218, 21818,
591, 0.59, 6493, 7900, 7226, 21826,
592, 0.591, 6489, 7905, 7235, 21838,
593, 0.592, 6489, 7906, 7237, 21841,
594, 0.593, 6486, 7908, 7242, 21847,
595, 0.594, 6484, 7910, 7246, 21852,
596, 0.595, 6483, 7911, 7248, 21853,
597, 0.596, 6479, 7914, 7256, 21862,
598, 0.597, 6475, 7920, 7266, 21875,
599, 0.598, 6475, 7920, 7267, 21876,
600, 0.599, 6472, 7923, 7274, 21884,
601, 0.6, 6465, 7929, 7287, 21898,
602, 0.601, 6465, 7930, 7288, 21900,
603, 0.602, 6462, 7931, 7292, 21904,
604, 0.603, 6460, 7935, 7298, 21911,
605, 0.604, 6460, 7934, 7298, 21910,
606, 0.605, 6455, 7939, 7308, 21921,
607, 0.606, 6451, 7943, 7316, 21932,
608, 0.607, 6450, 7944, 7318, 21935,
609, 0.608, 6448, 7947, 7324, 21940,
610, 0.609, 6445, 7949, 7328, 21945,
611, 0.61, 6444, 7950, 7332, 21949,
612, 0.611, 6441, 7953, 7338, 21957,
613, 0.612, 6440, 7954, 7339, 21958,
614, 0.613, 6436, 7958, 7349, 21968,
615, 0.614, 6433, 7961, 7355, 21975,
616, 0.615, 6431, 7963, 7359, 21980,
617, 0.616, 6430, 7965, 7363, 21984,
618, 0.617, 6426, 7967, 7369, 21991,
619, 0.618, 6426, 7968, 7370, 21992,
620, 0.619, 6422, 7973, 7380, 22004,
621, 0.62, 6418, 7975, 7386, 22011,
622, 0.621, 6417, 7977, 7390, 22016,
623, 0.622, 6415, 7979, 7395, 22021,
624, 0.623, 6412, 7982, 7400, 22028,
625, 0.624, 6413, 7983, 7402, 22031,
626, 0.625, 6407, 7987, 7410, 22040,
627, 0.626, 6404, 7990, 7419, 22049,
628, 0.627, 6403, 7991, 7421, 22051,
629, 0.628, 6400, 7993, 7424, 22054,
630, 0.629, 6397, 7995, 7430, 22061,
631, 0.63, 6396, 7996, 7432, 22063,
632, 0.631, 6392, 8000, 7440, 22071,
633, 0.632, 6389, 8005, 7449, 22083,
634, 0.633, 6388, 8006, 7451, 22086,
635, 0.634, 6384, 8008, 7455, 22089,
636, 0.635, 6383, 8010, 7460, 22095,
637, 0.636, 6382, 8011, 7462, 22097,
638, 0.637, 6378, 8015, 7470, 22108,
639, 0.638, 6374, 8019, 7478, 22116,
640, 0.639, 6373, 8019, 7480, 22119,
641, 0.64, 6371, 8021, 7484, 22122,
642, 0.641, 6368, 8024, 7491, 22132,
643, 0.642, 6368, 8025, 7492, 22134,
644, 0.643, 6364, 8029, 7501, 22143,
645, 0.644, 6360, 8033, 7509, 22151,
646, 0.645, 6359, 8034, 7511, 22155,
647, 0.646, 6356, 8037, 7517, 22161,
648, 0.647, 6353, 8038, 7521, 22164,
649, 0.648, 6352, 8040, 7525, 22168,
650, 0.649, 6350, 8043, 7532, 22178,
651, 0.65, 6344, 8046, 7540, 22185,
652, 0.651, 6342, 8049, 7544, 22191,
653, 0.652, 6340, 8052, 7551, 22199,
654, 0.653, 6339, 8053, 7553, 22201,
655, 0.654, 6334, 8056, 7561, 22209,
656, 0.655, 6332, 8060, 7568, 22219,
657, 0.656, 6329, 8061, 7572, 22222,
658, 0.657, 6329, 8062, 7573, 22224,
659, 0.658, 6325, 8066, 7581, 22233,
660, 0.659, 6322, 8070, 7588, 22242,
661, 0.66, 6320, 8071, 7591, 22245,
662, 0.661, 6319, 8071, 7594, 22246,
663, 0.662, 6315, 8075, 7602, 22256,
664, 0.663, 6315, 8075, 7601, 22255,
665, 0.664, 6309, 8079, 7610, 22263,
666, 0.665, 6305, 8082, 7618, 22273,
667, 0.666, 6305, 8084, 7621, 22278,
668, 0.667, 6302, 8087, 7627, 22284,
669, 0.668, 6299, 8088, 7630, 22287,
670, 0.669, 6298, 8090, 7634, 22292,
671, 0.67, 6295, 8093, 7640, 22299,
672, 0.671, 6290, 8097, 7649, 22308,
673, 0.672, 6290, 8097, 7650, 22308,
674, 0.673, 6288, 8100, 7656, 22317,
675, 0.674, 6284, 8101, 7659, 22318,
676, 0.675, 6284, 8102, 7661, 22321,
677, 0.676, 6280, 8106, 7670, 22330,
678, 0.677, 6276, 8109, 7677, 22338,
679, 0.678, 6274, 8110, 7679, 22339,
680, 0.679, 6272, 8112, 7684, 22346,
681, 0.68, 6270, 8115, 7690, 22353,
682, 0.681, 6270, 8116, 7691, 22356,
683, 0.682, 6265, 8119, 7699, 22362,
684, 0.683, 6262, 8122, 7706, 22370,
685, 0.684, 6260, 8124, 7709, 22374,
686, 0.685, 6258, 8126, 7714, 22379,
687, 0.686, 6255, 8129, 7720, 22387,
688, 0.687, 6255, 8129, 7720, 22386,
689, 0.688, 6250, 8132, 7728, 22394,
690, 0.689, 6247, 8135, 7733, 22399,
691, 0.69, 6245, 8137, 7739, 22408,
692, 0.691, 6244, 8138, 7741, 22409,
693, 0.692, 6239, 8140, 7747, 22413,
694, 0.693, 6235, 8144, 7756, 22423,
695, 0.694, 6235, 8146, 7758, 22427,
696, 0.695, 6231, 8147, 7763, 22430,
697, 0.696, 6229, 8149, 7767, 22436,
698, 0.697, 6229, 8150, 7769, 22439,
699, 0.698, 6225, 8154, 7777, 22448,
700, 0.699, 6220, 8158, 7786, 22457,
701, 0.7, 6220, 8158, 7787, 22458,
702, 0.701, 6217, 8161, 7792, 22464,
703, 0.702, 6210, 8166, 7805, 22478,
704, 0.703, 6209, 8167, 7807, 22481,
705, 0.704, 6207, 8170, 7812, 22486,
706, 0.705, 6204, 8172, 7816, 22490,
707, 0.706, 6204, 8171, 7816, 22490,
708, 0.707, 6199, 8175, 7825, 22499,
709, 0.708, 6196, 8178, 7832, 22506,
710, 0.709, 6194, 8180, 7836, 22512,
711, 0.71, 6193, 8181, 7837, 22513,
712, 0.711, 6189, 8184, 7845, 22522,
713, 0.712, 6184, 8189, 7855, 22532,
714, 0.713, 6184, 8189, 7855, 22531,
715, 0.714, 6181, 8190, 7859, 22536,
716, 0.715, 6178, 8192, 7864, 22540,
717, 0.716, 6177, 8194, 7866, 22544,
718, 0.717, 6173, 8197, 7873, 22550,
719, 0.718, 6173, 8197, 7874, 22551,
720, 0.719, 6168, 8200, 7883, 22560,
721, 0.72, 6164, 8204, 7891, 22569,
722, 0.721, 6163, 8205, 7893, 22572,
723, 0.722, 6162, 8207, 7897, 22577,
724, 0.723, 6159, 8210, 7904, 22585,
725, 0.724, 6154, 8214, 7912, 22593,
726, 0.725, 6154, 8214, 7913, 22594,
727, 0.726, 6151, 8218, 7920, 22603,
728, 0.727, 6149, 8219, 7923, 22605,
729, 0.728, 6147, 8221, 7927, 22611,
730, 0.729, 6144, 8223, 7932, 22616,
731, 0.73, 6143, 8224, 7934, 22618,
732, 0.731, 6138, 8227, 7942, 22625,
733, 0.732, 6136, 8230, 7947, 22632,
734, 0.733, 6133, 8232, 7952, 22637,
735, 0.734, 6132, 8233, 7955, 22641,
736, 0.735, 6128, 8235, 7961, 22645,
737, 0.736, 6123, 8240, 7970, 22655,
738, 0.737, 6124, 8240, 7971, 22657,
739, 0.738, 6121, 8242, 7976, 22662,
740, 0.739, 6119, 8245, 7981, 22668,
741, 0.74, 6118, 8245, 7982, 22669,
742, 0.741, 6114, 8249, 7991, 22679,
743, 0.742, 6109, 8253, 7999, 22689,
744, 0.743, 6108, 8253, 8000, 22689,
745, 0.744, 6106, 8256, 8006, 22696,
746, 0.745, 6104, 8258, 8010, 22700,
747, 0.746, 6103, 8258, 8010, 22699,
748, 0.747, 6099, 8263, 8021, 22712,
749, 0.748, 6095, 8265, 8025, 22716,
750, 0.749, 6093, 8266, 8029, 22720,
751, 0.75, 6091, 8267, 8032, 22723,
752, 0.751, 6084, 8274, 8046, 22738,
753, 0.752, 6083, 8274, 8048, 22739,
754, 0.753, 6082, 8275, 8050, 22742,
755, 0.754, 6078, 8279, 8058, 22751,
756, 0.755, 6074, 8281, 8064, 22755,
757, 0.756, 6073, 8283, 8067, 22760,
758, 0.757, 6072, 8284, 8068, 22761,
759, 0.758, 6068, 8287, 8077, 22769,
760, 0.759, 6064, 8290, 8084, 22779,
761, 0.76, 6063, 8291, 8086, 22780,
762, 0.761, 6061, 8292, 8089, 22784,
763, 0.762, 6058, 8295, 8096, 22791,
764, 0.763, 6058, 8296, 8097, 22793,
765, 0.764, 6053, 8300, 8105, 22802,
766, 0.765, 6049, 8302, 8112, 22809,
767, 0.766, 6048, 8304, 8115, 22813,
768, 0.767, 6045, 8306, 8119, 22817,
769, 0.768, 6042, 8308, 8124, 22822,
770, 0.769, 6042, 8308, 8125, 22824,
771, 0.77, 6037, 8312, 8134, 22832,
772, 0.771, 6033, 8315, 8140, 22838,
773, 0.772, 6033, 8317, 8144, 22843,
774, 0.773, 6030, 8319, 8148, 22847,
775, 0.774, 6027, 8320, 8153, 22852,
776, 0.775, 6023, 8324, 8161, 22862,
777, 0.776, 6022, 8325, 8163, 22864,
778, 0.777, 6020, 8327, 8167, 22866,
779, 0.778, 6017, 8329, 8172, 22871,
780, 0.779, 6017, 8329, 8173, 22873,
781, 0.78, 6012, 8332, 8181, 22881,
782, 0.781, 6008, 8336, 8189, 22891,
783, 0.782, 6007, 8337, 8191, 22893,
784, 0.783, 6005, 8339, 8195, 22898,
785, 0.784, 6002, 8342, 8201, 22904,
786, 0.785, 6001, 8341, 8202, 22904,
787, 0.786, 5997, 8346, 8211, 22915,
788, 0.787, 5992, 8350, 8220, 22923,
789, 0.788, 5992, 8350, 8220, 22924,
790, 0.789, 5989, 8353, 8227, 22932,
791, 0.79, 5987, 8354, 8230, 22935,
792, 0.791, 5985, 8356, 8234, 22937,
793, 0.792, 5982, 8358, 8239, 22944,
794, 0.793, 5977, 8363, 8249, 22956,
795, 0.794, 5978, 8363, 8250, 22956,
796, 0.795, 5974, 8365, 8254, 22961,
797, 0.796, 5972, 8367, 8258, 22964,
798, 0.797, 5970, 8368, 8261, 22966,
799, 0.798, 5967, 8371, 8268, 22974,
800, 0.799, 5967, 8372, 8269, 22975,
801, 0.8, 5960, 8376, 8280, 22987,
802, 0.801, 5957, 8379, 8287, 22994,
803, 0.802, 5952, 8382, 8294, 23003,
804, 0.803, 5952, 8383, 8297, 23005,
805, 0.804, 5949, 8385, 8300, 23007,
806, 0.805, 5946, 8387, 8306, 23014,
807, 0.806, 5946, 8387, 8306, 23014,
808, 0.807, 5941, 8392, 8315, 23024,
809, 0.808, 5938, 8394, 8321, 23030,
810, 0.809, 5936, 8396, 8324, 23033,
811, 0.81, 5936, 8398, 8328, 23039,
812, 0.811, 5931, 8399, 8334, 23042,
813, 0.812, 5931, 8400, 8334, 23044,
814, 0.813, 5926, 8404, 8344, 23055,
815, 0.814, 5922, 8407, 8350, 23060,
816, 0.815, 5921, 8408, 8352, 23062,
817, 0.816, 5919, 8409, 8355, 23065,
818, 0.817, 5916, 8412, 8362, 23073,
819, 0.818, 5916, 8413, 8363, 23074,
820, 0.819, 5910, 8415, 8371, 23082,
821, 0.82, 5906, 8419, 8380, 23091,
822, 0.821, 5906, 8421, 8382, 23095,
823, 0.822, 5902, 8422, 8387, 23098,
824, 0.823, 5901, 8424, 8391, 23103,
825, 0.824, 5900, 8425, 8393, 23106,
826, 0.825, 5895, 8428, 8400, 23112,
827, 0.826, 5891, 8432, 8408, 23121,
828, 0.827, 5891, 8432, 8410, 23122,
829, 0.828, 5888, 8435, 8415, 23130,
830, 0.829, 5885, 8436, 8419, 23131,
831, 0.83, 5884, 8437, 8420, 23133,
832, 0.831, 5880, 8440, 8427, 23140,
833, 0.832, 5876, 8443, 8435, 23149,
834, 0.833, 5875, 8445, 8438, 23153,
835, 0.834, 5873, 8446, 8441, 23156,
836, 0.835, 5870, 8448, 8447, 23161,
837, 0.836, 5865, 8451, 8455, 23169,
838, 0.837, 5865, 8452, 8457, 23172,
839, 0.838, 5861, 8455, 8463, 23177,
840, 0.839, 5860, 8456, 8466, 23179,
841, 0.84, 5858, 8457, 8469, 23183,
842, 0.841, 5854, 8460, 8474, 23189,
843, 0.842, 5851, 8464, 8482, 23199,
844, 0.843, 5849, 8464, 8484, 23200,
845, 0.844, 5847, 8466, 8489, 23204,
846, 0.845, 5844, 8468, 8493, 23208,
847, 0.846, 5843, 8469, 8496, 23212,
848, 0.847, 5839, 8472, 8502, 23218,
849, 0.848, 5839, 8472, 8502, 23218,
850, 0.849, 5834, 8476, 8512, 23229,
851, 0.85, 5831, 8479, 8517, 23234,
852, 0.851, 5825, 8483, 8529, 23246,
853, 0.852, 5824, 8484, 8531, 23247,
854, 0.853, 5821, 8486, 8536, 23254,
855, 0.854, 5818, 8488, 8539, 23257,
856, 0.855, 5814, 8492, 8549, 23267,
857, 0.856, 5814, 8492, 8549, 23267,
858, 0.857, 5811, 8495, 8555, 23274,
859, 0.858, 5809, 8496, 8558, 23277,
860, 0.859, 5807, 8498, 8562, 23281,
861, 0.86, 5804, 8500, 8568, 23288,
862, 0.861, 5798, 8503, 8576, 23293,
863, 0.862, 5798, 8504, 8577, 23296,
864, 0.863, 5796, 8505, 8581, 23300,
865, 0.864, 5794, 8509, 8587, 23308,
866, 0.865, 5792, 8509, 8589, 23308,
867, 0.866, 5788, 8512, 8596, 23317,
868, 0.867, 5784, 8516, 8604, 23326,
869, 0.868, 5783, 8516, 8605, 23326,
870, 0.869, 5782, 8517, 8607, 23327,
871, 0.87, 5778, 8520, 8615, 23336,
872, 0.871, 5779, 8520, 8615, 23336,
873, 0.872, 5773, 8524, 8624, 23344,
874, 0.873, 5769, 8528, 8631, 23353,
875, 0.874, 5769, 8529, 8634, 23356,
876, 0.875, 5766, 8530, 8637, 23360,
877, 0.876, 5762, 8531, 8642, 23363,
878, 0.877, 5763, 8533, 8644, 23367,
879, 0.878, 5757, 8536, 8651, 23374,
880, 0.879, 5753, 8540, 8660, 23381,
881, 0.88, 5753, 8540, 8661, 23384,
882, 0.881, 5750, 8543, 8667, 23390,
883, 0.882, 5748, 8544, 8670, 23394,
884, 0.883, 5746, 8546, 8674, 23399,
885, 0.884, 5743, 8548, 8680, 23403,
886, 0.885, 5742, 8548, 8681, 23404,
887, 0.886, 5738, 8552, 8689, 23414,
888, 0.887, 5734, 8554, 8695, 23419,
889, 0.888, 5733, 8556, 8699, 23423,
890, 0.889, 5731, 8557, 8701, 23424,
891, 0.89, 5727, 8559, 8707, 23430,
892, 0.891, 5723, 8563, 8715, 23439,
893, 0.892, 5722, 8564, 8717, 23441,
894, 0.893, 5720, 8566, 8720, 23445,
895, 0.894, 5717, 8567, 8725, 23449,
896, 0.895, 5712, 8572, 8735, 23460,
897, 0.896, 5711, 8571, 8734, 23459,
898, 0.897, 5708, 8574, 8741, 23466,
899, 0.898, 5706, 8575, 8744, 23468,
900, 0.899, 5705, 8576, 8747, 23471,
901, 0.9, 5701, 8579, 8753, 23478,
902, 0.901, 5696, 8582, 8761, 23486,
903, 0.902, 5696, 8584, 8764, 23488,
904, 0.903, 5691, 8587, 8772, 23495,
905, 0.904, 5686, 8589, 8779, 23503,
906, 0.905, 5686, 8590, 8780, 23505,
907, 0.906, 5684, 8593, 8785, 23511,
908, 0.907, 5681, 8594, 8790, 23515,
909, 0.908, 5681, 8595, 8791, 23516,
910, 0.909, 5675, 8598, 8799, 23525,
911, 0.91, 5671, 8601, 8806, 23531,
912, 0.911, 5670, 8602, 8808, 23532,
913, 0.912, 5668, 8604, 8812, 23537,
914, 0.913, 5665, 8605, 8816, 23540,
915, 0.914, 5661, 8610, 8826, 23551,
916, 0.915, 5660, 8610, 8827, 23552,
917, 0.916, 5657, 8612, 8832, 23558,
918, 0.917, 5655, 8614, 8835, 23561,
919, 0.918, 5653, 8616, 8840, 23566,
920, 0.919, 5650, 8618, 8845, 23571,
921, 0.92, 5649, 8619, 8847, 23573,
922, 0.921, 5645, 8621, 8854, 23579,
923, 0.922, 5641, 8624, 8861, 23587,
924, 0.923, 5640, 8626, 8864, 23590,
925, 0.924, 5639, 8628, 8867, 23595,
926, 0.925, 5634, 8629, 8872, 23598,
927, 0.926, 5635, 8630, 8873, 23601,
928, 0.927, 5629, 8633, 8881, 23607,
929, 0.928, 5626, 8636, 8888, 23614,
930, 0.929, 5624, 8637, 8890, 23617,
931, 0.93, 5623, 8638, 8893, 23619,
932, 0.931, 5619, 8641, 8900, 23626,
933, 0.932, 5614, 8645, 8909, 23636,
934, 0.933, 5614, 8645, 8909, 23638,
935, 0.934, 5610, 8648, 8916, 23645,
936, 0.935, 5609, 8649, 8918, 23647,
937, 0.936, 5606, 8651, 8923, 23652,
938, 0.937, 5604, 8653, 8927, 23654,
939, 0.938, 5603, 8654, 8930, 23658,
940, 0.939, 5599, 8657, 8937, 23665,
941, 0.94, 5599, 8657, 8937, 23666,
942, 0.941, 5594, 8661, 8946, 23674,
943, 0.942, 5589, 8664, 8953, 23681,
944, 0.943, 5589, 8664, 8955, 23684,
945, 0.944, 5588, 8667, 8959, 23691,
946, 0.945, 5583, 8667, 8963, 23689,
947, 0.946, 5578, 8671, 8972, 23700,
948, 0.947, 5578, 8672, 8974, 23702,
949, 0.948, 5575, 8674, 8978, 23705,
950, 0.949, 5573, 8676, 8982, 23710,
951, 0.95, 5571, 8676, 8984, 23711,
952, 0.951, 5564, 8681, 8997, 23724,
953, 0.952, 5562, 8682, 9000, 23727,
954, 0.953, 5561, 8684, 9004, 23731,
955, 0.954, 5557, 8686, 9009, 23736,
956, 0.955, 5556, 8687, 9010, 23738,
957, 0.956, 5552, 8690, 9018, 23746,
958, 0.957, 5547, 8693, 9026, 23752,
959, 0.958, 5547, 8694, 9027, 23754,
960, 0.959, 5545, 8696, 9032, 23760,
961, 0.96, 5542, 8698, 9036, 23763,
962, 0.961, 5541, 8698, 9037, 23765,
963, 0.962, 5537, 8701, 9045, 23773,
964, 0.963, 5532, 8705, 9053, 23780,
965, 0.964, 5532, 8705, 9053, 23781,
966, 0.965, 5528, 8707, 9059, 23786,
967, 0.966, 5526, 8708, 9063, 23790,
968, 0.967, 5525, 8709, 9065, 23791,
969, 0.968, 5521, 8712, 9072, 23798,
970, 0.969, 5516, 8715, 9080, 23806,
971, 0.97, 5516, 8716, 9080, 23807,
972, 0.971, 5512, 8718, 9086, 23812,
973, 0.972, 5511, 8720, 9089, 23816,
974, 0.975, 5617, 8814, 9183, 24099,
975, 0.976, 5508, 8738, 9119, 23861,
976, 0.977, 5501, 8739, 9125, 23863,
977, 0.978, 5499, 8737, 9123, 23857,
978, 0.979, 5495, 8739, 9129, 23862,
979, 0.98, 5494, 8741, 9133, 23868,
980, 0.981, 5491, 8742, 9136, 23868,
981, 0.982, 5494, 8748, 9148, 23885,
982, 0.983, 5497, 8751, 9152, 23893,
983, 0.984, 5485, 8750, 9153, 23889,
984, 0.985, 5480, 8752, 9159, 23894,
985, 0.986, 5480, 8753, 9161, 23897,
986, 0.987, 5477, 8756, 9166, 23903,
987, 0.988, 5474, 8756, 9169, 23904,
988, 0.989, 5473, 8757, 9171, 23904,
989, 0.99, 5469, 8760, 9178, 23912,
990, 0.991, 5466, 8764, 9185, 23921,
991, 0.992, 5464, 8764, 9187, 23923,
992, 0.993, 5462, 8766, 9192, 23928,
993, 0.994, 5464, 8771, 9202, 23937,
994, 0.995, 5457, 8767, 9196, 23928,
995, 0.996, 5453, 8770, 9203, 23936,
996, 0.997, 5449, 8773, 9211, 23943,
997, 0.998, 5449, 8774, 9213, 23947,
998, 0.999, 5446, 8775, 9217, 23949,
999, 0.0, 6632, 6318, 4843, 17760,
1000, 0.001, 6880, 5770, 3883, 16381,
