1, 0.0, 373, 313, 213, 889,
2, 0.001, 754, 641, 435, 1812,
3, 0.002, 754, 641, 435, 1811,
4, 0.003, 754, 640, 435, 1810,
5, 0.004, 753, 640, 435, 1809,
6, 0.005, 753, 640, 435, 1809,
7, 0.006, 753, 640, 435, 1809,
8, 0.007, 753, 640, 435, 1809,
9, 0.008, 753, 640, 435, 1809,
10, 0.009, 753, 640, 436, 1811,
11, 0.01, 752, 641, 437, 1812,
12, 0.011, 752, 640, 437, 1811,
13, 0.012, 752, 641, 438, 1813,
14, 0.013, 752, 641, 438, 1813,
15, 0.014, 752, 641, 439, 1813,
16, 0.015, 752, 642, 439, 1814,
17, 0.016, 752, 642, 440, 1816,
18, 0.017, 752, 642, 440, 1816,
19, 0.018, 751, 643, 441, 1817,
20, 0.019, 751, 643, 442, 1818,
21, 0.02, 751, 643, 442, 1819,
22, 0.021, 751, 644, 443, 1819,
23, 0.022, 751, 644, 443, 1820,
24, 0.023, 751, 644, 444, 1821,
25, 0.024, 751, 645, 445, 1823,
26, 0.025, 751, 645, 445, 1823,
27, 0.026, 751, 645, 446, 1824,
28, 0.027, 750, 646, 446, 1825,
29, 0.028, 750, 646, 446, 1825,
30, 0.029, 750, 646, 447, 1826,
31, 0.03, 750, 646, 447, 1827,
32, 0.031, 750, 647, 448, 1829,
33, 0.032, 750, 648, 449, 1830,
34, 0.033, 750, 648, 450, 1831,
35, 0.034, 750, 648, 450, 1831,
36, 0.035, 750, 648, 451, 1832,
37, 0.036, 750, 648, 451, 1832,
38, 0.037, 750, 649, 452, 1834,
39, 0.038, 750, 650, 453, 1836,
40, 0.039, 750, 650, 453, 1836,
41, 0.04, 750, 650, 454, 1837,
42, 0.041, 750, 651, 454, 1838,
43, 0.042, 749, 651, 454, 1838,
44, 0.043, 749, 651, 456, 1840,
45, 0.044, 749, 652, 457, 1842,
46, 0.045, 749, 652, 457, 1842,
47, 0.046, 749, 653, 457, 1843,
48, 0.047, 749, 653, 458, 1844,
49, 0.048, 749, 653, 458, 1844,
50, 0.049, 749, 654, 459, 1845,
51, 0.05, 749, 654, 460, 1847,
52, 0.051, 749, 655, 461, 1848,
53, 0.052, 749, 655, 461, 1850,
54, 0.053, 749, 655, 462, 1850,
55, 0.054, 749, 656, 463, 1852,
56, 0.055, 748, 656, 464, 1853,
57, 0.056, 748, 657, 464, 1853,
58, 0.057, 748, 657, 465, 1854,
59, 0.058, 748, 657, 465, 1855,
60, 0.059, 748, 658, 465, 1856,
61, 0.06, 748, 658, 466, 1857,
62, 0.061, 748, 659, 467, 1859,
63, 0.062, 748, 659, 468, 1859,
64, 0.063, 748, 659, 468, 1860,
65, 0.064, 748, 660, 469, 1861,
66, 0.065, 748, 660, 470, 1863,
67, 0.066, 748, 660, 470, 1863,
68, 0.067, 748, 661, 470, 1864,
69, 0.068, 748, 661, 471, 1865,
70, 0.069, 748, 661, 471, 1865,
71, 0.07, 748, 662, 472, 1867,
72, 0.071, 748, 663, 473, 1869,
73, 0.072, 747, 663, 473, 1869,
74, 0.073, 747, 663, 474, 1869,
75, 0.074, 747, 663, 475, 1871,
76, 0.075, 747, 664, 476, 1871,
77, 0.076, 747, 664, 476, 1873,
78, 0.077, 747, 665, 477, 1874,
79, 0.078, 747, 665, 477, 1875,
80, 0.079, 747, 665, 477, 1876,
81, 0.08, 747, 666, 478, 1877,
82, 0.081, 747, 666, 478, 1877,
83, 0.082, 747, 667, 479, 1879,
84, 0.083, 747, 667, 480, 1880,
85, 0.084, 747, 667, 481, 1881,
86, 0.085, 747, 668, 481, 1882,
87, 0.086, 747, 668, 482, 1883,
88, 0.087, 747, 668, 482, 1883,
89, 0.088, 747, 669, 483, 1885,
90, 0.089, 746, 669, 484, 1887,
91, 0.09, 746, 670, 484, 1887,
92, 0.091, 746, 670, 485, 1888,
93, 0.092, 746, 670, 486, 1889,
94, 0.093, 746, 671, 486, 1890,
95, 0.094, 746, 671, 487, 1891,
96, 0.095, 746, 672, 488, 1893,
97, 0.096, 746, 672, 488, 1893,
98, 0.097, 746, 672, 489, 1894,
99, 0.098, 746, 673, 489, 1895,
100, 0.099, 746, 673, 489, 1895,
101, 0.1, 746, 674, 491, 1898,
102, 0.101, 746, 674, 492, 1899,
103, 0.102, 746, 675, 492, 1900,
104, 0.103, 746, 675, 493, 1901,
105, 0.104, 746, 675, 493, 1902,
106, 0.105, 746, 676, 494, 1903,
107, 0.106, 746, 677, 495, 1905,
108, 0.107, 745, 677, 495, 1905,
109, 0.108, 745, 677, 496, 1906,
110, 0.109, 745, 677, 496, 1907,
111, 0.11, 745, 678, 497, 1908,
112, 0.111, 745, 678, 498, 1909,
113, 0.112, 745, 678, 498, 1909,
114, 0.113, 745, 679, 499, 1911,
115, 0.114, 745, 680, 500, 1913,
116, 0.115, 745, 680, 500, 1913,
117, 0.116, 745, 680, 501, 1914,
118, 0.117, 745, 681, 501, 1915,
119, 0.118, 745, 681, 501, 1915,
120, 0.119, 745, 681, 503, 1917,
121, 0.12, 745, 682, 503, 1919,
122, 0.121, 745, 682, 504, 1919,
123, 0.122, 745, 682, 504, 1920,
124, 0.123, 745, 683, 505, 1921,
125, 0.124, 745, 683, 506, 1923,
126, 0.125, 745, 684, 506, 1923,
127, 0.126, 745, 684, 507, 1924,
128, 0.127, 745, 685, 508, 1926,
129, 0.128, 745, 685, 508, 1926,
130, 0.129, 745, 685, 509, 1928,
131, 0.13, 745, 685, 509, 1928,
132, 0.131, 745, 686, 510, 1930,
133, 0.132, 745, 687, 511, 1931,
134, 0.133, 745, 687, 511, 1932,
135, 0.134, 744, 687, 512, 1933,
136, 0.135, 744, 688, 512, 1934,
137, 0.136, 744, 688, 513, 1934,
138, 0.137, 744, 689, 514, 1936,
139, 0.138, 744, 689, 515, 1938,
140, 0.139, 744, 689, 515, 1938,
141, 0.14, 744, 690, 516, 1939,
142, 0.141, 744, 690, 516, 1940,
143, 0.142, 744, 691, 517, 1941,
144, 0.143, 744, 691, 517, 1942,
145, 0.144, 744, 692, 519, 1942,
146, 0.145, 744, 692, 519, 1945,
147, 0.146, 744, 692, 519, 1946,
148, 0.147, 744, 693, 520, 1946,
149, 0.148, 744, 693, 520, 1947,
150, 0.149, 744, 694, 521, 1949,
151, 0.15, 744, 694, 521, 1949,
152, 0.151, 744, 695, 523, 1952,
153, 0.152, 744, 695, 524, 1953,
154, 0.153, 744, 695, 524, 1953,
155, 0.154, 744, 696, 525, 1955,
156, 0.155, 744, 696, 525, 1956,
157, 0.156, 744, 697, 526, 1957,
158, 0.157, 744, 697, 526, 1958,
159, 0.158, 743, 697, 527, 1959,
160, 0.159, 743, 698, 527, 1959,
161, 0.16, 743, 698, 529, 1961,
162, 0.161, 743, 699, 530, 1963,
163, 0.162, 743, 699, 530, 1963,
164, 0.163, 743, 700, 530, 1964,
165, 0.164, 743, 700, 531, 1965,
166, 0.165, 743, 700, 531, 1966,
167, 0.166, 743, 701, 532, 1968,
168, 0.167, 743, 702, 534, 1970,
169, 0.168, 743, 702, 534, 1970,
170, 0.169, 743, 702, 534, 1971,
171, 0.17, 743, 703, 535, 1972,
172, 0.171, 743, 703, 535, 1973,
173, 0.172, 743, 703, 536, 1974,
174, 0.173, 743, 703, 536, 1974,
175, 0.174, 743, 704, 537, 1976,
176, 0.175, 743, 705, 538, 1978,
177, 0.176, 743, 705, 538, 1978,
178, 0.177, 743, 705, 539, 1979,
179, 0.178, 743, 706, 540, 1980,
180, 0.179, 743, 706, 540, 1980,
181, 0.18, 743, 707, 541, 1982,
182, 0.181, 743, 707, 542, 1984,
183, 0.182, 743, 707, 542, 1984,
184, 0.183, 743, 708, 543, 1985,
185, 0.184, 743, 708, 543, 1986,
186, 0.185, 743, 709, 544, 1988,
187, 0.186, 743, 709, 545, 1989,
188, 0.187, 743, 710, 546, 1991,
189, 0.188, 743, 710, 546, 1991,
190, 0.189, 742, 711, 547, 1993,
191, 0.19, 743, 711, 547, 1993,
192, 0.191, 743, 711, 548, 1994,
193, 0.192, 742, 712, 548, 1995,
194, 0.193, 742, 712, 550, 1997,
195, 0.194, 742, 712, 550, 1997,
196, 0.195, 742, 713, 550, 1999,
197, 0.196, 742, 713, 551, 1999,
198, 0.197, 742, 713, 551, 2000,
199, 0.198, 742, 714, 552, 2001,
200, 0.199, 742, 715, 553, 2003,
201, 0.2, 742, 715, 554, 2004,
202, 0.201, 742, 716, 555, 2006,
203, 0.202, 742, 716, 556, 2006,
204, 0.203, 742, 716, 556, 2008,
205, 0.204, 742, 717, 557, 2009,
206, 0.205, 742, 717, 557, 2010,
207, 0.206, 742, 718, 557, 2011,
208, 0.207, 742, 718, 558, 2012,
209, 0.208, 742, 718, 558, 2012,
210, 0.209, 742, 719, 560, 2014,
211, 0.21, 742, 719, 560, 2015,
212, 0.211, 742, 720, 561, 2016,
213, 0.212, 742, 720, 561, 2017,
214, 0.213, 742, 721, 562, 2019,
215, 0.214, 742, 721, 563, 2018,
216, 0.215, 742, 721, 563, 2021,
217, 0.216, 742, 722, 564, 2022,
218, 0.217, 742, 722, 564, 2023,
219, 0.218, 742, 722, 565, 2023,
220, 0.219, 742, 723, 566, 2025,
221, 0.22, 742, 724, 567, 2027,
222, 0.221, 741, 724, 567, 2027,
223, 0.222, 742, 724, 567, 2028,
224, 0.223, 741, 725, 568, 2029,
225, 0.224, 741, 725, 568, 2029,
226, 0.225, 741, 726, 570, 2031,
227, 0.226, 741, 726, 570, 2033,
228, 0.227, 741, 726, 571, 2034,
229, 0.228, 741, 727, 571, 2034,
230, 0.229, 741, 727, 572, 2036,
231, 0.23, 741, 728, 573, 2038,
232, 0.231, 741, 728, 573, 2038,
233, 0.232, 741, 729, 574, 2039,
234, 0.233, 741, 729, 575, 2040,
235, 0.234, 741, 729, 575, 2041,
236, 0.235, 741, 730, 576, 2042,
237, 0.236, 741, 730, 576, 2042,
238, 0.237, 741, 730, 577, 2044,
239, 0.238, 741, 731, 578, 2046,
240, 0.239, 741, 731, 578, 2046,
241, 0.24, 741, 732, 579, 2047,
242, 0.241, 741, 732, 580, 2048,
243, 0.242, 741, 733, 581, 2050,
244, 0.243, 741, 733, 581, 2050,
245, 0.244, 741, 733, 581, 2051,
246, 0.245, 741, 734, 582, 2053,
247, 0.246, 741, 734, 582, 2053,
248, 0.247, 741, 734, 583, 2055,
249, 0.248, 741, 735, 584, 2056,
250, 0.249, 740, 735, 584, 2057,
251, 0.25, 740, 736, 585, 2058,
252, 0.251, 740, 737, 587, 2061,
253, 0.252, 740, 737, 587, 2061,
254, 0.253, 740, 737, 588, 2062,
255, 0.254, 740, 738, 588, 2063,
256, 0.255, 740, 738, 589, 2064,
257, 0.256, 740, 739, 590, 2065,
258, 0.257, 740, 739, 591, 2067,
259, 0.258, 740, 739, 591, 2067,
260, 0.259, 740, 740, 592, 2069,
261, 0.26, 740, 740, 592, 2069,
262, 0.261, 740, 741, 592, 2070,
263, 0.262, 740, 741, 593, 2072,
264, 0.263, 740, 741, 593, 2072,
265, 0.264, 740, 742, 594, 2074,
266, 0.265, 740, 743, 595, 2075,
267, 0.266, 740, 743, 596, 2076,
268, 0.267, 740, 743, 596, 2077,
269, 0.268, 740, 744, 597, 2078,
270, 0.269, 740, 744, 597, 2078,
271, 0.27, 740, 744, 598, 2080,
272, 0.271, 740, 745, 599, 2082,
273, 0.272, 740, 745, 599, 2082,
274, 0.273, 740, 746, 600, 2083,
275, 0.274, 740, 746, 601, 2084,
276, 0.275, 740, 746, 601, 2085,
277, 0.276, 740, 747, 602, 2087,
278, 0.277, 740, 747, 602, 2087,
279, 0.278, 739, 748, 603, 2089,
280, 0.279, 739, 748, 604, 2091,
281, 0.28, 740, 749, 604, 2091,
282, 0.281, 739, 749, 605, 2092,
283, 0.282, 739, 749, 606, 2093,
284, 0.283, 739, 750, 606, 2093,
285, 0.284, 739, 750, 607, 2095,
286, 0.285, 739, 751, 608, 2097,
287, 0.286, 739, 751, 608, 2097,
288, 0.287, 739, 752, 609, 2099,
289, 0.288, 739, 752, 609, 2099,
290, 0.289, 739, 752, 610, 2100,
291, 0.29, 739, 753, 611, 2101,
292, 0.291, 739, 753, 611, 2102,
293, 0.292, 739, 753, 612, 2103,
294, 0.293, 739, 754, 613, 2105,
295, 0.294, 739, 754, 613, 2106,
296, 0.295, 739, 755, 614, 2107,
297, 0.296, 739, 755, 614, 2108,
298, 0.297, 739, 755, 615, 2108,
299, 0.298, 739, 756, 616, 2110,
300, 0.299, 739, 757, 617, 2112,
301, 0.3, 739, 758, 618, 2112,
302, 0.301, 739, 758, 618, 2114,
303, 0.302, 739, 758, 619, 2116,
304, 0.303, 739, 758, 619, 2116,
305, 0.304, 739, 759, 620, 2117,
306, 0.305, 738, 759, 621, 2118,
307, 0.306, 738, 759, 621, 2119,
308, 0.307, 738, 760, 622, 2121,
309, 0.308, 738, 761, 623, 2123,
310, 0.309, 738, 761, 623, 2123,
311, 0.31, 738, 762, 624, 2124,
312, 0.311, 738, 762, 624, 2125,
313, 0.312, 738, 762, 625, 2126,
314, 0.313, 738, 763, 626, 2127,
315, 0.314, 738, 763, 626, 2127,
316, 0.315, 738, 763, 627, 2129,
317, 0.316, 738, 764, 628, 2131,
318, 0.317, 738, 764, 628, 2131,
319, 0.318, 738, 765, 629, 2132,
320, 0.319, 738, 765, 630, 2134,
321, 0.32, 738, 766, 631, 2136,
322, 0.321, 738, 766, 631, 2136,
323, 0.322, 738, 766, 632, 2137,
324, 0.323, 738, 767, 632, 2138,
325, 0.324, 738, 767, 632, 2138,
326, 0.325, 738, 768, 633, 2140,
327, 0.326, 738, 768, 634, 2142,
328, 0.327, 738, 769, 635, 2142,
329, 0.328, 738, 769, 635, 2143,
330, 0.329, 738, 769, 636, 2145,
331, 0.33, 738, 769, 636, 2145,
332, 0.331, 738, 770, 637, 2147,
333, 0.332, 738, 771, 638, 2148,
334, 0.333, 738, 771, 639, 2149,
335, 0.334, 738, 771, 639, 2150,
336, 0.335, 738, 772, 640, 2151,
337, 0.336, 738, 772, 640, 2152,
338, 0.337, 738, 773, 641, 2154,
339, 0.338, 738, 774, 642, 2155,
340, 0.339, 738, 774, 642, 2156,
341, 0.34, 738, 774, 643, 2157,
342, 0.341, 738, 774, 644, 2158,
343, 0.342, 737, 775, 645, 2160,
344, 0.343, 738, 775, 645, 2160,
345, 0.344, 738, 776, 645, 2161,
346, 0.345, 737, 776, 646, 2162,
347, 0.346, 737, 776, 646, 2162,
348, 0.347, 737, 777, 647, 2164,
349, 0.348, 737, 778, 648, 2166,
350, 0.349, 737, 778, 649, 2166,
351, 0.35, 737, 778, 649, 2167,
352, 0.351, 737, 779, 651, 2170,
353, 0.352, 737, 779, 651, 2170,
354, 0.353, 737, 779, 651, 2170,
355, 0.354, 737, 780, 652, 2173,
356, 0.355, 737, 781, 653, 2174,
357, 0.356, 737, 781, 654, 2175,
358, 0.357, 737, 782, 654, 2176,
359, 0.358, 737, 782, 655, 2177,
360, 0.359, 737, 782, 655, 2177,
361, 0.36, 737, 783, 656, 2179,
362, 0.361, 737, 784, 657, 2181,
363, 0.362, 737, 784, 657, 2181,
364, 0.363, 737, 784, 658, 2182,
365, 0.364, 737, 784, 659, 2183,
366, 0.365, 737, 785, 659, 2184,
367, 0.366, 737, 785, 660, 2185,
368, 0.367, 737, 786, 661, 2187,
369, 0.368, 737, 786, 661, 2188,
370, 0.369, 737, 786, 661, 2188,
371, 0.37, 737, 787, 662, 2190,
372, 0.371, 737, 788, 664, 2192,
373, 0.372, 737, 788, 664, 2192,
374, 0.373, 736, 788, 664, 2194,
375, 0.374, 737, 789, 665, 2194,
376, 0.375, 736, 789, 665, 2195,
377, 0.376, 736, 789, 666, 2196,
378, 0.377, 736, 790, 667, 2198,
379, 0.378, 736, 790, 667, 2198,
380, 0.379, 736, 791, 668, 2200,
381, 0.38, 736, 791, 669, 2200,
382, 0.381, 736, 791, 669, 2201,
383, 0.382, 736, 792, 670, 2202,
384, 0.383, 736, 792, 671, 2204,
385, 0.384, 736, 793, 671, 2205,
386, 0.385, 736, 793, 671, 2205,
387, 0.386, 736, 794, 672, 2207,
388, 0.387, 736, 794, 673, 2209,
389, 0.388, 736, 795, 674, 2209,
390, 0.389, 736, 795, 674, 2210,
391, 0.39, 736, 795, 675, 2212,
392, 0.391, 736, 796, 676, 2213,
393, 0.392, 736, 796, 676, 2214,
394, 0.393, 736, 797, 677, 2215,
395, 0.394, 736, 797, 678, 2216,
396, 0.395, 736, 797, 678, 2216,
397, 0.396, 736, 798, 679, 2218,
398, 0.397, 736, 799, 680, 2220,
399, 0.398, 736, 799, 680, 2220,
400, 0.399, 736, 799, 681, 2221,
401, 0.4, 736, 800, 682, 2224,
402, 0.401, 736, 800, 683, 2225,
403, 0.402, 736, 801, 683, 2226,
404, 0.403, 736, 801, 684, 2227,
405, 0.404, 736, 801, 684, 2227,
406, 0.405, 736, 802, 685, 2229,
407, 0.406, 736, 803, 686, 2231,
408, 0.407, 736, 803, 686, 2231,
409, 0.408, 736, 803, 687, 2232,
410, 0.409, 735, 804, 688, 2233,
411, 0.41, 735, 804, 688, 2234,
412, 0.411, 735, 804, 689, 2235,
413, 0.412, 735, 805, 689, 2235,
414, 0.413, 735, 805, 690, 2237,
415, 0.414, 735, 806, 691, 2239,
416, 0.415, 735, 806, 691, 2240,
417, 0.416, 735, 807, 692, 2241,
418, 0.417, 735, 807, 692, 2242,
419, 0.418, 735, 807, 693, 2242,
420, 0.419, 735, 808, 694, 2244,
421, 0.42, 735, 808, 694, 2244,
422, 0.421, 735, 809, 695, 2246,
423, 0.422, 735, 809, 696, 2247,
424, 0.423, 735, 809, 696, 2248,
425, 0.424, 735, 810, 697, 2249,
426, 0.425, 735, 810, 698, 2250,
427, 0.426, 735, 811, 698, 2251,
428, 0.427, 735, 811, 699, 2252,
429, 0.428, 735, 812, 700, 2254,
430, 0.429, 735, 812, 700, 2254,
431, 0.43, 735, 812, 701, 2256,
432, 0.431, 735, 813, 701, 2256,
433, 0.432, 735, 813, 702, 2257,
434, 0.433, 734, 814, 703, 2258,
435, 0.434, 734, 814, 704, 2260,
436, 0.435, 734, 814, 704, 2261,
437, 0.436, 734, 815, 705, 2262,
438, 0.437, 734, 815, 705, 2263,
439, 0.438, 734, 815, 705, 2263,
440, 0.439, 734, 816, 706, 2265,
441, 0.44, 734, 816, 706, 2265,
442, 0.441, 734, 817, 708, 2267,
443, 0.442, 734, 817, 708, 2268,
444, 0.443, 734, 818, 709, 2269,
445, 0.444, 734, 818, 709, 2270,
446, 0.445, 734, 818, 710, 2271,
447, 0.446, 734, 819, 710, 2272,
448, 0.447, 734, 819, 711, 2274,
449, 0.448, 734, 820, 712, 2275,
450, 0.449, 734, 820, 713, 2276,
451, 0.45, 734, 821, 713, 2277,
452, 0.451, 734, 822, 715, 2280,
453, 0.452, 734, 822, 715, 2280,
454, 0.453, 734, 822, 716, 2281,
455, 0.454, 734, 823, 716, 2282,
456, 0.455, 734, 823, 716, 2282,
457, 0.456, 734, 823, 718, 2284,
458, 0.457, 734, 824, 719, 2286,
459, 0.458, 733, 824, 719, 2286,
460, 0.459, 733, 825, 719, 2287,
461, 0.46, 733, 825, 720, 2288,
462, 0.461, 733, 825, 720, 2288,
463, 0.462, 733, 826, 721, 2290,
464, 0.463, 733, 827, 722, 2292,
465, 0.464, 733, 827, 723, 2293,
466, 0.465, 733, 827, 723, 2293,
467, 0.466, 733, 827, 724, 2295,
468, 0.467, 733, 828, 724, 2295,
469, 0.468, 733, 828, 725, 2297,
470, 0.469, 733, 829, 726, 2298,
471, 0.47, 733, 829, 726, 2299,
472, 0.471, 733, 829, 727, 2300,
473, 0.472, 733, 830, 728, 2301,
474, 0.473, 733, 830, 728, 2301,
475, 0.474, 733, 831, 729, 2303,
476, 0.475, 733, 832, 730, 2305,
477, 0.476, 733, 832, 730, 2305,
478, 0.477, 733, 832, 731, 2307,
479, 0.478, 733, 832, 731, 2307,
480, 0.479, 733, 833, 732, 2308,
481, 0.48, 733, 833, 733, 2310,
482, 0.481, 733, 834, 734, 2311,
483, 0.482, 733, 834, 734, 2312,
484, 0.483, 733, 835, 735, 2313,
485, 0.484, 732, 835, 735, 2314,
486, 0.485, 732, 835, 736, 2314,
487, 0.486, 732, 836, 736, 2316,
488, 0.487, 732, 836, 737, 2318,
489, 0.488, 732, 837, 738, 2318,
490, 0.489, 732, 837, 738, 2319,
491, 0.49, 732, 837, 739, 2320,
492, 0.491, 732, 837, 739, 2320,
493, 0.492, 732, 838, 740, 2322,
494, 0.493, 732, 839, 741, 2324,
495, 0.494, 732, 839, 741, 2324,
496, 0.495, 732, 839, 742, 2325,
497, 0.496, 732, 840, 743, 2326,
498, 0.497, 732, 841, 744, 2329,
499, 0.498, 732, 841, 744, 2329,
500, 0.499, 732, 841, 744, 2329,
501, 0.5, 731, 843, 748, 2334,
502, 0.501, 730, 846, 753, 2342,
503, 0.502, 729, 847, 756, 2346,
504, 0.503, 729, 848, 758, 2348,
505, 0.504, 728, 849, 758, 2349,
506, 0.505, 728, 848, 758, 2348,
507, 0.506, 728, 849, 758, 2349,
508, 0.507, 728, 849, 759, 2349,
509, 0.508, 728, 849, 759, 2349,
510, 0.509, 727, 850, 761, 2352,
511, 0.51, 727, 850, 760, 2351,
512, 0.511, 727, 849, 760, 2350,
513, 0.512, 726, 850, 762, 2353,
514, 0.513, 726, 850, 762, 2353,
515, 0.514, 726, 851, 763, 2354,
516, 0.515, 726, 851, 763, 2354,
517, 0.516, 726, 851, 763, 2354,
518, 0.517, 725, 852, 765, 2356,
519, 0.518, 725, 851, 763, 2354,
520, 0.519, 725, 852, 766, 2358,
521, 0.52, 724, 852, 767, 2358,
522, 0.521, 724, 853, 768, 2360,
523, 0.522, 724, 854, 768, 2361,
524, 0.523, 724, 853, 768, 2360,
525, 0.524, 724, 853, 767, 2359,
526, 0.525, 723, 854, 769, 2361,
527, 0.526, 723, 855, 771, 2363,
528, 0.527, 723, 853, 769, 2360,
529, 0.528, 723, 853, 769, 2360,
530, 0.529, 722, 854, 770, 2361,
531, 0.53, 722, 854, 770, 2362,
532, 0.531, 722, 854, 771, 2363,
533, 0.532, 722, 855, 771, 2363,
534, 0.533, 721, 855, 772, 2364,
535, 0.534, 722, 855, 772, 2365,
536, 0.535, 721, 855, 773, 2365,
537, 0.536, 720, 856, 774, 2367,
538, 0.537, 720, 856, 774, 2367,
539, 0.538, 720, 856, 775, 2368,
540, 0.539, 720, 856, 775, 2368,
541, 0.54, 720, 857, 776, 2369,
542, 0.541, 719, 857, 776, 2369,
543, 0.542, 719, 857, 777, 2370,
544, 0.543, 719, 857, 777, 2370,
545, 0.544, 718, 858, 779, 2372,
546, 0.545, 718, 858, 779, 2372,
547, 0.546, 718, 858, 779, 2373,
548, 0.547, 718, 858, 780, 2373,
549, 0.548, 717, 859, 780, 2373,
550, 0.549, 717, 859, 782, 2375,
551, 0.55, 717, 859, 781, 2374,
552, 0.551, 716, 860, 782, 2376,
553, 0.552, 716, 860, 783, 2376,
554, 0.553, 716, 862, 787, 2379,
555, 0.554, 715, 862, 787, 2382,
556, 0.555, 715, 863, 788, 2383,
557, 0.556, 714, 862, 788, 2383,
558, 0.557, 714, 863, 788, 2383,
559, 0.558, 714, 863, 789, 2385,
560, 0.559, 713, 864, 790, 2386,
561, 0.56, 714, 863, 790, 2385,
562, 0.561, 713, 864, 790, 2385,
563, 0.562, 713, 864, 791, 2387,
564, 0.563, 713, 864, 791, 2386,
565, 0.564, 713, 864, 791, 2386,
566, 0.565, 712, 864, 792, 2387,
567, 0.566, 712, 864, 792, 2387,
568, 0.567, 712, 864, 792, 2387,
569, 0.568, 712, 865, 793, 2389,
570, 0.569, 712, 865, 794, 2390,
571, 0.57, 711, 866, 796, 2392,
572, 0.571, 711, 865, 795, 2390,
573, 0.572, 711, 866, 795, 2391,
574, 0.573, 710, 866, 796, 2391,
575, 0.574, 710, 867, 797, 2393,
576, 0.575, 710, 866, 796, 2393,
577, 0.576, 710, 867, 798, 2394,
578, 0.577, 709, 867, 798, 2394,
579, 0.578, 709, 867, 798, 2394,
580, 0.579, 709, 867, 799, 2395,
581, 0.58, 709, 868, 799, 2396,
582, 0.581, 709, 868, 799, 2396,
583, 0.582, 708, 868, 800, 2397,
584, 0.583, 708, 869, 801, 2398,
585, 0.584, 708, 869, 801, 2398,
586, 0.585, 708, 869, 802, 2399,
587, 0.586, 707, 869, 802, 2399,
588, 0.587, 707, 869, 803, 2399,
589, 0.588, 707, 870, 803, 2400,
590, 0.589, 706, 870, 805, 2402,
591, 0.59, 706, 870, 805, 2402,
592, 0.591, 706, 870, 805, 2403,
593, 0.592, 705, 871, 807, 2405,
594, 0.593, 705, 871, 807, 2405,
595, 0.594, 705, 871, 807, 2405,
596, 0.595, 705, 871, 807, 2405,
597, 0.596, 704, 873, 810, 2408,
598, 0.597, 704, 872, 810, 2407,
599, 0.598, 704, 872, 810, 2407,
600, 0.599, 703, 873, 811, 2408,
601, 0.6, 703, 874, 812, 2410,
602, 0.601, 703, 873, 812, 2410,
603, 0.602, 702, 874, 812, 2411,
604, 0.603, 702, 874, 812, 2411,
605, 0.604, 702, 874, 813, 2411,
606, 0.605, 702, 874, 814, 2412,
607, 0.606, 701, 875, 814, 2413,
608, 0.607, 701, 875, 815, 2413,
609, 0.608, 701, 875, 815, 2414,
610, 0.609, 701, 875, 816, 2414,
611, 0.61, 701, 875, 816, 2414,
612, 0.611, 700, 876, 817, 2415,
613, 0.612, 700, 876, 818, 2417,
614, 0.613, 700, 876, 818, 2417,
615, 0.614, 699, 876, 819, 2417,
616, 0.615, 699, 877, 819, 2418,
617, 0.616, 699, 877, 819, 2419,
618, 0.617, 698, 878, 821, 2420,
619, 0.618, 698, 878, 822, 2421,
620, 0.619, 698, 878, 822, 2422,
621, 0.62, 698, 879, 823, 2422,
622, 0.621, 697, 879, 823, 2423,
623, 0.622, 697, 879, 823, 2423,
624, 0.623, 697, 880, 825, 2425,
625, 0.624, 697, 880, 825, 2425,
626, 0.625, 697, 880, 825, 2426,
627, 0.626, 696, 880, 826, 2427,
628, 0.627, 696, 880, 826, 2427,
629, 0.628, 696, 881, 828, 2429,
630, 0.629, 696, 880, 827, 2427,
631, 0.63, 695, 881, 828, 2429,
632, 0.631, 695, 881, 828, 2429,
633, 0.632, 695, 881, 829, 2430,
634, 0.633, 695, 882, 829, 2430,
635, 0.634, 694, 882, 830, 2430,
636, 0.635, 694, 882, 830, 2431,
637, 0.636, 694, 882, 830, 2431,
638, 0.637, 694, 883, 831, 2432,
639, 0.638, 693, 883, 832, 2433,
640, 0.639, 693, 883, 833, 2434,
641, 0.64, 693, 883, 833, 2434,
642, 0.641, 693, 884, 834, 2435,
643, 0.642, 692, 884, 834, 2436,
644, 0.643, 692, 884, 834, 2436,
645, 0.644, 691, 885, 837, 2439,
646, 0.645, 691, 885, 836, 2438,
647, 0.646, 691, 885, 836, 2438,
648, 0.647, 691, 885, 837, 2438,
649, 0.648, 691, 885, 837, 2439,
650, 0.649, 690, 885, 838, 2439,
651, 0.65, 690, 886, 839, 2441,
652, 0.651, 690, 886, 839, 2441,
653, 0.652, 689, 886, 840, 2442,
654, 0.653, 689, 886, 841, 2442,
655, 0.654, 689, 887, 841, 2443,
656, 0.655, 688, 887, 842, 2444,
657, 0.656, 688, 887, 842, 2444,
658, 0.657, 688, 888, 844, 2446,
659, 0.658, 687, 889, 845, 2448,
660, 0.659, 687, 889, 845, 2448,
661, 0.66, 687, 889, 846, 2449,
662, 0.661, 686, 889, 846, 2449,
663, 0.662, 687, 889, 846, 2449,
664, 0.663, 686, 890, 847, 2450,
665, 0.664, 686, 890, 847, 2450,
666, 0.665, 686, 890, 847, 2450,
667, 0.666, 685, 890, 848, 2451,
668, 0.667, 685, 890, 848, 2451,
669, 0.668, 685, 891, 849, 2452,
670, 0.669, 685, 891, 849, 2453,
671, 0.67, 684, 891, 850, 2453,
672, 0.671, 684, 891, 850, 2454,
673, 0.672, 684, 892, 851, 2455,
674, 0.673, 683, 892, 853, 2456,
675, 0.674, 683, 893, 854, 2458,
676, 0.675, 683, 893, 855, 2459,
677, 0.676, 683, 894, 855, 2459,
678, 0.677, 683, 893, 854, 2458,
679, 0.678, 682, 893, 855, 2458,
680, 0.679, 682, 893, 855, 2459,
681, 0.68, 682, 894, 856, 2459,
682, 0.681, 682, 894, 856, 2460,
683, 0.682, 681, 894, 857, 2460,
684, 0.683, 681, 895, 858, 2462,
685, 0.684, 681, 895, 858, 2462,
686, 0.685, 680, 895, 859, 2463,
687, 0.686, 680, 895, 859, 2463,
688, 0.687, 680, 895, 860, 2464,
689, 0.688, 680, 896, 860, 2465,
690, 0.689, 679, 896, 860, 2465,
691, 0.69, 679, 896, 861, 2466,
692, 0.691, 679, 896, 861, 2466,
693, 0.692, 679, 897, 862, 2467,
694, 0.693, 678, 897, 863, 2468,
695, 0.694, 678, 897, 863, 2468,
696, 0.695, 678, 897, 864, 2469,
697, 0.696, 678, 898, 864, 2470,
698, 0.697, 677, 898, 865, 2470,
699, 0.698, 677, 898, 865, 2471,
700, 0.699, 677, 898, 866, 2471,
701, 0.7, 677, 898, 866, 2472,
702, 0.701, 676, 899, 867, 2473,
703, 0.702, 676, 899, 868, 2473,
704, 0.703, 676, 899, 869, 2474,
705, 0.704, 675, 900, 869, 2475,
706, 0.705, 675, 900, 870, 2476,
707, 0.706, 675, 900, 870, 2476,
708, 0.707, 674, 900, 871, 2476,
709, 0.708, 674, 900, 871, 2477,
710, 0.709, 674, 901, 872, 2478,
711, 0.71, 673, 901, 873, 2479,
712, 0.711, 673, 902, 874, 2480,
713, 0.712, 673, 901, 873, 2479,
714, 0.713, 673, 902, 874, 2480,
715, 0.714, 673, 902, 874, 2480,
716, 0.715, 672, 902, 875, 2481,
717, 0.716, 672, 903, 876, 2482,
718, 0.717, 672, 903, 876, 2482,
719, 0.718, 672, 903, 876, 2482,
720, 0.719, 671, 903, 877, 2483,
721, 0.72, 671, 904, 878, 2485,
722, 0.721, 671, 903, 878, 2484,
723, 0.722, 670, 904, 879, 2485,
724, 0.723, 670, 904, 879, 2485,
725, 0.724, 670, 904, 880, 2486,
726, 0.725, 670, 905, 880, 2486,
727, 0.726, 670, 905, 880, 2487,
728, 0.727, 669, 906, 882, 2489,
729, 0.728, 668, 906, 883, 2490,
730, 0.729, 668, 906, 884, 2491,
731, 0.73, 668, 906, 883, 2489,
732, 0.731, 668, 906, 884, 2490,
733, 0.732, 668, 906, 884, 2491,
734, 0.733, 667, 907, 886, 2493,
735, 0.734, 667, 907, 886, 2493,
736, 0.735, 666, 908, 887, 2494,
737, 0.736, 666, 908, 888, 2496,
738, 0.737, 666, 908, 888, 2495,
739, 0.738, 666, 907, 887, 2494,
740, 0.739, 666, 908, 888, 2495,
741, 0.74, 665, 909, 889, 2497,
742, 0.741, 665, 908, 889, 2496,
743, 0.742, 665, 909, 889, 2496,
744, 0.743, 665, 909, 890, 2497,
745, 0.744, 665, 909, 890, 2498,
746, 0.745, 664, 909, 891, 2498,
747, 0.746, 664, 909, 891, 2498,
748, 0.747, 663, 910, 892, 2499,
749, 0.748, 663, 910, 893, 2500,
750, 0.749, 663, 910, 893, 2500,
751, 0.75, 663, 910, 893, 2501,
752, 0.751, 662, 911, 895, 2502,
753, 0.752, 662, 911, 895, 2503,
754, 0.753, 661, 911, 896, 2503,
755, 0.754, 661, 912, 896, 2504,
756, 0.755, 661, 912, 897, 2505,
757, 0.756, 661, 912, 897, 2505,
758, 0.757, 660, 912, 898, 2506,
759, 0.758, 660, 912, 898, 2506,
760, 0.759, 660, 913, 898, 2506,
761, 0.76, 660, 913, 899, 2507,
762, 0.761, 659, 914, 901, 2510,
763, 0.762, 659, 914, 902, 2510,
764, 0.763, 658, 914, 902, 2511,
765, 0.764, 658, 914, 902, 2511,
766, 0.765, 658, 915, 903, 2511,
767, 0.766, 658, 915, 903, 2512,
768, 0.767, 657, 915, 904, 2513,
769, 0.768, 657, 916, 905, 2513,
770, 0.769, 657, 916, 905, 2514,
771, 0.77, 657, 916, 906, 2515,
772, 0.771, 657, 916, 906, 2515,
773, 0.772, 656, 916, 906, 2516,
774, 0.773, 656, 917, 908, 2517,
775, 0.774, 656, 917, 908, 2517,
776, 0.775, 655, 917, 909, 2518,
777, 0.776, 655, 917, 909, 2518,
778, 0.777, 655, 918, 910, 2519,
779, 0.778, 654, 918, 910, 2520,
780, 0.779, 654, 918, 910, 2520,
781, 0.78, 654, 919, 911, 2521,
782, 0.781, 653, 919, 912, 2522,
783, 0.782, 653, 919, 912, 2522,
784, 0.783, 653, 919, 912, 2521,
785, 0.784, 653, 919, 912, 2521,
786, 0.785, 653, 919, 913, 2522,
787, 0.786, 653, 919, 913, 2523,
788, 0.787, 652, 919, 913, 2523,
789, 0.788, 652, 920, 914, 2524,
790, 0.789, 652, 920, 915, 2525,
791, 0.79, 652, 920, 915, 2525,
792, 0.791, 651, 920, 916, 2526,
793, 0.792, 651, 921, 917, 2527,
794, 0.793, 651, 921, 918, 2528,
795, 0.794, 650, 922, 918, 2528,
796, 0.795, 650, 922, 918, 2529,
797, 0.796, 650, 922, 920, 2530,
798, 0.797, 649, 923, 920, 2531,
799, 0.798, 649, 923, 921, 2531,
800, 0.799, 649, 922, 920, 2530,
801, 0.8, 648, 923, 922, 2532,
802, 0.801, 648, 923, 922, 2532,
803, 0.802, 648, 923, 922, 2532,
804, 0.803, 648, 923, 922, 2532,
805, 0.804, 648, 923, 922, 2532,
806, 0.805, 647, 924, 924, 2534,
807, 0.806, 647, 924, 925, 2535,
808, 0.807, 647, 924, 925, 2535,
809, 0.808, 646, 925, 926, 2536,
810, 0.809, 646, 925, 926, 2537,
811, 0.81, 646, 925, 927, 2537,
812, 0.811, 646, 925, 927, 2537,
813, 0.812, 646, 925, 927, 2537,
814, 0.813, 645, 926, 929, 2540,
815, 0.814, 645, 926, 928, 2539,
816, 0.815, 644, 926, 929, 2540,
817, 0.816, 644, 926, 929, 2539,
818, 0.817, 644, 927, 931, 2542,
819, 0.818, 643, 927, 931, 2542,
820, 0.819, 643, 927, 931, 2542,
821, 0.82, 643, 928, 932, 2543,
822, 0.821, 642, 928, 933, 2543,
823, 0.822, 642, 928, 933, 2544,
824, 0.823, 642, 928, 934, 2545,
825, 0.824, 642, 928, 934, 2544,
826, 0.825, 642, 928, 934, 2544,
827, 0.826, 641, 928, 934, 2545,
828, 0.827, 641, 928, 935, 2545,
829, 0.828, 641, 929, 935, 2545,
830, 0.829, 640, 929, 936, 2546,
831, 0.83, 640, 929, 936, 2546,
832, 0.831, 640, 929, 937, 2547,
833, 0.832, 639, 930, 938, 2548,
834, 0.833, 639, 930, 938, 2549,
835, 0.834, 639, 930, 938, 2549,
836, 0.835, 639, 931, 940, 2551,
837, 0.836, 639, 931, 940, 2551,
838, 0.837, 638, 931, 940, 2551,
839, 0.838, 638, 932, 942, 2553,
840, 0.839, 638, 931, 941, 2552,
841, 0.84, 637, 932, 942, 2553,
842, 0.841, 637, 932, 943, 2554,
843, 0.842, 636, 932, 943, 2554,
844, 0.843, 636, 932, 944, 2555,
845, 0.844, 636, 932, 944, 2554,
846, 0.845, 636, 932, 944, 2555,
847, 0.846, 636, 933, 945, 2556,
848, 0.847, 635, 933, 945, 2556,
849, 0.848, 635, 934, 947, 2558,
850, 0.849, 635, 934, 947, 2558,
851, 0.85, 634, 934, 948, 2559,
852, 0.851, 634, 934, 949, 2560,
853, 0.852, 634, 935, 949, 2560,
854, 0.853, 633, 935, 949, 2561,
855, 0.854, 633, 935, 950, 2561,
856, 0.855, 633, 935, 949, 2560,
857, 0.856, 633, 935, 950, 2561,
858, 0.857, 632, 936, 952, 2563,
859, 0.858, 632, 936, 952, 2564,
860, 0.859, 632, 936, 952, 2564,
861, 0.86, 631, 936, 953, 2564,
862, 0.861, 631, 936, 952, 2563,
863, 0.862, 631, 936, 953, 2564,
864, 0.863, 631, 936, 953, 2565,
865, 0.864, 630, 937, 954, 2565,
866, 0.865, 630, 937, 955, 2566,
867, 0.866, 630, 937, 955, 2567,
868, 0.867, 630, 937, 955, 2566,
869, 0.868, 629, 937, 956, 2567,
870, 0.869, 629, 938, 956, 2567,
871, 0.87, 629, 938, 958, 2569,
872, 0.871, 628, 939, 959, 2570,
873, 0.872, 628, 939, 958, 2570,
874, 0.873, 628, 938, 958, 2569,
875, 0.874, 628, 939, 959, 2570,
876, 0.875, 627, 939, 960, 2571,
877, 0.876, 627, 939, 961, 2572,
878, 0.877, 626, 940, 962, 2573,
879, 0.878, 626, 940, 961, 2572,
880, 0.879, 626, 940, 962, 2573,
881, 0.88, 626, 940, 963, 2574,
882, 0.881, 626, 940, 962, 2573,
883, 0.882, 625, 941, 964, 2575,
884, 0.883, 625, 941, 964, 2576,
885, 0.884, 625, 941, 965, 2576,
886, 0.885, 625, 941, 965, 2576,
887, 0.886, 624, 942, 966, 2578,
888, 0.887, 624, 942, 967, 2578,
889, 0.888, 624, 942, 966, 2578,
890, 0.889, 623, 942, 967, 2579,
891, 0.89, 623, 943, 968, 2580,
892, 0.891, 623, 943, 968, 2580,
893, 0.892, 623, 943, 969, 2580,
894, 0.893, 622, 943, 970, 2582,
895, 0.894, 622, 943, 970, 2582,
896, 0.895, 622, 944, 970, 2582,
897, 0.896, 622, 944, 971, 2583,
898, 0.897, 622, 944, 971, 2583,
899, 0.898, 621, 944, 972, 2584,
900, 0.899, 620, 945, 973, 2586,
901, 0.9, 620, 945, 973, 2585,
902, 0.901, 620, 945, 973, 2585,
903, 0.902, 619, 946, 975, 2587,
904, 0.903, 619, 946, 975, 2587,
905, 0.904, 619, 946, 975, 2588,
906, 0.905, 619, 946, 976, 2588,
907, 0.906, 619, 946, 976, 2588,
908, 0.907, 618, 947, 977, 2589,
909, 0.908, 618, 947, 978, 2590,
910, 0.909, 618, 947, 978, 2590,
911, 0.91, 618, 947, 978, 2590,
912, 0.911, 617, 947, 979, 2591,
913, 0.912, 617, 947, 979, 2591,
914, 0.913, 616, 948, 980, 2592,
915, 0.914, 616, 948, 980, 2592,
916, 0.915, 616, 948, 980, 2592,
917, 0.916, 616, 948, 981, 2593,
918, 0.917, 616, 948, 981, 2594,
919, 0.918, 615, 949, 982, 2594,
920, 0.919, 615, 949, 983, 2595,
921, 0.92, 615, 949, 983, 2596,
922, 0.921, 614, 950, 984, 2596,
923, 0.922, 614, 950, 984, 2596,
924, 0.923, 614, 950, 985, 2597,
925, 0.924, 614, 950, 985, 2598,
926, 0.925, 613, 950, 985, 2598,
927, 0.926, 613, 950, 986, 2598,
928, 0.927, 613, 951, 987, 2600,
929, 0.928, 613, 951, 987, 2600,
930, 0.929, 612, 951, 988, 2600,
931, 0.93, 612, 952, 989, 2602,
932, 0.931, 612, 951, 989, 2601,
933, 0.932, 611, 952, 990, 2602,
934, 0.933, 611, 952, 989, 2602,
935, 0.934, 611, 952, 990, 2602,
936, 0.935, 611, 952, 991, 2603,
937, 0.936, 611, 952, 991, 2603,
938, 0.937, 610, 953, 992, 2604,
939, 0.938, 610, 953, 992, 2605,
940, 0.939, 609, 953, 993, 2605,
941, 0.94, 609, 953, 993, 2606,
942, 0.941, 609, 954, 994, 2606,
943, 0.942, 609, 954, 994, 2607,
944, 0.943, 608, 954, 995, 2608,
945, 0.944, 608, 954, 996, 2608,
946, 0.945, 608, 955, 996, 2609,
947, 0.946, 607, 955, 997, 2609,
948, 0.947, 607, 955, 997, 2610,
949, 0.948, 607, 955, 997, 2610,
950, 0.949, 607, 955, 998, 2611,
951, 0.95, 606, 956, 999, 2612,
952, 0.951, 606, 956, 999, 2612,
953, 0.952, 606, 956, 1000, 2613,
954, 0.953, 606, 956, 1000, 2613,
955, 0.954, 605, 957, 1001, 2614,
956, 0.955, 605, 957, 1001, 2614,
957, 0.956, 605, 957, 1002, 2615,
958, 0.957, 604, 957, 1002, 2615,
959, 0.958, 604, 957, 1003, 2616,
960, 0.959, 604, 958, 1003, 2616,
961, 0.96, 604, 958, 1004, 2617,
962, 0.961, 603, 958, 1004, 2618,
963, 0.962, 603, 958, 1005, 2618,
964, 0.963, 603, 958, 1005, 2618,
965, 0.964, 602, 959, 1006, 2619,
966, 0.965, 602, 959, 1006, 2619,
967, 0.966, 602, 959, 1007, 2620,
968, 0.967, 602, 959, 1007, 2620,
969, 0.968, 601, 959, 1008, 2621,
970, 0.969, 601, 960, 1009, 2622,
971, 0.97, 601, 960, 1009, 2622,
972, 0.971, 600, 960, 1009, 2622,
973, 0.972, 600, 960, 1010, 2623,
974, 0.973, 600, 960, 1010, 2623,
975, 0.974, 600, 961, 1011, 2624,
976, 0.975, 599, 961, 1012, 2624,
977, 0.976, 599, 961, 1012, 2624,
978, 0.977, 599, 961, 1012, 2625,
979, 0.978, 598, 961, 1012, 2625,
980, 0.979, 598, 961, 1013, 2626,
981, 0.98, 598, 962, 1014, 2626,
982, 0.981, 597, 962, 1014, 2627,
983, 0.982, 597, 962, 1014, 2627,
984, 0.983, 597, 962, 1015, 2628,
985, 0.984, 597, 963, 1015, 2628,
986, 0.985, 596, 963, 1017, 2629,
987, 0.986, 596, 963, 1017, 2629,
988, 0.987, 596, 963, 1017, 2630,
989, 0.988, 596, 963, 1017, 2630,
990, 0.989, 596, 963, 1018, 2630,
991, 0.99, 595, 964, 1018, 2631,
992, 0.991, 595, 964, 1018, 2631,
993, 0.992, 595, 964, 1019, 2632,
994, 0.993, 594, 964, 1020, 2633,
995, 0.994, 594, 964, 1020, 2633,
996, 0.995, 594, 965, 1021, 2633,
997, 0.996, 593, 965, 1021, 2634,
998, 0.997, 593, 965, 1022, 2635,
999, 0.998, 593, 965, 1022, 2635,
1000, 0.999, 593, 965, 1023, 2635,
