1, 0.0, 914, 779, 530, 2204,
2, 0.001, 1897, 1623, 1102, 4582,
3, 0.002, 1895, 1619, 1100, 4575,
4, 0.003, 1889, 1613, 1096, 4559,
5, 0.004, 1889, 1613, 1096, 4558,
6, 0.005, 1889, 1613, 1097, 4559,
7, 0.006, 1888, 1611, 1096, 4555,
8, 0.007, 1887, 1612, 1098, 4557,
9, 0.008, 1888, 1613, 1100, 4561,
10, 0.009, 1888, 1614, 1101, 4563,
11, 0.01, 1887, 1614, 1101, 4563,
12, 0.011, 1887, 1615, 1103, 4565,
13, 0.012, 1888, 1615, 1103, 4567,
14, 0.013, 1889, 1618, 1107, 4575,
15, 0.014, 1928, 1655, 1134, 4678,
16, 0.015, 1930, 1657, 1135, 4683,
17, 0.016, 1927, 1656, 1135, 4679,
18, 0.017, 1926, 1656, 1136, 4680,
19, 0.018, 1926, 1656, 1137, 4681,
20, 0.019, 1926, 1658, 1140, 4686,
21, 0.02, 1925, 1660, 1142, 4689,
22, 0.021, 1925, 1660, 1142, 4689,
23, 0.022, 1925, 1661, 1144, 4692,
24, 0.023, 1925, 1662, 1146, 4695,
25, 0.024, 1924, 1662, 1146, 4695,
26, 0.025, 1924, 1664, 1148, 4700,
27, 0.026, 1924, 1666, 1152, 4705,
28, 0.027, 1924, 1666, 1152, 4704,
29, 0.028, 1924, 1667, 1154, 4708,
30, 0.029, 1924, 1668, 1155, 4710,
31, 0.03, 1924, 1668, 1155, 4711,
32, 0.031, 1923, 1670, 1158, 4715,
33, 0.032, 1923, 1671, 1161, 4720,
34, 0.033, 1924, 1672, 1161, 4721,
35, 0.034, 1923, 1673, 1163, 4724,
36, 0.035, 1923, 1674, 1164, 4725,
37, 0.036, 1923, 1674, 1165, 4726,
38, 0.037, 1923, 1676, 1167, 4731,
39, 0.038, 1923, 1677, 1170, 4735,
40, 0.039, 1922, 1678, 1170, 4735,
41, 0.04, 1922, 1678, 1171, 4738,
42, 0.041, 1922, 1680, 1174, 4741,
43, 0.042, 1922, 1682, 1176, 4745,
44, 0.043, 1922, 1682, 1177, 4746,
45, 0.044, 1922, 1683, 1179, 4750,
46, 0.045, 1922, 1684, 1180, 4752,
47, 0.046, 1922, 1685, 1181, 4754,
48, 0.047, 1921, 1686, 1183, 4757,
49, 0.048, 1921, 1686, 1183, 4757,
50, 0.049, 1921, 1688, 1186, 4762,
51, 0.05, 1921, 1690, 1189, 4766,
52, 0.051, 1921, 1690, 1190, 4768,
53, 0.052, 1921, 1692, 1193, 4773,
54, 0.053, 1921, 1694, 1195, 4777,
55, 0.054, 1921, 1694, 1196, 4779,
56, 0.055, 1921, 1695, 1197, 4781,
57, 0.056, 1920, 1696, 1199, 4783,
58, 0.057, 1921, 1697, 1200, 4785,
59, 0.058, 1920, 1698, 1202, 4789,
60, 0.059, 1920, 1700, 1205, 4794,
61, 0.06, 1920, 1701, 1206, 4795,
62, 0.061, 1920, 1701, 1207, 4797,
63, 0.062, 1920, 1703, 1209, 4800,
64, 0.063, 1920, 1703, 1209, 4801,
65, 0.064, 1920, 1705, 1212, 4806,
66, 0.065, 1920, 1706, 1214, 4809,
67, 0.066, 1920, 1707, 1215, 4811,
68, 0.067, 1919, 1707, 1215, 4812,
69, 0.068, 1919, 1709, 1218, 4817,
70, 0.069, 1919, 1711, 1221, 4822,
71, 0.07, 1919, 1711, 1221, 4822,
72, 0.071, 1919, 1712, 1224, 4826,
73, 0.072, 1919, 1713, 1225, 4828,
74, 0.073, 1919, 1713, 1225, 4827,
75, 0.074, 1919, 1715, 1228, 4832,
76, 0.075, 1919, 1716, 1230, 4836,
77, 0.076, 1919, 1717, 1231, 4838,
78, 0.077, 1918, 1718, 1232, 4839,
79, 0.078, 1919, 1719, 1234, 4844,
80, 0.079, 1919, 1722, 1237, 4849,
81, 0.08, 1918, 1722, 1237, 4849,
82, 0.081, 1918, 1723, 1239, 4852,
83, 0.082, 1918, 1724, 1241, 4854,
84, 0.083, 1918, 1724, 1241, 4855,
85, 0.084, 1918, 1726, 1244, 4860,
86, 0.085, 1918, 1727, 1245, 4862,
87, 0.086, 1918, 1728, 1247, 4865,
88, 0.087, 1917, 1728, 1247, 4866,
89, 0.088, 1917, 1730, 1250, 4870,
90, 0.089, 1917, 1731, 1253, 4874,
91, 0.09, 1917, 1732, 1253, 4876,
92, 0.091, 1917, 1733, 1255, 4879,
93, 0.092, 1917, 1734, 1257, 4881,
94, 0.093, 1917, 1734, 1257, 4882,
95, 0.094, 1917, 1736, 1259, 4886,
96, 0.095, 1916, 1738, 1262, 4891,
97, 0.096, 1916, 1738, 1263, 4891,
98, 0.097, 1916, 1740, 1265, 4896,
99, 0.098, 1916, 1740, 1266, 4898,
100, 0.099, 1916, 1741, 1268, 4900,
101, 0.1, 1916, 1744, 1272, 4908,
102, 0.101, 1916, 1744, 1272, 4908,
103, 0.102, 1915, 1746, 1274, 4911,
104, 0.103, 1916, 1747, 1276, 4914,
105, 0.104, 1916, 1747, 1277, 4916,
106, 0.105, 1915, 1749, 1279, 4919,
107, 0.106, 1915, 1751, 1282, 4924,
108, 0.107, 1915, 1751, 1283, 4925,
109, 0.108, 1915, 1752, 1284, 4928,
110, 0.109, 1915, 1753, 1285, 4930,
111, 0.11, 1915, 1755, 1288, 4935,
112, 0.111, 1915, 1755, 1289, 4936,
113, 0.112, 1915, 1757, 1291, 4940,
114, 0.113, 1915, 1757, 1292, 4942,
115, 0.114, 1915, 1758, 1293, 4944,
116, 0.115, 1915, 1759, 1295, 4947,
117, 0.116, 1915, 1760, 1296, 4948,
118, 0.117, 1915, 1762, 1299, 4953,
119, 0.118, 1914, 1763, 1301, 4956,
120, 0.119, 1914, 1764, 1302, 4958,
121, 0.12, 1914, 1765, 1303, 4961,
122, 0.121, 1914, 1765, 1305, 4963,
123, 0.122, 1914, 1766, 1305, 4964,
124, 0.123, 1914, 1768, 1308, 4969,
125, 0.124, 1914, 1769, 1310, 4973,
126, 0.125, 1914, 1770, 1311, 4974,
127, 0.126, 1914, 1770, 1312, 4976,
128, 0.127, 1914, 1772, 1314, 4980,
129, 0.128, 1914, 1774, 1317, 4984,
130, 0.129, 1914, 1774, 1318, 4986,
131, 0.13, 1913, 1775, 1318, 4987,
132, 0.131, 1913, 1776, 1321, 4991,
133, 0.132, 1913, 1778, 1324, 4996,
134, 0.133, 1913, 1779, 1324, 4997,
135, 0.134, 1913, 1780, 1326, 5000,
136, 0.135, 1913, 1781, 1327, 5003,
137, 0.136, 1913, 1781, 1328, 5004,
138, 0.137, 1913, 1783, 1331, 5008,
139, 0.138, 1913, 1783, 1331, 5008,
140, 0.139, 1913, 1785, 1334, 5014,
141, 0.14, 1913, 1786, 1336, 5017,
142, 0.141, 1913, 1787, 1337, 5019,
143, 0.142, 1913, 1788, 1339, 5022,
144, 0.143, 1913, 1789, 1340, 5024,
145, 0.144, 1913, 1790, 1341, 5025,
146, 0.145, 1912, 1791, 1343, 5030,
147, 0.146, 1912, 1793, 1346, 5034,
148, 0.147, 1912, 1794, 1347, 5035,
149, 0.148, 1912, 1795, 1348, 5038,
150, 0.149, 1912, 1796, 1350, 5041,
151, 0.15, 1912, 1796, 1351, 5042,
152, 0.151, 1912, 1799, 1355, 5049,
153, 0.152, 1912, 1800, 1356, 5051,
154, 0.153, 1912, 1801, 1357, 5054,
155, 0.154, 1912, 1802, 1360, 5058,
156, 0.155, 1911, 1804, 1362, 5062,
157, 0.156, 1911, 1804, 1363, 5063,
158, 0.157, 1911, 1805, 1364, 5066,
159, 0.158, 1911, 1806, 1366, 5069,
160, 0.159, 1911, 1807, 1367, 5070,
161, 0.16, 1911, 1808, 1369, 5074,
162, 0.161, 1911, 1810, 1372, 5079,
163, 0.162, 1911, 1811, 1373, 5079,
164, 0.163, 1911, 1812, 1374, 5082,
165, 0.164, 1911, 1813, 1376, 5085,
166, 0.165, 1911, 1813, 1377, 5087,
167, 0.166, 1911, 1815, 1379, 5091,
168, 0.167, 1910, 1817, 1381, 5095,
169, 0.168, 1910, 1817, 1382, 5096,
170, 0.169, 1910, 1818, 1383, 5098,
171, 0.17, 1910, 1819, 1386, 5102,
172, 0.171, 1910, 1819, 1386, 5102,
173, 0.172, 1910, 1821, 1389, 5108,
174, 0.173, 1910, 1823, 1392, 5112,
175, 0.174, 1910, 1823, 1392, 5113,
176, 0.175, 1910, 1824, 1394, 5116,
177, 0.176, 1910, 1826, 1395, 5118,
178, 0.177, 1910, 1826, 1396, 5119,
179, 0.178, 1909, 1828, 1398, 5124,
180, 0.179, 1909, 1829, 1401, 5127,
181, 0.18, 1909, 1830, 1402, 5129,
182, 0.181, 1909, 1830, 1402, 5131,
183, 0.182, 1909, 1832, 1405, 5135,
184, 0.183, 1909, 1832, 1405, 5135,
185, 0.184, 1909, 1834, 1408, 5140,
186, 0.185, 1909, 1836, 1411, 5145,
187, 0.186, 1909, 1836, 1411, 5146,
188, 0.187, 1909, 1837, 1413, 5149,
189, 0.188, 1909, 1838, 1415, 5152,
190, 0.189, 1909, 1839, 1415, 5153,
191, 0.19, 1909, 1840, 1418, 5157,
192, 0.191, 1908, 1842, 1421, 5162,
193, 0.192, 1908, 1842, 1421, 5162,
194, 0.193, 1909, 1844, 1423, 5166,
195, 0.194, 1908, 1845, 1424, 5168,
196, 0.195, 1908, 1845, 1425, 5169,
197, 0.196, 1908, 1847, 1427, 5173,
198, 0.197, 1908, 1847, 1428, 5174,
199, 0.198, 1908, 1849, 1431, 5179,
200, 0.199, 1908, 1850, 1433, 5183,
201, 0.2, 1908, 1853, 1437, 5185,
202, 0.201, 1907, 1854, 1438, 5191,
203, 0.202, 1907, 1855, 1440, 5194,
204, 0.203, 1907, 1855, 1441, 5196,
205, 0.204, 1908, 1856, 1441, 5198,
206, 0.205, 1907, 1858, 1444, 5202,
207, 0.206, 1907, 1860, 1447, 5207,
208, 0.207, 1907, 1860, 1447, 5207,
209, 0.208, 1907, 1861, 1449, 5211,
210, 0.209, 1907, 1862, 1451, 5213,
211, 0.21, 1907, 1863, 1452, 5215,
212, 0.211, 1907, 1864, 1453, 5218,
213, 0.212, 1907, 1864, 1454, 5219,
214, 0.213, 1907, 1866, 1457, 5224,
215, 0.214, 1907, 1869, 1460, 5229,
216, 0.215, 1907, 1869, 1460, 5230,
217, 0.216, 1907, 1869, 1461, 5232,
218, 0.217, 1907, 1871, 1463, 5236,
219, 0.218, 1907, 1871, 1464, 5236,
220, 0.219, 1906, 1872, 1466, 5240,
221, 0.22, 1906, 1874, 1469, 5245,
222, 0.221, 1906, 1874, 1469, 5245,
223, 0.222, 1906, 1876, 1471, 5249,
224, 0.223, 1906, 1877, 1473, 5251,
225, 0.224, 1906, 1878, 1474, 5253,
226, 0.225, 1906, 1879, 1476, 5257,
227, 0.226, 1906, 1881, 1478, 5261,
228, 0.227, 1906, 1881, 1479, 5263,
229, 0.228, 1906, 1882, 1480, 5264,
230, 0.229, 1906, 1883, 1482, 5268,
231, 0.23, 1906, 1883, 1483, 5269,
232, 0.231, 1905, 1885, 1485, 5273,
233, 0.232, 1905, 1887, 1488, 5277,
234, 0.233, 1905, 1887, 1489, 5279,
235, 0.234, 1905, 1888, 1489, 5280,
236, 0.235, 1905, 1889, 1492, 5284,
237, 0.236, 1905, 1892, 1495, 5289,
238, 0.237, 1905, 1892, 1495, 5289,
239, 0.238, 1905, 1893, 1497, 5293,
240, 0.239, 1905, 1894, 1498, 5295,
241, 0.24, 1905, 1895, 1500, 5298,
242, 0.241, 1904, 1896, 1502, 5300,
243, 0.242, 1905, 1896, 1502, 5301,
244, 0.243, 1904, 1898, 1505, 5306,
245, 0.244, 1904, 1899, 1506, 5307,
246, 0.245, 1904, 1900, 1508, 5311,
247, 0.246, 1904, 1900, 1508, 5311,
248, 0.247, 1904, 1902, 1511, 5316,
249, 0.248, 1904, 1903, 1513, 5320,
250, 0.249, 1903, 1904, 1514, 5322,
251, 0.25, 1904, 1905, 1516, 5324,
252, 0.251, 1903, 1908, 1520, 5332,
253, 0.252, 1903, 1908, 1521, 5333,
254, 0.253, 1903, 1909, 1522, 5334,
255, 0.254, 1903, 1911, 1524, 5338,
256, 0.255, 1903, 1911, 1524, 5339,
257, 0.256, 1903, 1913, 1527, 5344,
258, 0.257, 1903, 1914, 1530, 5348,
259, 0.258, 1903, 1915, 1530, 5349,
260, 0.259, 1903, 1915, 1531, 5351,
261, 0.26, 1903, 1917, 1534, 5356,
262, 0.261, 1902, 1919, 1537, 5360,
263, 0.262, 1903, 1919, 1537, 5361,
264, 0.263, 1902, 1921, 1539, 5364,
265, 0.264, 1902, 1921, 1540, 5366,
266, 0.265, 1902, 1922, 1541, 5367,
267, 0.266, 1902, 1924, 1544, 5372,
268, 0.267, 1902, 1926, 1547, 5377,
269, 0.268, 1902, 1926, 1547, 5378,
270, 0.269, 1902, 1927, 1549, 5381,
271, 0.27, 1902, 1928, 1550, 5383,
272, 0.271, 1902, 1929, 1552, 5386,
273, 0.272, 1902, 1930, 1553, 5389,
274, 0.273, 1902, 1930, 1554, 5390,
275, 0.274, 1902, 1932, 1557, 5395,
276, 0.275, 1901, 1935, 1560, 5400,
277, 0.276, 1901, 1935, 1561, 5402,
278, 0.277, 1901, 1935, 1561, 5402,
279, 0.278, 1901, 1937, 1564, 5406,
280, 0.279, 1901, 1937, 1564, 5407,
281, 0.28, 1901, 1938, 1566, 5410,
282, 0.281, 1901, 1938, 1566, 5410,
283, 0.282, 1901, 1940, 1569, 5415,
284, 0.283, 1901, 1942, 1572, 5420,
285, 0.284, 1901, 1943, 1573, 5422,
286, 0.285, 1901, 1944, 1574, 5424,
287, 0.286, 1901, 1945, 1576, 5427,
288, 0.287, 1901, 1945, 1576, 5428,
289, 0.288, 1901, 1947, 1579, 5433,
290, 0.289, 1900, 1947, 1580, 5434,
291, 0.29, 1900, 1949, 1582, 5438,
292, 0.291, 1900, 1949, 1582, 5438,
293, 0.292, 1900, 1951, 1585, 5442,
294, 0.293, 1900, 1953, 1588, 5447,
295, 0.294, 1900, 1953, 1589, 5449,
296, 0.295, 1900, 1954, 1590, 5451,
297, 0.296, 1900, 1955, 1592, 5454,
298, 0.297, 1900, 1956, 1593, 5455,
299, 0.298, 1899, 1957, 1595, 5460,
300, 0.299, 1899, 1959, 1598, 5464,
301, 0.3, 1899, 1960, 1599, 5467,
302, 0.301, 1899, 1962, 1602, 5471,
303, 0.302, 1899, 1963, 1604, 5475,
304, 0.303, 1899, 1964, 1605, 5476,
305, 0.304, 1899, 1964, 1605, 5477,
306, 0.305, 1899, 1966, 1608, 5481,
307, 0.306, 1898, 1968, 1611, 5487,
308, 0.307, 1899, 1968, 1611, 5487,
309, 0.308, 1899, 1969, 1613, 5491,
310, 0.309, 1898, 1970, 1614, 5492,
311, 0.31, 1899, 1970, 1615, 5493,
312, 0.311, 1898, 1972, 1618, 5498,
313, 0.312, 1898, 1974, 1620, 5503,
314, 0.313, 1898, 1974, 1621, 5503,
315, 0.314, 1898, 1976, 1623, 5507,
316, 0.315, 1898, 1976, 1624, 5508,
317, 0.316, 1898, 1977, 1625, 5511,
318, 0.317, 1897, 1978, 1627, 5514,
319, 0.318, 1898, 1979, 1627, 5514,
320, 0.319, 1897, 1980, 1630, 5519,
321, 0.32, 1897, 1982, 1632, 5522,
322, 0.321, 1897, 1983, 1633, 5525,
323, 0.322, 1897, 1983, 1634, 5526,
324, 0.323, 1897, 1985, 1637, 5531,
325, 0.324, 1897, 1987, 1640, 5537,
326, 0.325, 1897, 1987, 1640, 5537,
327, 0.326, 1897, 1988, 1642, 5540,
328, 0.327, 1897, 1989, 1643, 5542,
329, 0.328, 1897, 1989, 1643, 5542,
330, 0.329, 1896, 1991, 1647, 5547,
331, 0.33, 1896, 1993, 1650, 5552,
332, 0.331, 1896, 1993, 1650, 5553,
333, 0.332, 1896, 1994, 1651, 5555,
334, 0.333, 1896, 1995, 1653, 5557,
335, 0.334, 1896, 1995, 1653, 5558,
336, 0.335, 1896, 1997, 1656, 5563,
337, 0.336, 1896, 1999, 1658, 5567,
338, 0.337, 1896, 1999, 1659, 5569,
339, 0.338, 1896, 2000, 1660, 5571,
340, 0.339, 1895, 2001, 1662, 5574,
341, 0.34, 1895, 2002, 1663, 5575,
342, 0.341, 1895, 2004, 1666, 5580,
343, 0.342, 1895, 2006, 1669, 5585,
344, 0.343, 1895, 2006, 1669, 5585,
345, 0.344, 1895, 2007, 1671, 5588,
346, 0.345, 1895, 2008, 1672, 5591,
347, 0.346, 1895, 2008, 1673, 5592,
348, 0.347, 1895, 2010, 1675, 5596,
349, 0.348, 1895, 2012, 1678, 5601,
350, 0.349, 1895, 2012, 1679, 5602,
351, 0.35, 1895, 2012, 1678, 5601,
352, 0.351, 1894, 2015, 1683, 5609,
353, 0.352, 1894, 2016, 1685, 5612,
354, 0.353, 1894, 2016, 1685, 5611,
355, 0.354, 1894, 2018, 1688, 5617,
356, 0.355, 1894, 2018, 1688, 5616,
357, 0.356, 1894, 2020, 1690, 5621,
358, 0.357, 1893, 2023, 1696, 5630,
359, 0.358, 1893, 2022, 1694, 5627,
360, 0.359, 1894, 2023, 1695, 5629,
361, 0.36, 1893, 2024, 1697, 5632,
362, 0.361, 1893, 2024, 1697, 5632,
363, 0.362, 1893, 2026, 1700, 5637,
364, 0.363, 1893, 2027, 1702, 5641,
365, 0.364, 1893, 2028, 1703, 5642,
366, 0.365, 1893, 2029, 1704, 5644,
367, 0.366, 1893, 2030, 1706, 5648,
368, 0.367, 1892, 2032, 1709, 5653,
369, 0.368, 1892, 2032, 1710, 5654,
370, 0.369, 1892, 2034, 1713, 5659,
371, 0.37, 1892, 2035, 1714, 5661,
372, 0.371, 1892, 2036, 1715, 5663,
373, 0.372, 1892, 2037, 1717, 5666,
374, 0.373, 1892, 2038, 1718, 5667,
375, 0.374, 1892, 2039, 1720, 5672,
376, 0.375, 1892, 2041, 1723, 5676,
377, 0.376, 1892, 2041, 1723, 5677,
378, 0.377, 1892, 2043, 1726, 5681,
379, 0.378, 1892, 2044, 1727, 5683,
380, 0.379, 1892, 2044, 1728, 5685,
381, 0.38, 1891, 2046, 1730, 5689,
382, 0.381, 1891, 2048, 1733, 5693,
383, 0.382, 1892, 2048, 1733, 5695,
384, 0.383, 1891, 2049, 1735, 5697,
385, 0.384, 1891, 2050, 1737, 5700,
386, 0.385, 1891, 2050, 1737, 5701,
387, 0.386, 1891, 2053, 1740, 5706,
388, 0.387, 1891, 2054, 1743, 5710,
389, 0.388, 1891, 2055, 1743, 5711,
390, 0.389, 1891, 2056, 1745, 5715,
391, 0.39, 1891, 2057, 1746, 5717,
392, 0.391, 1891, 2057, 1748, 5719,
393, 0.392, 1891, 2059, 1750, 5722,
394, 0.393, 1891, 2059, 1750, 5723,
395, 0.394, 1890, 2061, 1753, 5728,
396, 0.395, 1890, 2063, 1756, 5732,
397, 0.396, 1890, 2063, 1756, 5734,
398, 0.397, 1890, 2064, 1758, 5736,
399, 0.398, 1890, 2065, 1759, 5739,
400, 0.399, 1890, 2066, 1760, 5740,
401, 0.4, 1890, 2069, 1765, 5748,
402, 0.401, 1890, 2070, 1766, 5750,
403, 0.402, 1890, 2070, 1766, 5750,
404, 0.403, 1889, 2072, 1769, 5756,
405, 0.404, 1889, 2073, 1772, 5760,
406, 0.405, 1889, 2074, 1772, 5761,
407, 0.406, 1889, 2075, 1774, 5763,
408, 0.407, 1889, 2076, 1775, 5766,
409, 0.408, 1889, 2077, 1777, 5768,
410, 0.409, 1889, 2078, 1779, 5772,
411, 0.41, 1889, 2080, 1782, 5777,
412, 0.411, 1889, 2080, 1782, 5778,
413, 0.412, 1889, 2081, 1784, 5781,
414, 0.413, 1889, 2082, 1785, 5783,
415, 0.414, 1889, 2083, 1787, 5785,
416, 0.415, 1888, 2084, 1789, 5789,
417, 0.416, 1889, 2085, 1789, 5790,
418, 0.417, 1888, 2087, 1792, 5794,
419, 0.418, 1888, 2088, 1794, 5798,
420, 0.419, 1888, 2089, 1795, 5800,
421, 0.42, 1888, 2090, 1797, 5803,
422, 0.421, 1888, 2091, 1798, 5806,
423, 0.422, 1888, 2091, 1799, 5807,
424, 0.423, 1888, 2093, 1802, 5811,
425, 0.424, 1888, 2095, 1805, 5816,
426, 0.425, 1888, 2095, 1805, 5817,
427, 0.426, 1888, 2097, 1807, 5821,
428, 0.427, 1888, 2097, 1808, 5823,
429, 0.428, 1887, 2098, 1809, 5824,
430, 0.429, 1887, 2100, 1812, 5828,
431, 0.43, 1887, 2100, 1812, 5829,
432, 0.431, 1887, 2102, 1815, 5834,
433, 0.432, 1887, 2104, 1818, 5839,
434, 0.433, 1887, 2104, 1818, 5840,
435, 0.434, 1887, 2105, 1820, 5842,
436, 0.435, 1887, 2106, 1821, 5844,
437, 0.436, 1887, 2107, 1822, 5846,
438, 0.437, 1887, 2108, 1824, 5850,
439, 0.438, 1886, 2110, 1828, 5855,
440, 0.439, 1886, 2110, 1828, 5855,
441, 0.44, 1886, 2111, 1829, 5858,
442, 0.441, 1886, 2112, 1831, 5860,
443, 0.442, 1886, 2113, 1832, 5862,
444, 0.443, 1886, 2114, 1834, 5866,
445, 0.444, 1886, 2117, 1837, 5872,
446, 0.445, 1886, 2117, 1838, 5872,
447, 0.446, 1886, 2118, 1840, 5876,
448, 0.447, 1886, 2119, 1841, 5877,
449, 0.448, 1885, 2120, 1842, 5879,
450, 0.449, 1885, 2121, 1844, 5882,
451, 0.45, 1885, 2121, 1845, 5884,
452, 0.451, 1885, 2124, 1849, 5891,
453, 0.452, 1885, 2125, 1850, 5893,
454, 0.453, 1885, 2125, 1851, 5894,
455, 0.454, 1884, 2127, 1853, 5898,
456, 0.455, 1885, 2127, 1854, 5899,
457, 0.456, 1884, 2129, 1857, 5904,
458, 0.457, 1884, 2130, 1859, 5907,
459, 0.458, 1884, 2131, 1860, 5909,
460, 0.459, 1884, 2131, 1860, 5909,
461, 0.46, 1884, 2133, 1863, 5915,
462, 0.461, 1884, 2135, 1866, 5919,
463, 0.462, 1884, 2135, 1866, 5920,
464, 0.463, 1884, 2136, 1867, 5922,
465, 0.464, 1883, 2137, 1870, 5926,
466, 0.465, 1883, 2140, 1873, 5931,
467, 0.466, 1883, 2140, 1873, 5931,
468, 0.467, 1883, 2141, 1875, 5935,
469, 0.468, 1883, 2142, 1876, 5938,
470, 0.469, 1883, 2142, 1877, 5938,
471, 0.47, 1883, 2144, 1879, 5943,
472, 0.471, 1883, 2145, 1882, 5947,
473, 0.472, 1883, 2146, 1883, 5948,
474, 0.473, 1883, 2147, 1884, 5951,
475, 0.474, 1883, 2148, 1886, 5954,
476, 0.475, 1883, 2149, 1887, 5955,
477, 0.476, 1882, 2150, 1890, 5960,
478, 0.477, 1882, 2153, 1893, 5965,
479, 0.478, 1882, 2153, 1893, 5965,
480, 0.479, 1882, 2154, 1895, 5968,
481, 0.48, 1882, 2155, 1896, 5971,
482, 0.481, 1882, 2155, 1897, 5972,
483, 0.482, 1882, 2157, 1899, 5977,
484, 0.483, 1882, 2157, 1900, 5977,
485, 0.484, 1882, 2159, 1903, 5982,
486, 0.485, 1882, 2160, 1905, 5985,
487, 0.486, 1881, 2161, 1906, 5987,
488, 0.487, 1882, 2162, 1907, 5989,
489, 0.488, 1881, 2163, 1909, 5992,
490, 0.489, 1881, 2165, 1911, 5997,
491, 0.49, 1881, 2165, 1912, 5998,
492, 0.491, 1881, 2166, 1914, 6001,
493, 0.492, 1881, 2167, 1916, 6004,
494, 0.493, 1881, 2169, 1918, 6009,
495, 0.494, 1881, 2170, 1919, 6009,
496, 0.495, 1881, 2171, 1921, 6013,
497, 0.496, 1881, 2172, 1922, 6015,
498, 0.497, 1880, 2172, 1923, 6017,
499, 0.498, 1880, 2174, 1926, 6021,
500, 0.499, 1880, 2176, 1929, 6026,
501, 0.5, 1880, 2177, 1930, 6029,
502, 0.501, 1876, 2191, 1954, 6065,
503, 0.502, 1873, 2192, 1957, 6067,
504, 0.503, 1874, 2193, 1958, 6069,
505, 0.504, 1873, 2192, 1956, 6066,
506, 0.505, 1871, 2199, 1968, 6084,
507, 0.506, 1870, 2199, 1970, 6085,
508, 0.507, 1871, 2196, 1964, 6077,
509, 0.508, 1869, 2197, 1966, 6079,
510, 0.509, 1869, 2198, 1968, 6082,
511, 0.51, 1868, 2198, 1969, 6082,
512, 0.511, 1868, 2199, 1971, 6085,
513, 0.512, 1868, 2199, 1971, 6084,
514, 0.513, 1867, 2198, 1969, 6081,
515, 0.514, 1866, 2199, 1972, 6084,
516, 0.515, 1864, 2204, 1981, 6098,
517, 0.516, 1866, 2199, 1973, 6085,
518, 0.517, 1864, 2200, 1975, 6088,
519, 0.518, 1863, 2201, 1978, 6091,
520, 0.519, 1863, 2202, 1978, 6091,
521, 0.52, 1863, 2203, 1980, 6094,
522, 0.521, 1862, 2205, 1983, 6098,
523, 0.522, 1860, 2207, 1989, 6105,
524, 0.523, 1860, 2208, 1990, 6107,
525, 0.524, 1858, 2211, 1995, 6114,
526, 0.525, 1856, 2214, 2001, 6122,
527, 0.526, 1858, 2209, 1992, 6109,
528, 0.527, 1858, 2209, 1992, 6108,
529, 0.528, 1856, 2211, 1997, 6115,
530, 0.529, 1856, 2212, 1999, 6118,
531, 0.53, 1856, 2211, 1997, 6115,
532, 0.531, 1855, 2212, 1999, 6117,
533, 0.532, 1855, 2212, 2000, 6118,
534, 0.533, 1853, 2214, 2004, 6123,
535, 0.534, 1852, 2216, 2006, 6126,
536, 0.535, 1852, 2216, 2007, 6127,
537, 0.536, 1851, 2217, 2008, 6129,
538, 0.537, 1851, 2217, 2009, 6129,
539, 0.538, 1851, 2217, 2009, 6129,
540, 0.539, 1849, 2218, 2012, 6132,
541, 0.54, 1849, 2218, 2012, 6132,
542, 0.541, 1848, 2219, 2013, 6133,
543, 0.542, 1848, 2219, 2014, 6134,
544, 0.543, 1847, 2220, 2016, 6137,
545, 0.544, 1846, 2220, 2017, 6138,
546, 0.545, 1846, 2221, 2018, 6138,
547, 0.546, 1846, 2221, 2019, 6139,
548, 0.547, 1844, 2222, 2021, 6142,
549, 0.548, 1844, 2223, 2023, 6145,
550, 0.549, 1843, 2224, 2024, 6146,
551, 0.55, 1843, 2224, 2025, 6147,
552, 0.551, 1841, 2226, 2029, 6152,
553, 0.552, 1840, 2227, 2031, 6154,
554, 0.553, 1840, 2227, 2031, 6154,
555, 0.554, 1839, 2229, 2034, 6158,
556, 0.555, 1838, 2230, 2036, 6161,
557, 0.556, 1838, 2230, 2037, 6162,
558, 0.557, 1837, 2230, 2038, 6162,
559, 0.558, 1837, 2231, 2039, 6164,
560, 0.559, 1837, 2231, 2039, 6164,
561, 0.56, 1836, 2232, 2041, 6166,
562, 0.561, 1834, 2233, 2044, 6170,
563, 0.562, 1834, 2234, 2045, 6171,
564, 0.563, 1834, 2235, 2047, 6174,
565, 0.564, 1833, 2235, 2048, 6174,
566, 0.565, 1832, 2235, 2049, 6175,
567, 0.566, 1831, 2236, 2050, 6177,
568, 0.567, 1830, 2238, 2054, 6180,
569, 0.568, 1830, 2238, 2054, 6181,
570, 0.569, 1829, 2239, 2056, 6183,
571, 0.57, 1829, 2239, 2057, 6185,
572, 0.571, 1828, 2240, 2058, 6186,
573, 0.572, 1827, 2241, 2060, 6188,
574, 0.573, 1826, 2242, 2063, 6192,
575, 0.574, 1826, 2242, 2063, 6191,
576, 0.575, 1825, 2243, 2065, 6194,
577, 0.576, 1825, 2243, 2066, 6195,
578, 0.577, 1824, 2244, 2067, 6196,
579, 0.578, 1823, 2245, 2069, 6199,
580, 0.579, 1822, 2246, 2071, 6201,
581, 0.58, 1822, 2247, 2073, 6204,
582, 0.581, 1821, 2247, 2074, 6204,
583, 0.582, 1820, 2248, 2075, 6206,
584, 0.583, 1821, 2248, 2076, 6208,
585, 0.584, 1819, 2249, 2079, 6210,
586, 0.585, 1818, 2252, 2083, 6216,
587, 0.586, 1817, 2252, 2083, 6216,
588, 0.587, 1817, 2252, 2084, 6217,
589, 0.588, 1816, 2252, 2085, 6218,
590, 0.589, 1816, 2253, 2086, 6219,
591, 0.59, 1815, 2254, 2087, 6220,
592, 0.591, 1814, 2254, 2089, 6222,
593, 0.592, 1814, 2255, 2091, 6225,
594, 0.593, 1813, 2256, 2092, 6227,
595, 0.594, 1812, 2256, 2094, 6228,
596, 0.595, 1812, 2257, 2094, 6228,
597, 0.596, 1811, 2258, 2097, 6232,
598, 0.597, 1811, 2259, 2098, 6233,
599, 0.598, 1809, 2259, 2100, 6235,
600, 0.599, 1808, 2261, 2102, 6238,
601, 0.6, 1807, 2262, 2105, 6241,
602, 0.601, 1807, 2262, 2106, 6241,
603, 0.602, 1806, 2263, 2107, 6243,
604, 0.603, 1805, 2264, 2109, 6246,
605, 0.604, 1804, 2265, 2111, 6248,
606, 0.605, 1804, 2265, 2112, 6249,
607, 0.606, 1803, 2265, 2113, 6250,
608, 0.607, 1802, 2266, 2115, 6252,
609, 0.608, 1801, 2267, 2117, 6255,
610, 0.609, 1801, 2267, 2117, 6255,
611, 0.61, 1800, 2268, 2118, 6256,
612, 0.611, 1800, 2269, 2120, 6258,
613, 0.612, 1800, 2269, 2120, 6258,
614, 0.613, 1798, 2269, 2122, 6260,
615, 0.614, 1797, 2271, 2125, 6263,
616, 0.615, 1797, 2271, 2125, 6263,
617, 0.616, 1796, 2271, 2127, 6265,
618, 0.617, 1796, 2272, 2128, 6267,
619, 0.618, 1795, 2272, 2129, 6267,
620, 0.619, 1795, 2273, 2131, 6269,
621, 0.62, 1795, 2274, 2131, 6270,
622, 0.621, 1793, 2274, 2133, 6272,
623, 0.622, 1792, 2275, 2135, 6274,
624, 0.623, 1792, 2276, 2136, 6276,
625, 0.624, 1791, 2276, 2137, 6276,
626, 0.625, 1791, 2277, 2139, 6279,
627, 0.626, 1789, 2278, 2141, 6281,
628, 0.627, 1789, 2278, 2142, 6282,
629, 0.628, 1788, 2279, 2144, 6284,
630, 0.629, 1788, 2280, 2144, 6285,
631, 0.63, 1787, 2280, 2146, 6286,
632, 0.631, 1786, 2281, 2147, 6288,
633, 0.632, 1785, 2282, 2150, 6292,
634, 0.633, 1785, 2282, 2150, 6292,
635, 0.634, 1784, 2283, 2152, 6294,
636, 0.635, 1784, 2283, 2153, 6295,
637, 0.636, 1783, 2284, 2154, 6296,
638, 0.637, 1782, 2285, 2156, 6298,
639, 0.638, 1782, 2285, 2156, 6299,
640, 0.639, 1781, 2286, 2159, 6301,
641, 0.64, 1780, 2287, 2161, 6304,
642, 0.641, 1779, 2287, 2162, 6304,
643, 0.642, 1779, 2288, 2163, 6306,
644, 0.643, 1778, 2289, 2164, 6307,
645, 0.644, 1778, 2289, 2165, 6308,
646, 0.645, 1776, 2290, 2168, 6311,
647, 0.646, 1776, 2291, 2170, 6313,
648, 0.647, 1775, 2292, 2172, 6316,
649, 0.648, 1774, 2293, 2173, 6318,
650, 0.649, 1773, 2294, 2175, 6320,
651, 0.65, 1773, 2293, 2175, 6320,
652, 0.651, 1771, 2295, 2179, 6325,
653, 0.652, 1770, 2296, 2181, 6327,
654, 0.653, 1769, 2297, 2183, 6329,
655, 0.654, 1769, 2297, 2184, 6330,
656, 0.655, 1768, 2298, 2185, 6331,
657, 0.656, 1768, 2299, 2186, 6333,
658, 0.657, 1767, 2299, 2187, 6333,
659, 0.658, 1766, 2300, 2189, 6334,
660, 0.659, 1765, 2301, 2191, 6338,
661, 0.66, 1765, 2301, 2192, 6338,
662, 0.661, 1764, 2302, 2194, 6340,
663, 0.662, 1764, 2302, 2195, 6342,
664, 0.663, 1763, 2303, 2196, 6343,
665, 0.664, 1762, 2304, 2198, 6346,
666, 0.665, 1761, 2305, 2200, 6348,
667, 0.666, 1761, 2306, 2202, 6350,
668, 0.667, 1760, 2306, 2203, 6352,
669, 0.668, 1760, 2305, 2201, 6347,
670, 0.669, 1758, 2308, 2207, 6356,
671, 0.67, 1758, 2309, 2208, 6357,
672, 0.671, 1757, 2310, 2211, 6361,
673, 0.672, 1757, 2309, 2209, 6358,
674, 0.673, 1756, 2309, 2209, 6357,
675, 0.674, 1756, 2309, 2210, 6358,
676, 0.675, 1756, 2310, 2212, 6360,
677, 0.676, 1754, 2310, 2213, 6362,
678, 0.677, 1753, 2312, 2216, 6365,
679, 0.678, 1753, 2312, 2216, 6365,
680, 0.679, 1753, 2312, 2217, 6366,
681, 0.68, 1752, 2313, 2219, 6368,
682, 0.681, 1750, 2315, 2222, 6372,
683, 0.682, 1750, 2315, 2222, 6373,
684, 0.683, 1750, 2315, 2223, 6372,
685, 0.684, 1749, 2315, 2224, 6373,
686, 0.685, 1749, 2316, 2225, 6375,
687, 0.686, 1747, 2319, 2231, 6384,
688, 0.687, 1747, 2319, 2230, 6382,
689, 0.688, 1746, 2320, 2233, 6385,
690, 0.689, 1745, 2320, 2235, 6387,
691, 0.69, 1744, 2321, 2236, 6389,
692, 0.691, 1744, 2321, 2235, 6388,
693, 0.692, 1743, 2322, 2238, 6390,
694, 0.693, 1743, 2323, 2239, 6392,
695, 0.694, 1741, 2323, 2241, 6393,
696, 0.695, 1740, 2325, 2244, 6398,
697, 0.696, 1740, 2325, 2245, 6399,
698, 0.697, 1740, 2325, 2246, 6399,
699, 0.698, 1739, 2326, 2247, 6401,
700, 0.699, 1739, 2327, 2250, 6401,
701, 0.7, 1738, 2326, 2247, 6399,
702, 0.701, 1737, 2327, 2250, 6403,
703, 0.702, 1736, 2326, 2250, 6401,
704, 0.703, 1736, 2327, 2251, 6403,
705, 0.704, 1735, 2328, 2253, 6405,
706, 0.705, 1734, 2329, 2255, 6408,
707, 0.706, 1734, 2330, 2256, 6409,
708, 0.707, 1733, 2330, 2257, 6410,
709, 0.708, 1731, 2332, 2261, 6416,
710, 0.709, 1730, 2333, 2264, 6418,
711, 0.71, 1731, 2332, 2262, 6415,
712, 0.711, 1730, 2334, 2265, 6419,
713, 0.712, 1730, 2333, 2263, 6417,
714, 0.713, 1729, 2333, 2265, 6418,
715, 0.714, 1726, 2337, 2272, 6428,
716, 0.715, 1727, 2338, 2272, 6430,
717, 0.716, 1726, 2337, 2273, 6429,
718, 0.717, 1726, 2337, 2272, 6427,
719, 0.718, 1725, 2337, 2273, 6428,
720, 0.719, 1724, 2339, 2276, 6432,
721, 0.72, 1722, 2341, 2280, 6437,
722, 0.721, 1722, 2340, 2279, 6436,
723, 0.722, 1722, 2340, 2279, 6435,
724, 0.723, 1721, 2342, 2283, 6440,
725, 0.724, 1721, 2340, 2280, 6436,
726, 0.725, 1720, 2343, 2284, 6441,
727, 0.726, 1719, 2343, 2286, 6443,
728, 0.727, 1718, 2345, 2289, 6448,
729, 0.728, 1717, 2345, 2290, 6449,
730, 0.729, 1718, 2343, 2287, 6443,
731, 0.73, 1717, 2344, 2289, 6446,
732, 0.731, 1717, 2344, 2289, 6445,
733, 0.732, 1715, 2347, 2294, 6451,
734, 0.733, 1715, 2346, 2293, 6450,
735, 0.734, 1714, 2347, 2295, 6451,
736, 0.735, 1712, 2350, 2300, 6459,
737, 0.736, 1712, 2350, 2301, 6459,
738, 0.737, 1711, 2350, 2302, 6461,
739, 0.738, 1711, 2350, 2302, 6460,
740, 0.739, 1710, 2350, 2302, 6460,
741, 0.74, 1709, 2351, 2305, 6463,
742, 0.741, 1709, 2351, 2304, 6462,
743, 0.742, 1709, 2351, 2305, 6463,
744, 0.743, 1708, 2352, 2306, 6464,
745, 0.744, 1708, 2352, 2306, 6464,
746, 0.745, 1707, 2352, 2308, 6466,
747, 0.746, 1705, 2353, 2310, 6468,
748, 0.747, 1705, 2354, 2311, 6469,
749, 0.748, 1704, 2354, 2312, 6470,
750, 0.749, 1704, 2355, 2314, 6472,
751, 0.75, 1703, 2355, 2314, 6472,
752, 0.751, 1702, 2357, 2318, 6476,
753, 0.752, 1701, 2357, 2319, 6477,
754, 0.753, 1701, 2357, 2319, 6478,
755, 0.754, 1700, 2358, 2322, 6480,
756, 0.755, 1699, 2359, 2324, 6482,
757, 0.756, 1698, 2359, 2325, 6483,
758, 0.757, 1697, 2362, 2330, 6490,
759, 0.758, 1696, 2362, 2330, 6489,
760, 0.759, 1696, 2363, 2331, 6491,
761, 0.76, 1695, 2364, 2333, 6494,
762, 0.761, 1694, 2365, 2335, 6497,
763, 0.762, 1694, 2363, 2333, 6492,
764, 0.763, 1693, 2364, 2334, 6493,
765, 0.764, 1692, 2366, 2339, 6501,
766, 0.765, 1692, 2366, 2339, 6500,
767, 0.766, 1690, 2368, 2343, 6505,
768, 0.767, 1689, 2369, 2345, 6507,
769, 0.768, 1689, 2369, 2345, 6507,
770, 0.769, 1688, 2369, 2346, 6508,
771, 0.77, 1688, 2370, 2346, 6508,
772, 0.771, 1688, 2369, 2345, 6506,
773, 0.772, 1687, 2370, 2347, 6508,
774, 0.773, 1686, 2370, 2348, 6509,
775, 0.774, 1686, 2370, 2349, 6510,
776, 0.775, 1685, 2371, 2350, 6511,
777, 0.776, 1684, 2372, 2352, 6513,
778, 0.777, 1685, 2372, 2352, 6514,
779, 0.778, 1683, 2373, 2355, 6516,
780, 0.779, 1682, 2374, 2357, 6518,
781, 0.78, 1680, 2377, 2362, 6525,
782, 0.781, 1680, 2376, 2362, 6525,
783, 0.782, 1680, 2376, 2361, 6524,
784, 0.783, 1680, 2376, 2361, 6523,
785, 0.784, 1679, 2376, 2363, 6524,
786, 0.785, 1677, 2378, 2367, 6530,
787, 0.786, 1677, 2379, 2367, 6530,
788, 0.787, 1677, 2378, 2367, 6530,
789, 0.788, 1676, 2379, 2369, 6532,
790, 0.789, 1675, 2379, 2369, 6532,
791, 0.79, 1674, 2381, 2372, 6536,
792, 0.791, 1673, 2381, 2374, 6537,
793, 0.792, 1673, 2382, 2374, 6537,
794, 0.793, 1672, 2383, 2378, 6542,
795, 0.794, 1671, 2384, 2380, 6544,
796, 0.795, 1671, 2385, 2380, 6545,
797, 0.796, 1670, 2386, 2383, 6548,
798, 0.797, 1668, 2387, 2385, 6550,
799, 0.798, 1668, 2387, 2386, 6551,
800, 0.799, 1668, 2386, 2385, 6549,
801, 0.8, 1668, 2387, 2385, 6550,
802, 0.801, 1666, 2387, 2388, 6552,
803, 0.802, 1665, 2388, 2390, 6554,
804, 0.803, 1665, 2389, 2391, 6555,
805, 0.804, 1664, 2390, 2393, 6557,
806, 0.805, 1663, 2390, 2394, 6558,
807, 0.806, 1663, 2391, 2395, 6561,
808, 0.807, 1662, 2393, 2399, 6565,
809, 0.808, 1660, 2394, 2401, 6567,
810, 0.809, 1660, 2393, 2401, 6566,
811, 0.81, 1659, 2393, 2400, 6565,
812, 0.811, 1659, 2394, 2402, 6567,
813, 0.812, 1658, 2394, 2403, 6568,
814, 0.813, 1658, 2394, 2404, 6569,
815, 0.814, 1658, 2395, 2411, 6570,
816, 0.815, 1656, 2397, 2409, 6575,
817, 0.816, 1655, 2397, 2410, 6576,
818, 0.817, 1654, 2398, 2411, 6577,
819, 0.818, 1654, 2398, 2412, 6578,
820, 0.819, 1653, 2399, 2414, 6580,
821, 0.82, 1652, 2400, 2416, 6583,
822, 0.821, 1651, 2401, 2418, 6585,
823, 0.822, 1650, 2401, 2420, 6586,
824, 0.823, 1650, 2401, 2419, 6585,
825, 0.824, 1649, 2403, 2422, 6589,
826, 0.825, 1648, 2403, 2423, 6590,
827, 0.826, 1648, 2403, 2423, 6589,
828, 0.827, 1647, 2403, 2424, 6590,
829, 0.828, 1646, 2405, 2428, 6595,
830, 0.829, 1645, 2406, 2429, 6597,
831, 0.83, 1645, 2406, 2430, 6597,
832, 0.831, 1644, 2406, 2431, 6598,
833, 0.832, 1644, 2406, 2431, 6599,
834, 0.833, 1643, 2406, 2431, 6597,
835, 0.834, 1641, 2409, 2437, 6604,
836, 0.835, 1642, 2407, 2434, 6600,
837, 0.836, 1641, 2408, 2435, 6602,
838, 0.837, 1641, 2408, 2436, 6603,
839, 0.838, 1640, 2408, 2437, 6604,
840, 0.839, 1639, 2409, 2439, 6606,
841, 0.84, 1638, 2410, 2441, 6608,
842, 0.841, 1638, 2411, 2442, 6608,
843, 0.842, 1637, 2412, 2444, 6612,
844, 0.843, 1636, 2413, 2447, 6616,
845, 0.844, 1636, 2412, 2445, 6612,
846, 0.845, 1635, 2414, 2450, 6618,
847, 0.846, 1634, 2414, 2450, 6618,
848, 0.847, 1634, 2414, 2450, 6617,
849, 0.848, 1633, 2415, 2451, 6619,
850, 0.849, 1632, 2415, 2452, 6620,
851, 0.85, 1632, 2416, 2453, 6622,
852, 0.851, 1630, 2417, 2457, 6626,
853, 0.852, 1630, 2418, 2458, 6627,
854, 0.853, 1629, 2418, 2459, 6628,
855, 0.854, 1628, 2419, 2461, 6630,
856, 0.855, 1627, 2420, 2464, 6633,
857, 0.856, 1627, 2421, 2464, 6634,
858, 0.857, 1626, 2422, 2467, 6637,
859, 0.858, 1626, 2421, 2466, 6635,
860, 0.859, 1625, 2422, 2467, 6636,
861, 0.86, 1624, 2423, 2469, 6639,
862, 0.861, 1623, 2424, 2473, 6643,
863, 0.862, 1622, 2425, 2473, 6644,
864, 0.863, 1622, 2425, 2475, 6646,
865, 0.864, 1621, 2425, 2475, 6645,
866, 0.865, 1620, 2426, 2477, 6647,
867, 0.866, 1620, 2426, 2477, 6647,
868, 0.867, 1619, 2427, 2479, 6650,
869, 0.868, 1619, 2428, 2480, 6651,
870, 0.869, 1618, 2428, 2481, 6652,
871, 0.872, 1561, 2246, 2281, 6173,
872, 0.873, 1636, 2419, 2471, 6640,
873, 0.874, 1614, 2432, 2489, 6661,
874, 0.875, 1614, 2434, 2492, 6666,
875, 0.876, 1614, 2434, 2493, 6667,
876, 0.877, 1613, 2433, 2492, 6665,
877, 0.878, 1611, 2434, 2494, 6666,
878, 0.879, 1611, 2436, 2497, 6671,
879, 0.88, 1610, 2435, 2498, 6671,
880, 0.881, 1610, 2436, 2499, 6672,
881, 0.882, 1609, 2437, 2500, 6673,
882, 0.883, 1609, 2438, 2502, 6676,
883, 0.884, 1607, 2438, 2503, 6676,
884, 0.885, 1606, 2439, 2505, 6679,
885, 0.886, 1607, 2440, 2506, 6681,
886, 0.887, 1605, 2440, 2508, 6683,
887, 0.888, 1605, 2440, 2509, 6683,
888, 0.889, 1604, 2442, 2511, 6686,
889, 0.89, 1604, 2442, 2512, 6687,
890, 0.891, 1603, 2441, 2511, 6685,
891, 0.892, 1602, 2442, 2513, 6687,
892, 0.893, 1601, 2444, 2516, 6691,
893, 0.894, 1601, 2444, 2517, 6691,
894, 0.895, 1600, 2444, 2518, 6692,
895, 0.896, 1599, 2445, 2519, 6694,
896, 0.897, 1599, 2445, 2520, 6695,
897, 0.898, 1598, 2446, 2522, 6696,
898, 0.899, 1598, 2446, 2522, 6697,
899, 0.9, 1596, 2447, 2525, 6700,
900, 0.901, 1596, 2448, 2527, 6702,
901, 0.902, 1593, 2449, 2530, 6705,
902, 0.903, 1594, 2450, 2530, 6706,
903, 0.904, 1593, 2450, 2532, 6708,
904, 0.905, 1592, 2451, 2533, 6708,
905, 0.906, 1592, 2451, 2534, 6710,
906, 0.907, 1591, 2452, 2536, 6712,
907, 0.908, 1591, 2452, 2536, 6712,
908, 0.909, 1589, 2453, 2539, 6715,
909, 0.91, 1588, 2455, 2541, 6718,
910, 0.911, 1588, 2455, 2541, 6718,
911, 0.912, 1587, 2455, 2543, 6719,
912, 0.913, 1587, 2456, 2544, 6721,
913, 0.914, 1587, 2456, 2545, 6722,
914, 0.915, 1585, 2457, 2546, 6723,
915, 0.916, 1584, 2458, 2549, 6726,
916, 0.917, 1584, 2458, 2549, 6727,
917, 0.918, 1583, 2459, 2551, 6728,
918, 0.919, 1583, 2459, 2551, 6729,
919, 0.92, 1583, 2459, 2552, 6730,
920, 0.921, 1581, 2460, 2554, 6731,
921, 0.922, 1580, 2461, 2556, 6733,
922, 0.923, 1580, 2461, 2557, 6734,
923, 0.924, 1580, 2462, 2558, 6735,
924, 0.925, 1578, 2462, 2559, 6736,
925, 0.926, 1577, 2463, 2562, 6739,
926, 0.927, 1577, 2463, 2562, 6740,
927, 0.928, 1577, 2464, 2563, 6741,
928, 0.929, 1576, 2464, 2565, 6742,
929, 0.93, 1575, 2465, 2565, 6742,
930, 0.931, 1574, 2465, 2567, 6744,
931, 0.932, 1573, 2466, 2570, 6747,
932, 0.933, 1573, 2467, 2570, 6747,
933, 0.934, 1572, 2467, 2571, 6748,
934, 0.935, 1571, 2468, 2572, 6750,
935, 0.936, 1571, 2468, 2573, 6750,
936, 0.937, 1570, 2468, 2575, 6752,
937, 0.938, 1568, 2469, 2577, 6754,
938, 0.939, 1568, 2470, 2578, 6755,
939, 0.94, 1567, 2470, 2579, 6757,
940, 0.941, 1567, 2471, 2580, 6758,
941, 0.942, 1567, 2471, 2581, 6759,
942, 0.943, 1565, 2472, 2583, 6760,
943, 0.944, 1565, 2472, 2583, 6760,
944, 0.945, 1564, 2473, 2585, 6763,
945, 0.946, 1563, 2474, 2587, 6765,
946, 0.947, 1563, 2474, 2588, 6766,
947, 0.948, 1562, 2475, 2589, 6767,
948, 0.949, 1561, 2475, 2590, 6768,
949, 0.95, 1561, 2475, 2591, 6768,
950, 0.951, 1559, 2477, 2594, 6772,
951, 0.952, 1558, 2477, 2596, 6774,
952, 0.953, 1558, 2478, 2596, 6774,
953, 0.954, 1557, 2479, 2599, 6777,
954, 0.955, 1556, 2480, 2601, 6779,
955, 0.956, 1556, 2480, 2601, 6780,
956, 0.957, 1555, 2480, 2602, 6781,
957, 0.958, 1554, 2481, 2604, 6782,
958, 0.959, 1554, 2481, 2604, 6782,
959, 0.96, 1553, 2482, 2607, 6785,
960, 0.961, 1551, 2483, 2609, 6787,
961, 0.962, 1551, 2483, 2609, 6788,
962, 0.963, 1550, 2484, 2611, 6790,
963, 0.964, 1550, 2484, 2612, 6791,
964, 0.965, 1549, 2485, 2613, 6792,
965, 0.966, 1549, 2485, 2615, 6793,
966, 0.967, 1548, 2485, 2615, 6794,
967, 0.968, 1547, 2486, 2617, 6796,
968, 0.969, 1546, 2487, 2619, 6798,
969, 0.97, 1546, 2487, 2620, 6798,
970, 0.971, 1545, 2488, 2621, 6800,
971, 0.972, 1544, 2488, 2622, 6801,
972, 0.973, 1544, 2488, 2623, 6801,
973, 0.974, 1543, 2489, 2625, 6804,
974, 0.975, 1543, 2489, 2625, 6803,
975, 0.976, 1541, 2491, 2627, 6806,
976, 0.977, 1540, 2491, 2629, 6808,
977, 0.978, 1540, 2492, 2630, 6809,
978, 0.979, 1540, 2492, 2631, 6811,
979, 0.98, 1538, 2493, 2633, 6812,
980, 0.981, 1537, 2494, 2635, 6815,
981, 0.982, 1537, 2494, 2635, 6815,
982, 0.983, 1536, 2495, 2637, 6816,
983, 0.984, 1536, 2495, 2638, 6817,
984, 0.985, 1535, 2495, 2639, 6818,
985, 0.986, 1534, 2496, 2640, 6819,
986, 0.987, 1534, 2496, 2641, 6820,
987, 0.988, 1533, 2497, 2643, 6822,
988, 0.989, 1532, 2498, 2645, 6824,
989, 0.99, 1531, 2498, 2645, 6825,
990, 0.991, 1531, 2498, 2647, 6826,
991, 0.992, 1530, 2499, 2648, 6827,
992, 0.993, 1530, 2499, 2648, 6827,
993, 0.994, 1529, 2500, 2651, 6830,
994, 0.995, 1528, 2501, 2652, 6832,
995, 0.996, 1527, 2501, 2653, 6832,
996, 0.997, 1526, 2501, 2654, 6833,
997, 0.998, 1526, 2502, 2655, 6835,
998, 0.999, 1526, 2502, 2655, 6835,
999, 0.0, 1687, 2154, 2033, 5949,
1000, 0.001, 1922, 1633, 1106, 4622,
