1, 0.002, 350, 297, 203, 839,
2, 0.003, 1651, 1422, 971, 4001,
3, 0.004, 1649, 1417, 968, 3990,
4, 0.005, 1648, 1416, 968, 3988,
5, 0.006, 1648, 1415, 967, 3986,
6, 0.007, 1647, 1415, 968, 3986,
7, 0.008, 1647, 1415, 969, 3987,
8, 0.009, 1647, 1416, 969, 3988,
9, 0.01, 1646, 1416, 970, 3988,
10, 0.011, 1646, 1416, 971, 3989,
11, 0.012, 1645, 1417, 973, 3992,
12, 0.013, 1646, 1418, 974, 3994,
13, 0.014, 1646, 1418, 975, 3995,
14, 0.015, 1645, 1419, 976, 3996,
15, 0.016, 1646, 1419, 976, 3998,
16, 0.017, 1645, 1421, 978, 4001,
17, 0.018, 1645, 1420, 979, 4001,
18, 0.019, 1644, 1422, 981, 4004,
19, 0.02, 1644, 1423, 983, 4007,
20, 0.021, 1645, 1424, 984, 4009,
21, 0.022, 1644, 1424, 985, 4010,
22, 0.023, 1644, 1425, 986, 4012,
23, 0.024, 1644, 1425, 986, 4014,
24, 0.025, 1644, 1427, 989, 4017,
25, 0.026, 1644, 1428, 991, 4020,
26, 0.027, 1644, 1429, 991, 4022,
27, 0.028, 1644, 1429, 993, 4024,
28, 0.029, 1643, 1430, 994, 4026,
29, 0.03, 1643, 1430, 994, 4026,
30, 0.031, 1643, 1432, 997, 4030,
31, 0.032, 1643, 1433, 998, 4033,
32, 0.033, 1643, 1433, 999, 4034,
33, 0.034, 1643, 1434, 1000, 4036,
34, 0.035, 1643, 1435, 1002, 4039,
35, 0.036, 1643, 1435, 1002, 4039,
36, 0.037, 1642, 1437, 1004, 4042,
37, 0.038, 1642, 1438, 1007, 4047,
38, 0.039, 1642, 1438, 1007, 4047,
39, 0.04, 1642, 1439, 1008, 4048,
40, 0.041, 1642, 1440, 1010, 4051,
41, 0.042, 1642, 1440, 1010, 4051,
42, 0.043, 1642, 1442, 1012, 4056,
43, 0.044, 1641, 1443, 1014, 4058,
44, 0.045, 1642, 1443, 1015, 4060,
45, 0.046, 1641, 1444, 1016, 4061,
46, 0.047, 1641, 1445, 1017, 4064,
47, 0.048, 1641, 1446, 1020, 4068,
48, 0.049, 1641, 1447, 1020, 4069,
49, 0.05, 1641, 1447, 1021, 4069,
50, 0.051, 1641, 1449, 1024, 4076,
51, 0.052, 1641, 1450, 1025, 4077,
52, 0.053, 1640, 1451, 1026, 4079,
53, 0.054, 1640, 1452, 1028, 4082,
54, 0.055, 1640, 1452, 1028, 4082,
55, 0.056, 1640, 1454, 1031, 4087,
56, 0.057, 1640, 1455, 1033, 4090,
57, 0.058, 1640, 1455, 1033, 4091,
58, 0.059, 1640, 1456, 1034, 4092,
59, 0.06, 1640, 1457, 1036, 4096,
60, 0.061, 1640, 1457, 1036, 4096,
61, 0.062, 1640, 1459, 1039, 4100,
62, 0.063, 1639, 1460, 1041, 4103,
63, 0.064, 1639, 1460, 1041, 4104,
64, 0.065, 1639, 1461, 1042, 4106,
65, 0.066, 1639, 1462, 1044, 4108,
66, 0.067, 1639, 1462, 1044, 4109,
67, 0.068, 1639, 1464, 1047, 4113,
68, 0.069, 1639, 1465, 1049, 4116,
69, 0.07, 1639, 1466, 1050, 4118,
70, 0.071, 1639, 1466, 1051, 4120,
71, 0.072, 1638, 1467, 1052, 4122,
72, 0.073, 1638, 1469, 1054, 4126,
73, 0.074, 1638, 1469, 1055, 4126,
74, 0.075, 1638, 1470, 1056, 4129,
75, 0.076, 1638, 1471, 1057, 4131,
76, 0.077, 1638, 1471, 1058, 4133,
77, 0.078, 1638, 1472, 1060, 4135,
78, 0.079, 1638, 1473, 1060, 4136,
79, 0.08, 1638, 1474, 1063, 4140,
80, 0.081, 1638, 1475, 1065, 4143,
81, 0.082, 1638, 1476, 1066, 4145,
82, 0.083, 1638, 1477, 1067, 4147,
83, 0.084, 1637, 1478, 1068, 4149,
84, 0.085, 1637, 1478, 1069, 4150,
85, 0.086, 1637, 1479, 1071, 4154,
86, 0.087, 1637, 1481, 1074, 4158,
87, 0.088, 1637, 1481, 1074, 4158,
88, 0.089, 1637, 1482, 1076, 4161,
89, 0.09, 1637, 1483, 1076, 4163,
90, 0.091, 1637, 1484, 1078, 4165,
91, 0.092, 1637, 1485, 1079, 4167,
92, 0.093, 1637, 1485, 1080, 4168,
93, 0.094, 1637, 1486, 1082, 4172,
94, 0.095, 1636, 1488, 1084, 4176,
95, 0.096, 1637, 1488, 1085, 4177,
96, 0.097, 1636, 1489, 1086, 4180,
97, 0.098, 1636, 1490, 1087, 4181,
98, 0.099, 1636, 1490, 1088, 4182,
99, 0.1, 1636, 1493, 1091, 4188,
100, 0.101, 1636, 1493, 1093, 4190,
101, 0.102, 1636, 1494, 1094, 4192,
102, 0.103, 1636, 1495, 1095, 4195,
103, 0.104, 1636, 1495, 1096, 4195,
104, 0.105, 1636, 1497, 1098, 4200,
105, 0.106, 1636, 1498, 1100, 4202,
106, 0.107, 1636, 1499, 1101, 4204,
107, 0.108, 1635, 1499, 1101, 4205,
108, 0.109, 1635, 1500, 1103, 4208,
109, 0.11, 1635, 1502, 1106, 4213,
110, 0.111, 1635, 1502, 1106, 4213,
111, 0.112, 1635, 1503, 1108, 4216,
112, 0.113, 1635, 1504, 1109, 4218,
113, 0.114, 1635, 1505, 1110, 4219,
114, 0.115, 1635, 1506, 1112, 4222,
115, 0.116, 1635, 1506, 1112, 4222,
116, 0.117, 1635, 1508, 1114, 4227,
117, 0.118, 1635, 1509, 1116, 4230,
118, 0.119, 1634, 1509, 1117, 4232,
119, 0.12, 1634, 1510, 1118, 4233,
120, 0.121, 1634, 1511, 1120, 4236,
121, 0.122, 1634, 1511, 1120, 4237,
122, 0.123, 1634, 1513, 1122, 4241,
123, 0.124, 1634, 1514, 1124, 4244,
124, 0.125, 1634, 1515, 1125, 4245,
125, 0.126, 1634, 1516, 1127, 4247,
126, 0.127, 1634, 1516, 1128, 4250,
127, 0.128, 1634, 1517, 1128, 4251,
128, 0.129, 1634, 1518, 1131, 4254,
129, 0.13, 1634, 1520, 1133, 4258,
130, 0.131, 1634, 1520, 1133, 4259,
131, 0.132, 1634, 1521, 1134, 4261,
132, 0.133, 1633, 1522, 1136, 4264,
133, 0.134, 1634, 1522, 1137, 4265,
134, 0.135, 1633, 1524, 1139, 4268,
135, 0.136, 1633, 1525, 1141, 4272,
136, 0.137, 1633, 1525, 1141, 4273,
137, 0.138, 1633, 1526, 1142, 4275,
138, 0.139, 1633, 1527, 1144, 4278,
139, 0.14, 1633, 1529, 1147, 4282,
140, 0.141, 1633, 1529, 1147, 4283,
141, 0.142, 1633, 1530, 1149, 4286,
142, 0.143, 1633, 1531, 1150, 4287,
143, 0.144, 1633, 1532, 1151, 4289,
144, 0.145, 1633, 1533, 1152, 4292,
145, 0.146, 1633, 1533, 1153, 4293,
146, 0.147, 1633, 1534, 1155, 4297,
147, 0.148, 1632, 1536, 1158, 4301,
148, 0.149, 1633, 1536, 1158, 4301,
149, 0.15, 1632, 1537, 1160, 4304,
150, 0.151, 1632, 1540, 1163, 4310,
151, 0.152, 1632, 1540, 1164, 4311,
152, 0.153, 1632, 1541, 1165, 4314,
153, 0.154, 1632, 1542, 1166, 4315,
154, 0.155, 1632, 1542, 1167, 4316,
155, 0.156, 1632, 1544, 1169, 4320,
156, 0.157, 1632, 1544, 1169, 4320,
157, 0.158, 1632, 1545, 1172, 4325,
158, 0.159, 1631, 1547, 1174, 4328,
159, 0.16, 1631, 1547, 1175, 4329,
160, 0.161, 1631, 1548, 1176, 4331,
161, 0.162, 1631, 1549, 1177, 4334,
162, 0.163, 1631, 1550, 1179, 4337,
163, 0.164, 1631, 1551, 1180, 4339,
164, 0.165, 1631, 1551, 1181, 4341,
165, 0.166, 1631, 1553, 1183, 4344,
166, 0.167, 1631, 1553, 1184, 4344,
167, 0.168, 1631, 1554, 1186, 4348,
168, 0.169, 1631, 1556, 1187, 4351,
169, 0.17, 1631, 1556, 1188, 4353,
170, 0.171, 1630, 1557, 1189, 4354,
171, 0.172, 1630, 1558, 1191, 4357,
172, 0.173, 1630, 1558, 1191, 4358,
173, 0.174, 1630, 1560, 1194, 4362,
174, 0.175, 1630, 1561, 1196, 4365,
175, 0.176, 1630, 1561, 1197, 4367,
176, 0.177, 1630, 1562, 1198, 4369,
177, 0.178, 1630, 1563, 1199, 4371,
178, 0.179, 1630, 1565, 1202, 4375,
179, 0.18, 1630, 1565, 1202, 4376,
180, 0.181, 1629, 1566, 1203, 4378,
181, 0.182, 1629, 1567, 1205, 4380,
182, 0.183, 1629, 1569, 1207, 4385,
183, 0.184, 1629, 1569, 1207, 4385,
184, 0.185, 1629, 1570, 1210, 4389,
185, 0.186, 1629, 1571, 1210, 4390,
186, 0.187, 1629, 1571, 1212, 4392,
187, 0.188, 1629, 1572, 1213, 4395,
188, 0.189, 1629, 1572, 1213, 4395,
189, 0.19, 1629, 1574, 1216, 4400,
190, 0.191, 1629, 1576, 1218, 4403,
191, 0.192, 1629, 1576, 1219, 4405,
192, 0.193, 1629, 1577, 1220, 4407,
193, 0.194, 1629, 1577, 1221, 4408,
194, 0.195, 1629, 1578, 1221, 4409,
195, 0.196, 1629, 1579, 1224, 4413,
196, 0.197, 1629, 1581, 1226, 4417,
197, 0.198, 1629, 1581, 1227, 4418,
198, 0.199, 1629, 1581, 1227, 4418,
199, 0.2, 1628, 1584, 1231, 4426,
200, 0.201, 1628, 1585, 1232, 4428,
201, 0.202, 1628, 1586, 1234, 4430,
202, 0.203, 1628, 1586, 1234, 4431,
203, 0.204, 1628, 1588, 1237, 4436,
204, 0.205, 1628, 1588, 1237, 4436,
205, 0.206, 1628, 1589, 1239, 4439,
206, 0.207, 1628, 1590, 1240, 4440,
207, 0.208, 1628, 1591, 1241, 4442,
208, 0.209, 1628, 1591, 1242, 4445,
209, 0.21, 1628, 1592, 1243, 4446,
210, 0.211, 1628, 1593, 1245, 4449,
211, 0.212, 1627, 1595, 1247, 4453,
212, 0.213, 1628, 1595, 1248, 4454,
213, 0.214, 1627, 1596, 1249, 4456,
214, 0.215, 1627, 1597, 1250, 4458,
215, 0.216, 1627, 1597, 1251, 4459,
216, 0.217, 1627, 1598, 1253, 4462,
217, 0.218, 1627, 1599, 1253, 4463,
218, 0.219, 1627, 1600, 1256, 4467,
219, 0.22, 1627, 1601, 1257, 4470,
220, 0.221, 1627, 1602, 1258, 4472,
221, 0.222, 1627, 1603, 1259, 4474,
222, 0.223, 1627, 1604, 1261, 4477,
223, 0.224, 1627, 1604, 1261, 4477,
224, 0.225, 1627, 1606, 1264, 4481,
225, 0.226, 1627, 1607, 1266, 4485,
226, 0.227, 1627, 1608, 1266, 4486,
227, 0.228, 1627, 1608, 1268, 4488,
228, 0.229, 1626, 1609, 1269, 4491,
229, 0.23, 1627, 1610, 1270, 4492,
230, 0.231, 1626, 1611, 1272, 4495,
231, 0.232, 1626, 1613, 1274, 4500,
232, 0.233, 1626, 1613, 1274, 4500,
233, 0.234, 1626, 1614, 1276, 4502,
234, 0.235, 1626, 1615, 1277, 4505,
235, 0.236, 1626, 1615, 1278, 4506,
236, 0.237, 1626, 1617, 1280, 4509,
237, 0.238, 1626, 1618, 1283, 4514,
238, 0.239, 1626, 1618, 1283, 4514,
239, 0.24, 1626, 1619, 1285, 4517,
240, 0.241, 1626, 1620, 1286, 4519,
241, 0.242, 1626, 1621, 1286, 4520,
242, 0.243, 1626, 1622, 1289, 4525,
243, 0.244, 1625, 1624, 1292, 4530,
244, 0.245, 1626, 1624, 1292, 4530,
245, 0.246, 1625, 1626, 1294, 4533,
246, 0.247, 1625, 1626, 1295, 4535,
247, 0.248, 1625, 1627, 1296, 4536,
248, 0.249, 1625, 1628, 1297, 4539,
249, 0.25, 1625, 1628, 1297, 4538,
250, 0.251, 1625, 1630, 1301, 4545,
251, 0.252, 1625, 1631, 1303, 4548,
252, 0.253, 1625, 1631, 1303, 4548,
253, 0.254, 1624, 1634, 1308, 4556,
254, 0.255, 1624, 1635, 1309, 4558,
255, 0.256, 1624, 1636, 1310, 4560,
256, 0.257, 1624, 1636, 1311, 4561,
257, 0.258, 1624, 1638, 1313, 4565,
258, 0.259, 1624, 1639, 1315, 4569,
259, 0.26, 1624, 1640, 1316, 4570,
260, 0.261, 1624, 1641, 1317, 4572,
261, 0.262, 1623, 1642, 1319, 4575,
262, 0.263, 1623, 1642, 1320, 4576,
263, 0.264, 1624, 1643, 1320, 4577,
264, 0.265, 1624, 1644, 1322, 4581,
265, 0.266, 1624, 1644, 1322, 4580,
266, 0.267, 1624, 1645, 1324, 4583,
267, 0.268, 1624, 1646, 1325, 4585,
268, 0.269, 1624, 1646, 1326, 4587,
269, 0.27, 1624, 1647, 1327, 4589,
270, 0.271, 1623, 1649, 1329, 4593,
271, 0.272, 1623, 1649, 1330, 4594,
272, 0.273, 1623, 1650, 1331, 4597,
273, 0.274, 1623, 1651, 1333, 4599,
274, 0.275, 1623, 1652, 1333, 4600,
275, 0.276, 1623, 1653, 1335, 4603,
276, 0.277, 1623, 1654, 1338, 4608,
277, 0.278, 1623, 1654, 1338, 4608,
278, 0.279, 1623, 1656, 1340, 4611,
279, 0.28, 1623, 1656, 1341, 4613,
280, 0.281, 1623, 1657, 1342, 4615,
281, 0.282, 1622, 1658, 1344, 4618,
282, 0.283, 1623, 1659, 1344, 4619,
283, 0.284, 1622, 1660, 1347, 4622,
284, 0.285, 1622, 1662, 1349, 4627,
285, 0.286, 1622, 1662, 1350, 4628,
286, 0.287, 1622, 1663, 1351, 4629,
287, 0.288, 1622, 1664, 1352, 4632,
288, 0.289, 1622, 1664, 1353, 4634,
289, 0.29, 1622, 1666, 1355, 4637,
290, 0.291, 1622, 1667, 1357, 4641,
291, 0.292, 1622, 1667, 1357, 4641,
292, 0.293, 1622, 1668, 1359, 4643,
293, 0.294, 1622, 1669, 1360, 4646,
294, 0.295, 1622, 1669, 1360, 4647,
295, 0.296, 1622, 1671, 1363, 4650,
296, 0.297, 1622, 1672, 1364, 4653,
297, 0.298, 1622, 1673, 1365, 4655,
298, 0.299, 1622, 1673, 1366, 4656,
299, 0.3, 1621, 1675, 1370, 4662,
300, 0.301, 1621, 1676, 1371, 4664,
301, 0.302, 1622, 1677, 1372, 4666,
302, 0.303, 1621, 1678, 1374, 4669,
303, 0.304, 1621, 1679, 1375, 4672,
304, 0.305, 1621, 1680, 1377, 4674,
305, 0.306, 1621, 1681, 1377, 4676,
306, 0.307, 1621, 1682, 1379, 4678,
307, 0.308, 1621, 1683, 1382, 4683,
308, 0.309, 1621, 1684, 1382, 4683,
309, 0.31, 1621, 1684, 1383, 4686,
310, 0.311, 1621, 1685, 1385, 4688,
311, 0.312, 1621, 1686, 1385, 4689,
312, 0.313, 1620, 1687, 1388, 4694,
313, 0.314, 1620, 1689, 1390, 4698,
314, 0.315, 1620, 1690, 1391, 4699,
315, 0.316, 1620, 1691, 1393, 4702,
316, 0.317, 1620, 1691, 1394, 4703,
317, 0.318, 1620, 1691, 1394, 4703,
318, 0.319, 1620, 1693, 1397, 4708,
319, 0.32, 1620, 1695, 1400, 4713,
320, 0.321, 1620, 1695, 1400, 4713,
321, 0.322, 1620, 1696, 1402, 4716,
322, 0.323, 1620, 1697, 1402, 4718,
323, 0.324, 1620, 1697, 1403, 4719,
324, 0.325, 1619, 1699, 1405, 4722,
325, 0.326, 1619, 1699, 1405, 4723,
326, 0.327, 1619, 1700, 1408, 4727,
327, 0.328, 1619, 1702, 1410, 4731,
328, 0.329, 1619, 1702, 1411, 4732,
329, 0.33, 1619, 1703, 1412, 4735,
330, 0.331, 1619, 1704, 1413, 4737,
331, 0.332, 1619, 1704, 1414, 4737,
332, 0.333, 1619, 1706, 1416, 4741,
333, 0.334, 1619, 1708, 1419, 4746,
334, 0.335, 1619, 1708, 1419, 4746,
335, 0.336, 1619, 1709, 1420, 4749,
336, 0.337, 1619, 1709, 1422, 4750,
337, 0.338, 1619, 1710, 1422, 4751,
338, 0.339, 1618, 1711, 1424, 4755,
339, 0.34, 1618, 1712, 1426, 4758,
340, 0.341, 1618, 1713, 1427, 4760,
341, 0.342, 1618, 1714, 1428, 4762,
342, 0.343, 1618, 1715, 1430, 4764,
343, 0.344, 1618, 1715, 1430, 4765,
344, 0.345, 1618, 1717, 1433, 4769,
345, 0.346, 1618, 1718, 1435, 4772,
346, 0.347, 1618, 1718, 1435, 4774,
347, 0.348, 1618, 1719, 1436, 4775,
348, 0.349, 1618, 1720, 1438, 4778,
349, 0.35, 1618, 1720, 1438, 4779,
350, 0.351, 1617, 1723, 1442, 4785,
351, 0.352, 1617, 1724, 1444, 4788,
352, 0.353, 1617, 1726, 1446, 4788,
353, 0.354, 1617, 1726, 1447, 4793,
354, 0.355, 1617, 1727, 1449, 4796,
355, 0.356, 1617, 1727, 1449, 4797,
356, 0.357, 1617, 1728, 1451, 4800,
357, 0.358, 1617, 1729, 1452, 4802,
358, 0.359, 1617, 1729, 1452, 4802,
359, 0.36, 1617, 1731, 1455, 4806,
360, 0.361, 1617, 1732, 1456, 4810,
361, 0.362, 1617, 1733, 1458, 4812,
362, 0.363, 1617, 1733, 1458, 4813,
363, 0.364, 1616, 1735, 1460, 4816,
364, 0.365, 1616, 1737, 1463, 4821,
365, 0.366, 1616, 1737, 1463, 4821,
366, 0.367, 1616, 1738, 1465, 4824,
367, 0.368, 1616, 1738, 1465, 4825,
368, 0.369, 1616, 1739, 1466, 4826,
369, 0.37, 1616, 1740, 1468, 4830,
370, 0.371, 1616, 1742, 1471, 4834,
371, 0.372, 1616, 1742, 1471, 4835,
372, 0.373, 1616, 1743, 1473, 4838,
373, 0.374, 1616, 1744, 1474, 4839,
374, 0.375, 1616, 1744, 1475, 4841,
375, 0.376, 1615, 1745, 1477, 4844,
376, 0.377, 1615, 1747, 1479, 4847,
377, 0.378, 1615, 1747, 1479, 4848,
378, 0.379, 1615, 1748, 1481, 4851,
379, 0.38, 1615, 1749, 1482, 4853,
380, 0.381, 1615, 1749, 1482, 4854,
381, 0.382, 1615, 1751, 1485, 4858,
382, 0.383, 1615, 1752, 1487, 4862,
383, 0.384, 1615, 1753, 1487, 4862,
384, 0.385, 1615, 1754, 1489, 4865,
385, 0.386, 1615, 1754, 1490, 4867,
386, 0.387, 1614, 1755, 1491, 4868,
387, 0.388, 1614, 1756, 1493, 4871,
388, 0.389, 1614, 1758, 1495, 4875,
389, 0.39, 1614, 1758, 1496, 4876,
390, 0.391, 1614, 1759, 1497, 4878,
391, 0.392, 1614, 1760, 1498, 4881,
392, 0.393, 1614, 1760, 1499, 4881,
393, 0.394, 1614, 1761, 1501, 4885,
394, 0.395, 1614, 1763, 1503, 4889,
395, 0.396, 1614, 1763, 1504, 4890,
396, 0.397, 1614, 1764, 1505, 4893,
397, 0.398, 1614, 1765, 1507, 4895,
398, 0.399, 1614, 1766, 1507, 4896,
399, 0.4, 1613, 1768, 1511, 4902,
400, 0.401, 1613, 1769, 1512, 4904,
401, 0.402, 1613, 1769, 1513, 4906,
402, 0.403, 1613, 1770, 1515, 4908,
403, 0.404, 1613, 1772, 1517, 4912,
404, 0.405, 1613, 1772, 1518, 4913,
405, 0.406, 1613, 1773, 1519, 4915,
406, 0.407, 1613, 1774, 1520, 4918,
407, 0.408, 1613, 1774, 1521, 4918,
408, 0.409, 1613, 1776, 1523, 4922,
409, 0.41, 1612, 1777, 1525, 4926,
410, 0.411, 1613, 1778, 1526, 4927,
411, 0.412, 1612, 1778, 1527, 4929,
412, 0.413, 1612, 1779, 1529, 4932,
413, 0.414, 1612, 1780, 1529, 4933,
414, 0.415, 1612, 1781, 1531, 4936,
415, 0.416, 1612, 1783, 1534, 4941,
416, 0.417, 1612, 1783, 1534, 4941,
417, 0.418, 1612, 1784, 1536, 4945,
418, 0.419, 1612, 1785, 1537, 4946,
419, 0.42, 1612, 1785, 1537, 4946,
420, 0.421, 1612, 1787, 1540, 4950,
421, 0.422, 1612, 1788, 1542, 4954,
422, 0.423, 1612, 1788, 1542, 4955,
423, 0.424, 1612, 1789, 1543, 4956,
424, 0.425, 1611, 1790, 1545, 4960,
425, 0.426, 1611, 1792, 1547, 4963,
426, 0.427, 1611, 1792, 1548, 4964,
427, 0.428, 1611, 1793, 1549, 4966,
428, 0.429, 1611, 1794, 1551, 4969,
429, 0.43, 1611, 1795, 1553, 4973,
430, 0.431, 1611, 1796, 1553, 4974,
431, 0.432, 1611, 1796, 1554, 4975,
432, 0.433, 1611, 1797, 1556, 4978,
433, 0.434, 1611, 1799, 1558, 4981,
434, 0.435, 1611, 1799, 1559, 4983,
435, 0.436, 1611, 1800, 1560, 4984,
436, 0.437, 1610, 1801, 1561, 4987,
437, 0.438, 1610, 1801, 1562, 4989,
438, 0.439, 1610, 1802, 1564, 4992,
439, 0.44, 1610, 1804, 1567, 4996,
440, 0.441, 1611, 1805, 1567, 4997,
441, 0.442, 1610, 1805, 1568, 4998,
442, 0.443, 1610, 1806, 1569, 5000,
443, 0.444, 1610, 1806, 1569, 5000,
444, 0.445, 1610, 1808, 1572, 5005,
445, 0.446, 1610, 1808, 1573, 5007,
446, 0.447, 1610, 1809, 1574, 5009,
447, 0.448, 1610, 1810, 1574, 5010,
448, 0.449, 1610, 1811, 1577, 5014,
449, 0.45, 1610, 1813, 1579, 5018,
450, 0.451, 1610, 1813, 1580, 5020,
451, 0.452, 1609, 1815, 1584, 5025,
452, 0.453, 1609, 1816, 1584, 5026,
453, 0.454, 1609, 1817, 1586, 5029,
454, 0.455, 1609, 1818, 1588, 5033,
455, 0.456, 1609, 1819, 1589, 5034,
456, 0.457, 1609, 1819, 1589, 5034,
457, 0.458, 1609, 1820, 1591, 5038,
458, 0.459, 1609, 1821, 1592, 5040,
459, 0.46, 1609, 1822, 1594, 5042,
460, 0.461, 1609, 1823, 1595, 5044,
461, 0.462, 1609, 1824, 1597, 5047,
462, 0.463, 1609, 1825, 1599, 5051,
463, 0.464, 1609, 1826, 1599, 5052,
464, 0.465, 1608, 1827, 1601, 5055,
465, 0.466, 1608, 1827, 1602, 5056,
466, 0.467, 1608, 1828, 1602, 5057,
467, 0.468, 1608, 1829, 1605, 5062,
468, 0.469, 1608, 1830, 1607, 5064,
469, 0.47, 1608, 1831, 1607, 5065,
470, 0.471, 1608, 1833, 1610, 5070,
471, 0.472, 1608, 1833, 1610, 5071,
472, 0.473, 1608, 1834, 1612, 5073,
473, 0.474, 1608, 1835, 1613, 5075,
474, 0.475, 1608, 1835, 1613, 5076,
475, 0.476, 1607, 1836, 1615, 5079,
476, 0.477, 1607, 1837, 1617, 5083,
477, 0.478, 1607, 1838, 1618, 5083,
478, 0.479, 1607, 1838, 1619, 5085,
479, 0.48, 1607, 1840, 1621, 5088,
480, 0.481, 1607, 1840, 1621, 5088,
481, 0.482, 1607, 1842, 1624, 5093,
482, 0.483, 1607, 1843, 1626, 5097,
483, 0.484, 1607, 1843, 1627, 5098,
484, 0.485, 1607, 1844, 1628, 5100,
485, 0.486, 1606, 1845, 1629, 5102,
486, 0.487, 1606, 1845, 1629, 5103,
487, 0.488, 1606, 1847, 1632, 5106,
488, 0.489, 1606, 1848, 1634, 5110,
489, 0.49, 1606, 1849, 1635, 5111,
490, 0.491, 1606, 1849, 1636, 5112,
491, 0.492, 1606, 1850, 1637, 5116,
492, 0.493, 1606, 1851, 1639, 5118,
493, 0.494, 1606, 1852, 1640, 5120,
494, 0.495, 1605, 1854, 1643, 5125,
495, 0.496, 1606, 1854, 1643, 5125,
496, 0.497, 1605, 1855, 1645, 5128,
497, 0.498, 1605, 1856, 1646, 5130,
498, 0.499, 1605, 1858, 1648, 5134,
499, 0.5, 1605, 1858, 1650, 5136,
500, 0.501, 1604, 1863, 1657, 5147,
501, 0.502, 1601, 1865, 1662, 5154,
502, 0.503, 1601, 1866, 1663, 5155,
503, 0.504, 1600, 1866, 1664, 5156,
504, 0.505, 1600, 1867, 1666, 5158,
505, 0.506, 1600, 1867, 1667, 5159,
506, 0.507, 1599, 1868, 1669, 5162,
507, 0.508, 1598, 1869, 1671, 5164,
508, 0.509, 1598, 1870, 1671, 5165,
509, 0.51, 1597, 1870, 1673, 5166,
510, 0.511, 1596, 1871, 1674, 5168,
511, 0.512, 1596, 1871, 1675, 5169,
512, 0.513, 1595, 1872, 1676, 5170,
513, 0.514, 1594, 1873, 1678, 5173,
514, 0.515, 1594, 1873, 1679, 5174,
515, 0.516, 1594, 1874, 1680, 5175,
516, 0.517, 1593, 1874, 1682, 5177,
517, 0.518, 1592, 1876, 1684, 5180,
518, 0.519, 1592, 1876, 1684, 5180,
519, 0.52, 1591, 1876, 1686, 5182,
520, 0.521, 1591, 1877, 1687, 5183,
521, 0.522, 1590, 1877, 1688, 5184,
522, 0.523, 1589, 1878, 1690, 5187,
523, 0.524, 1588, 1879, 1692, 5189,
524, 0.525, 1588, 1879, 1692, 5189,
525, 0.526, 1588, 1880, 1694, 5192,
526, 0.527, 1587, 1881, 1695, 5193,
527, 0.528, 1587, 1881, 1696, 5195,
528, 0.529, 1586, 1882, 1697, 5196,
529, 0.53, 1586, 1882, 1698, 5197,
530, 0.531, 1585, 1883, 1700, 5199,
531, 0.532, 1585, 1883, 1700, 5199,
532, 0.533, 1584, 1884, 1703, 5202,
533, 0.534, 1583, 1885, 1705, 5205,
534, 0.535, 1583, 1886, 1706, 5206,
535, 0.536, 1582, 1886, 1707, 5207,
536, 0.537, 1581, 1887, 1708, 5208,
537, 0.538, 1582, 1887, 1709, 5210,
538, 0.539, 1580, 1888, 1711, 5211,
539, 0.54, 1579, 1889, 1712, 5213,
540, 0.541, 1579, 1889, 1713, 5214,
541, 0.542, 1579, 1890, 1714, 5215,
542, 0.543, 1578, 1891, 1716, 5218,
543, 0.544, 1578, 1891, 1716, 5217,
544, 0.545, 1577, 1892, 1718, 5220,
545, 0.546, 1576, 1893, 1721, 5223,
546, 0.547, 1576, 1893, 1721, 5223,
547, 0.548, 1575, 1893, 1722, 5224,
548, 0.549, 1575, 1894, 1723, 5225,
549, 0.55, 1575, 1894, 1723, 5226,
550, 0.551, 1573, 1895, 1726, 5230,
551, 0.552, 1572, 1895, 1727, 5229,
552, 0.553, 1572, 1896, 1728, 5231,
553, 0.554, 1571, 1897, 1729, 5233,
554, 0.555, 1570, 1897, 1731, 5234,
555, 0.556, 1570, 1898, 1732, 5237,
556, 0.557, 1569, 1899, 1735, 5239,
557, 0.558, 1569, 1900, 1735, 5240,
558, 0.559, 1568, 1900, 1737, 5242,
559, 0.56, 1568, 1901, 1738, 5243,
560, 0.561, 1566, 1902, 1741, 5247,
561, 0.562, 1566, 1903, 1742, 5248,
562, 0.563, 1566, 1902, 1741, 5247,
563, 0.564, 1565, 1903, 1743, 5249,
564, 0.565, 1564, 1905, 1746, 5252,
565, 0.566, 1564, 1906, 1748, 5255,
566, 0.567, 1563, 1906, 1749, 5257,
567, 0.568, 1563, 1907, 1750, 5258,
568, 0.569, 1563, 1906, 1750, 5257,
569, 0.57, 1561, 1907, 1752, 5260,
570, 0.571, 1560, 1909, 1755, 5263,
571, 0.572, 1560, 1909, 1756, 5265,
572, 0.573, 1560, 1909, 1755, 5264,
573, 0.574, 1559, 1910, 1757, 5266,
574, 0.575, 1558, 1911, 1760, 5269,
575, 0.576, 1558, 1911, 1761, 5270,
576, 0.577, 1557, 1912, 1761, 5271,
577, 0.578, 1557, 1912, 1763, 5272,
578, 0.579, 1555, 1915, 1768, 5280,
579, 0.58, 1555, 1916, 1769, 5280,
580, 0.581, 1554, 1916, 1770, 5281,
581, 0.582, 1554, 1916, 1769, 5280,
582, 0.583, 1553, 1916, 1771, 5282,
583, 0.584, 1553, 1917, 1772, 5284,
584, 0.585, 1553, 1917, 1773, 5284,
585, 0.586, 1552, 1918, 1775, 5287,
586, 0.587, 1551, 1919, 1777, 5289,
587, 0.588, 1550, 1919, 1778, 5290,
588, 0.589, 1550, 1920, 1778, 5291,
589, 0.59, 1549, 1921, 1780, 5293,
590, 0.591, 1549, 1921, 1780, 5293,
591, 0.592, 1548, 1921, 1782, 5295,
592, 0.593, 1547, 1922, 1783, 5296,
593, 0.594, 1547, 1922, 1784, 5297,
594, 0.595, 1547, 1923, 1786, 5300,
595, 0.596, 1546, 1924, 1787, 5301,
596, 0.597, 1544, 1925, 1790, 5304,
597, 0.598, 1544, 1926, 1792, 5307,
598, 0.599, 1544, 1926, 1793, 5308,
599, 0.6, 1542, 1928, 1795, 5311,
600, 0.601, 1542, 1927, 1795, 5310,
601, 0.602, 1542, 1928, 1797, 5312,
602, 0.603, 1541, 1929, 1797, 5313,
603, 0.604, 1541, 1929, 1798, 5314,
604, 0.605, 1540, 1930, 1800, 5316,
605, 0.606, 1539, 1931, 1803, 5319,
606, 0.607, 1539, 1931, 1803, 5320,
607, 0.608, 1538, 1932, 1804, 5321,
608, 0.609, 1537, 1933, 1806, 5323,
609, 0.61, 1537, 1933, 1806, 5323,
610, 0.611, 1536, 1934, 1808, 5325,
611, 0.612, 1536, 1934, 1809, 5327,
612, 0.613, 1535, 1935, 1811, 5328,
613, 0.614, 1535, 1935, 1812, 5330,
614, 0.615, 1534, 1936, 1814, 5333,
615, 0.616, 1533, 1937, 1816, 5334,
616, 0.617, 1533, 1937, 1816, 5334,
617, 0.618, 1532, 1938, 1818, 5336,
618, 0.619, 1531, 1938, 1818, 5337,
619, 0.62, 1531, 1938, 1819, 5338,
620, 0.621, 1530, 1939, 1821, 5340,
621, 0.622, 1530, 1940, 1821, 5340,
622, 0.623, 1529, 1941, 1824, 5343,
623, 0.624, 1529, 1942, 1825, 5345,
624, 0.625, 1528, 1942, 1827, 5347,
625, 0.626, 1528, 1942, 1827, 5347,
626, 0.627, 1527, 1943, 1829, 5350,
627, 0.628, 1525, 1944, 1831, 5352,
628, 0.629, 1525, 1944, 1831, 5352,
629, 0.63, 1525, 1945, 1832, 5353,
630, 0.631, 1524, 1946, 1834, 5355,
631, 0.632, 1524, 1945, 1834, 5355,
632, 0.633, 1523, 1947, 1837, 5358,
633, 0.634, 1523, 1947, 1837, 5358,
634, 0.635, 1522, 1948, 1839, 5360,
635, 0.636, 1521, 1949, 1841, 5363,
636, 0.637, 1521, 1949, 1842, 5364,
637, 0.638, 1520, 1949, 1843, 5365,
638, 0.639, 1519, 1950, 1844, 5366,
639, 0.64, 1518, 1951, 1847, 5369,
640, 0.641, 1518, 1951, 1847, 5370,
641, 0.642, 1518, 1951, 1847, 5370,
642, 0.643, 1517, 1952, 1848, 5371,
643, 0.644, 1517, 1952, 1849, 5371,
644, 0.645, 1516, 1953, 1851, 5374,
645, 0.646, 1516, 1953, 1852, 5375,
646, 0.647, 1515, 1955, 1854, 5378,
647, 0.648, 1514, 1956, 1856, 5380,
648, 0.649, 1513, 1956, 1858, 5382,
649, 0.65, 1513, 1956, 1858, 5383,
650, 0.651, 1511, 1958, 1862, 5387,
651, 0.652, 1511, 1958, 1862, 5387,
652, 0.653, 1510, 1959, 1863, 5388,
653, 0.654, 1510, 1959, 1865, 5390,
654, 0.655, 1509, 1960, 1865, 5390,
655, 0.656, 1508, 1960, 1867, 5393,
656, 0.657, 1508, 1961, 1869, 5394,
657, 0.658, 1507, 1961, 1870, 5395,
658, 0.659, 1507, 1962, 1871, 5396,
659, 0.66, 1506, 1962, 1872, 5398,
660, 0.661, 1506, 1963, 1872, 5398,
661, 0.662, 1505, 1964, 1875, 5402,
662, 0.663, 1504, 1965, 1876, 5403,
663, 0.664, 1504, 1965, 1877, 5404,
664, 0.665, 1504, 1965, 1877, 5404,
665, 0.666, 1503, 1966, 1880, 5407,
666, 0.667, 1502, 1967, 1881, 5409,
667, 0.668, 1502, 1967, 1882, 5410,
668, 0.669, 1501, 1968, 1883, 5411,
669, 0.67, 1500, 1969, 1885, 5413,
670, 0.671, 1499, 1969, 1887, 5415,
671, 0.672, 1499, 1970, 1888, 5416,
672, 0.673, 1498, 1970, 1889, 5417,
673, 0.674, 1498, 1971, 1890, 5419,
674, 0.675, 1498, 1972, 1891, 5420,
675, 0.676, 1497, 1972, 1892, 5421,
676, 0.677, 1497, 1972, 1893, 5422,
677, 0.678, 1496, 1973, 1895, 5424,
678, 0.679, 1495, 1974, 1897, 5427,
679, 0.68, 1494, 1974, 1898, 5428,
680, 0.681, 1494, 1975, 1898, 5428,
681, 0.682, 1493, 1976, 1900, 5431,
682, 0.683, 1493, 1976, 1901, 5431,
683, 0.684, 1492, 1976, 1902, 5432,
684, 0.685, 1492, 1977, 1903, 5433,
685, 0.686, 1491, 1977, 1905, 5435,
686, 0.687, 1490, 1978, 1906, 5437,
687, 0.688, 1490, 1979, 1907, 5438,
688, 0.689, 1489, 1979, 1908, 5440,
689, 0.69, 1489, 1980, 1910, 5441,
690, 0.691, 1487, 1981, 1913, 5445,
691, 0.692, 1487, 1981, 1913, 5445,
692, 0.693, 1487, 1981, 1913, 5445,
693, 0.694, 1486, 1982, 1915, 5447,
694, 0.695, 1485, 1983, 1917, 5450,
695, 0.696, 1485, 1983, 1917, 5449,
696, 0.697, 1484, 1984, 1919, 5451,
697, 0.698, 1484, 1985, 1921, 5454,
698, 0.699, 1483, 1985, 1921, 5454,
699, 0.7, 1482, 1986, 1923, 5456,
700, 0.701, 1482, 1986, 1923, 5456,
701, 0.702, 1481, 1987, 1925, 5458,
702, 0.703, 1480, 1988, 1928, 5461,
703, 0.704, 1479, 1989, 1930, 5464,
704, 0.705, 1479, 1989, 1930, 5464,
705, 0.706, 1478, 1990, 1931, 5465,
706, 0.707, 1477, 1990, 1933, 5467,
707, 0.708, 1477, 1990, 1933, 5467,
708, 0.709, 1476, 1991, 1935, 5468,
709, 0.71, 1475, 1992, 1936, 5470,
710, 0.711, 1475, 1992, 1937, 5472,
711, 0.712, 1474, 1993, 1938, 5473,
712, 0.713, 1474, 1993, 1940, 5475,
713, 0.714, 1474, 1993, 1939, 5474,
714, 0.715, 1473, 1995, 1942, 5478,
715, 0.716, 1472, 1995, 1944, 5479,
716, 0.717, 1471, 1996, 1945, 5481,
717, 0.718, 1471, 1996, 1946, 5481,
718, 0.719, 1470, 1997, 1947, 5483,
719, 0.72, 1470, 1997, 1947, 5483,
720, 0.721, 1469, 1998, 1950, 5486,
721, 0.722, 1468, 1999, 1952, 5488,
722, 0.723, 1468, 1998, 1952, 5487,
723, 0.724, 1467, 2000, 1954, 5490,
724, 0.725, 1466, 2000, 1955, 5491,
725, 0.726, 1466, 2001, 1956, 5493,
726, 0.727, 1465, 2001, 1958, 5495,
727, 0.728, 1464, 2002, 1959, 5497,
728, 0.729, 1464, 2002, 1960, 5497,
729, 0.73, 1463, 2003, 1961, 5499,
730, 0.731, 1463, 2003, 1962, 5499,
731, 0.732, 1463, 2003, 1963, 5500,
732, 0.733, 1462, 2005, 1965, 5503,
733, 0.734, 1461, 2005, 1966, 5504,
734, 0.735, 1460, 2006, 1968, 5506,
735, 0.736, 1460, 2006, 1968, 5506,
736, 0.737, 1459, 2006, 1969, 5508,
737, 0.738, 1458, 2007, 1971, 5510,
738, 0.739, 1458, 2008, 1972, 5511,
739, 0.74, 1457, 2008, 1973, 5512,
740, 0.741, 1457, 2009, 1974, 5513,
741, 0.742, 1457, 2009, 1975, 5513,
742, 0.743, 1456, 2009, 1976, 5515,
743, 0.744, 1455, 2010, 1978, 5517,
744, 0.745, 1454, 2011, 1979, 5518,
745, 0.746, 1454, 2011, 1980, 5519,
746, 0.747, 1453, 2012, 1982, 5521,
747, 0.748, 1453, 2012, 1982, 5521,
748, 0.749, 1452, 2013, 1984, 5524,
749, 0.75, 1451, 2014, 1986, 5526,
750, 0.751, 1451, 2014, 1987, 5527,
751, 0.752, 1450, 2015, 1989, 5529,
752, 0.753, 1449, 2016, 1991, 5531,
753, 0.754, 1448, 2017, 1992, 5533,
754, 0.755, 1448, 2017, 1993, 5534,
755, 0.756, 1447, 2018, 1994, 5535,
756, 0.757, 1447, 2018, 1995, 5536,
757, 0.758, 1446, 2019, 1997, 5538,
758, 0.759, 1445, 2020, 1999, 5541,
759, 0.76, 1445, 2020, 1999, 5541,
760, 0.761, 1444, 2021, 2001, 5543,
761, 0.762, 1444, 2021, 2002, 5544,
762, 0.763, 1443, 2022, 2003, 5545,
763, 0.764, 1442, 2022, 2004, 5547,
764, 0.765, 1441, 2023, 2007, 5549,
765, 0.766, 1441, 2023, 2007, 5549,
766, 0.767, 1441, 2024, 2008, 5551,
767, 0.768, 1440, 2024, 2009, 5552,
768, 0.769, 1440, 2025, 2010, 5553,
769, 0.77, 1439, 2025, 2012, 5554,
770, 0.771, 1438, 2026, 2014, 5557,
771, 0.772, 1438, 2027, 2014, 5558,
772, 0.773, 1437, 2027, 2016, 5559,
773, 0.774, 1436, 2027, 2016, 5560,
774, 0.775, 1436, 2028, 2017, 5561,
775, 0.776, 1435, 2028, 2019, 5562,
776, 0.777, 1434, 2029, 2021, 5564,
777, 0.778, 1434, 2029, 2021, 5565,
778, 0.779, 1433, 2030, 2022, 5566,
779, 0.78, 1432, 2030, 2024, 5567,
780, 0.781, 1432, 2031, 2024, 5568,
781, 0.782, 1431, 2031, 2026, 5570,
782, 0.783, 1430, 2032, 2028, 5572,
783, 0.784, 1430, 2033, 2028, 5572,
784, 0.785, 1429, 2033, 2030, 5574,
785, 0.786, 1429, 2034, 2031, 5575,
786, 0.787, 1428, 2034, 2032, 5576,
787, 0.788, 1428, 2035, 2033, 5577,
788, 0.789, 1426, 2036, 2036, 5580,
789, 0.79, 1426, 2036, 2036, 5580,
790, 0.791, 1425, 2036, 2038, 5582,
791, 0.792, 1425, 2037, 2038, 5583,
792, 0.793, 1425, 2037, 2039, 5584,
793, 0.794, 1424, 2038, 2041, 5586,
794, 0.795, 1423, 2039, 2043, 5588,
795, 0.796, 1423, 2039, 2043, 5588,
796, 0.797, 1422, 2039, 2044, 5589,
797, 0.798, 1421, 2040, 2046, 5591,
798, 0.799, 1421, 2041, 2047, 5592,
799, 0.8, 1419, 2042, 2050, 5596,
800, 0.801, 1419, 2042, 2050, 5596,
801, 0.802, 1418, 2043, 2052, 5598,
802, 0.803, 1418, 2043, 2053, 5599,
803, 0.804, 1418, 2043, 2053, 5599,
804, 0.805, 1416, 2044, 2055, 5601,
805, 0.806, 1416, 2045, 2057, 5603,
806, 0.807, 1415, 2046, 2058, 5605,
807, 0.808, 1415, 2046, 2058, 5605,
808, 0.809, 1414, 2047, 2060, 5607,
809, 0.81, 1413, 2048, 2062, 5609,
810, 0.811, 1413, 2048, 2063, 5610,
811, 0.812, 1412, 2048, 2064, 5611,
812, 0.813, 1412, 2049, 2065, 5612,
813, 0.814, 1411, 2050, 2067, 5615,
814, 0.815, 1411, 2050, 2067, 5615,
815, 0.816, 1410, 2051, 2069, 5617,
816, 0.817, 1409, 2051, 2070, 5617,
817, 0.818, 1409, 2051, 2071, 5618,
818, 0.819, 1408, 2052, 2072, 5620,
819, 0.82, 1408, 2052, 2073, 5620,
820, 0.821, 1407, 2053, 2074, 5622,
821, 0.822, 1406, 2054, 2077, 5625,
822, 0.823, 1405, 2054, 2077, 5626,
823, 0.824, 1405, 2054, 2078, 5627,
824, 0.825, 1404, 2055, 2080, 5629,
825, 0.826, 1404, 2055, 2080, 5629,
826, 0.827, 1403, 2056, 2082, 5631,
827, 0.828, 1402, 2057, 2084, 5633,
828, 0.829, 1402, 2057, 2085, 5634,
829, 0.83, 1401, 2058, 2086, 5635,
830, 0.831, 1401, 2058, 2087, 5636,
831, 0.832, 1401, 2058, 2087, 5636,
832, 0.833, 1399, 2059, 2089, 5639,
833, 0.834, 1398, 2060, 2091, 5640,
834, 0.835, 1398, 2060, 2091, 5640,
835, 0.836, 1398, 2060, 2092, 5642,
836, 0.837, 1397, 2061, 2094, 5644,
837, 0.838, 1396, 2062, 2096, 5646,
838, 0.839, 1396, 2062, 2096, 5646,
839, 0.84, 1395, 2063, 2098, 5647,
840, 0.841, 1395, 2063, 2099, 5649,
841, 0.842, 1394, 2064, 2100, 5650,
842, 0.843, 1393, 2064, 2101, 5651,
843, 0.844, 1393, 2064, 2101, 5651,
844, 0.845, 1392, 2065, 2103, 5653,
845, 0.846, 1391, 2066, 2105, 5655,
846, 0.847, 1391, 2066, 2106, 5656,
847, 0.848, 1391, 2067, 2106, 5657,
848, 0.849, 1389, 2067, 2108, 5658,
849, 0.85, 1389, 2068, 2110, 5660,
850, 0.851, 1388, 2069, 2111, 5662,
851, 0.852, 1387, 2069, 2113, 5664,
852, 0.853, 1386, 2070, 2115, 5666,
853, 0.854, 1386, 2071, 2116, 5667,
854, 0.855, 1385, 2071, 2116, 5668,
855, 0.856, 1384, 2071, 2118, 5669,
856, 0.857, 1384, 2072, 2119, 5670,
857, 0.858, 1383, 2072, 2120, 5671,
858, 0.859, 1383, 2072, 2120, 5672,
859, 0.86, 1382, 2073, 2122, 5674,
860, 0.861, 1381, 2074, 2124, 5675,
861, 0.862, 1381, 2074, 2125, 5677,
862, 0.863, 1381, 2075, 2126, 5677,
863, 0.864, 1380, 2075, 2127, 5679,
864, 0.865, 1380, 2078, 2131, 5685,
865, 0.866, 1378, 2076, 2130, 5682,
866, 0.867, 1378, 2077, 2130, 5682,
867, 0.868, 1377, 2077, 2132, 5684,
868, 0.869, 1377, 2078, 2132, 5685,
869, 0.87, 1376, 2078, 2134, 5686,
870, 0.871, 1375, 2080, 2137, 5689,
871, 0.872, 1375, 2080, 2137, 5690,
872, 0.873, 1374, 2080, 2138, 5690,
873, 0.874, 1373, 2080, 2139, 5692,
874, 0.875, 1373, 2081, 2140, 5693,
875, 0.876, 1372, 2082, 2142, 5694,
876, 0.877, 1372, 2082, 2142, 5695,
877, 0.878, 1371, 2083, 2144, 5697,
878, 0.879, 1370, 2084, 2146, 5699,
879, 0.88, 1370, 2084, 2146, 5700,
880, 0.881, 1369, 2084, 2148, 5701,
881, 0.882, 1368, 2085, 2149, 5702,
882, 0.883, 1368, 2085, 2150, 5704,
883, 0.884, 1367, 2086, 2151, 5704,
884, 0.885, 1366, 2086, 2153, 5706,
885, 0.886, 1366, 2087, 2153, 5706,
886, 0.887, 1366, 2087, 2154, 5707,
887, 0.888, 1365, 2088, 2156, 5709,
888, 0.889, 1365, 2088, 2156, 5710,
889, 0.89, 1364, 2089, 2158, 5712,
890, 0.891, 1363, 2090, 2160, 5714,
891, 0.892, 1362, 2090, 2161, 5715,
892, 0.893, 1362, 2090, 2161, 5715,
893, 0.894, 1361, 2091, 2163, 5717,
894, 0.895, 1360, 2092, 2165, 5719,
895, 0.896, 1360, 2092, 2165, 5719,
896, 0.897, 1359, 2092, 2166, 5721,
897, 0.898, 1359, 2093, 2168, 5722,
898, 0.899, 1358, 2093, 2168, 5722,
899, 0.9, 1358, 2094, 2170, 5725,
900, 0.901, 1357, 2094, 2170, 5724,
901, 0.902, 1356, 2095, 2173, 5728,
902, 0.903, 1355, 2095, 2174, 5729,
903, 0.904, 1355, 2096, 2175, 5729,
904, 0.905, 1354, 2096, 2176, 5731,
905, 0.906, 1353, 2097, 2178, 5732,
906, 0.907, 1352, 2097, 2179, 5734,
907, 0.908, 1352, 2098, 2180, 5734,
908, 0.909, 1351, 2098, 2181, 5736,
909, 0.91, 1351, 2098, 2181, 5736,
910, 0.911, 1350, 2099, 2183, 5738,
911, 0.912, 1349, 2101, 2186, 5741,
912, 0.913, 1349, 2101, 2186, 5742,
913, 0.914, 1348, 2101, 2187, 5743,
914, 0.915, 1347, 2102, 2189, 5744,
915, 0.916, 1346, 2103, 2191, 5746,
916, 0.917, 1346, 2103, 2191, 5747,
917, 0.918, 1345, 2103, 2192, 5748,
918, 0.919, 1345, 2104, 2193, 5749,
919, 0.92, 1344, 2104, 2194, 5750,
920, 0.921, 1344, 2104, 2195, 5751,
921, 0.922, 1344, 2105, 2196, 5752,
922, 0.923, 1343, 2106, 2198, 5754,
923, 0.924, 1342, 2106, 2199, 5755,
924, 0.925, 1341, 2107, 2200, 5756,
925, 0.926, 1341, 2107, 2201, 5757,
926, 0.927, 1340, 2107, 2202, 5758,
927, 0.928, 1339, 2108, 2205, 5761,
928, 0.929, 1339, 2108, 2205, 5761,
929, 0.93, 1338, 2109, 2206, 5762,
930, 0.931, 1337, 2109, 2207, 5763,
931, 0.932, 1336, 2111, 2209, 5766,
932, 0.933, 1336, 2111, 2210, 5766,
933, 0.934, 1335, 2111, 2211, 5767,
934, 0.935, 1335, 2111, 2212, 5768,
935, 0.936, 1335, 2112, 2212, 5769,
936, 0.937, 1334, 2112, 2214, 5771,
937, 0.938, 1333, 2113, 2216, 5772,
938, 0.939, 1333, 2113, 2216, 5773,
939, 0.94, 1332, 2114, 2217, 5774,
940, 0.941, 1331, 2114, 2219, 5775,
941, 0.942, 1331, 2114, 2219, 5775,
942, 0.943, 1330, 2115, 2221, 5777,
943, 0.944, 1329, 2116, 2223, 5779,
944, 0.945, 1329, 2116, 2223, 5780,
945, 0.946, 1328, 2116, 2224, 5781,
946, 0.947, 1328, 2117, 2225, 5782,
947, 0.948, 1326, 2118, 2228, 5784,
948, 0.949, 1326, 2118, 2228, 5785,
949, 0.95, 1325, 2119, 2229, 5786,
950, 0.951, 1324, 2120, 2232, 5788,
951, 0.952, 1324, 2120, 2232, 5789,
952, 0.953, 1323, 2121, 2234, 5791,
953, 0.954, 1323, 2121, 2235, 5792,
954, 0.955, 1322, 2121, 2235, 5792,
955, 0.956, 1321, 2122, 2237, 5794,
956, 0.957, 1320, 2123, 2239, 5797,
957, 0.958, 1320, 2122, 2239, 5796,
958, 0.959, 1319, 2123, 2240, 5797,
959, 0.96, 1319, 2124, 2241, 5799,
960, 0.961, 1319, 2124, 2242, 5799,
961, 0.962, 1318, 2125, 2244, 5801,
962, 0.963, 1317, 2125, 2245, 5802,
963, 0.964, 1316, 2125, 2246, 5803,
964, 0.965, 1315, 2126, 2248, 5805,
965, 0.966, 1315, 2126, 2248, 5806,
966, 0.967, 1314, 2127, 2250, 5808,
967, 0.968, 1314, 2127, 2250, 5807,
968, 0.969, 1313, 2128, 2251, 5808,
969, 0.97, 1312, 2128, 2253, 5810,
970, 0.971, 1312, 2129, 2254, 5811,
971, 0.972, 1311, 2129, 2255, 5812,
972, 0.973, 1311, 2129, 2255, 5812,
973, 0.974, 1310, 2130, 2257, 5815,
974, 0.975, 1309, 2131, 2259, 5817,
975, 0.976, 1309, 2131, 2260, 5817,
976, 0.977, 1308, 2131, 2260, 5818,
977, 0.978, 1307, 2132, 2262, 5819,
978, 0.979, 1306, 2133, 2264, 5821,
979, 0.98, 1306, 2133, 2264, 5821,
980, 0.981, 1305, 2133, 2265, 5822,
981, 0.982, 1305, 2134, 2266, 5823,
982, 0.983, 1304, 2134, 2268, 5825,
983, 0.984, 1304, 2135, 2268, 5826,
984, 0.985, 1303, 2135, 2270, 5828,
985, 0.986, 1302, 2136, 2271, 5828,
986, 0.987, 1302, 2136, 2271, 5828,
987, 0.988, 1301, 2137, 2273, 5831,
988, 0.989, 1300, 2137, 2275, 5832,
989, 0.99, 1300, 2137, 2275, 5833,
990, 0.991, 1299, 2138, 2276, 5834,
991, 0.992, 1299, 2138, 2277, 5835,
992, 0.993, 1298, 2139, 2278, 5835,
993, 0.994, 1297, 2139, 2280, 5837,
994, 0.995, 1297, 2139, 2280, 5837,
995, 0.996, 1296, 2140, 2282, 5840,
996, 0.997, 1295, 2141, 2284, 5841,
997, 0.998, 1295, 2141, 2284, 5842,
998, 0.999, 1294, 2142, 2285, 5843,
999, 0.0, 1633, 1424, 993, 4009,
1000, 0.001, 1641, 1398, 951, 3945,
