1, 0.0, 3841, 3280, 2237, 9263,
2, 0.001, 4759, 4114, 2799, 11573,
3, 0.002, 4743, 4094, 2785, 11522,
4, 0.003, 4742, 4091, 2784, 11518,
5, 0.004, 4745, 4093, 2787, 11525,
6, 0.005, 4744, 4092, 2787, 11523,
7, 0.006, 4734, 4082, 2781, 11496,
8, 0.007, 4736, 4087, 2787, 11510,
9, 0.008, 4738, 4092, 2794, 11524,
10, 0.009, 4730, 4085, 2790, 11506,
11, 0.01, 4729, 4086, 2793, 11508,
12, 0.011, 4731, 4091, 2798, 11521,
13, 0.012, 4732, 4095, 2805, 11534,
14, 0.013, 4725, 4089, 2802, 11518,
15, 0.014, 4726, 4094, 2807, 11529,
16, 0.015, 4728, 4098, 2811, 11539,
17, 0.016, 4725, 4096, 2812, 11534,
18, 0.017, 4722, 4096, 2815, 11536,
19, 0.018, 4723, 4102, 2823, 11552,
20, 0.019, 4723, 4103, 2824, 11553,
21, 0.02, 4720, 4103, 2826, 11552,
22, 0.021, 4719, 4105, 2829, 11558,
23, 0.022, 4722, 4108, 2833, 11568,
24, 0.023, 4719, 4109, 2837, 11570,
25, 0.024, 4717, 4112, 2843, 11578,
26, 0.025, 4720, 4116, 2845, 11587,
27, 0.026, 4717, 4117, 2849, 11590,
28, 0.027, 4716, 4117, 2851, 11590,
29, 0.028, 4716, 4120, 2855, 11598,
30, 0.029, 4716, 4122, 2859, 11604,
31, 0.03, 4713, 4121, 2858, 11600,
32, 0.031, 4713, 4125, 2865, 11612,
33, 0.032, 4713, 4130, 2872, 11625,
34, 0.033, 4711, 4128, 2871, 11619,
35, 0.034, 4711, 4132, 2877, 11629,
36, 0.035, 4711, 4134, 2880, 11635,
37, 0.036, 4709, 4135, 2882, 11636,
38, 0.037, 4708, 4137, 2886, 11641,
39, 0.038, 4710, 4140, 2889, 11649,
40, 0.039, 4709, 4142, 2894, 11656,
41, 0.04, 4708, 4147, 2901, 11666,
42, 0.041, 4710, 4149, 2902, 11672,
43, 0.042, 4709, 4151, 2906, 11678,
44, 0.043, 4707, 4152, 2909, 11680,
45, 0.044, 4707, 4153, 2911, 11684,
46, 0.045, 4707, 4157, 2917, 11693,
47, 0.046, 4705, 4155, 2916, 11690,
48, 0.047, 4705, 4160, 2923, 11701,
49, 0.048, 4705, 4162, 2927, 11709,
50, 0.049, 4704, 4165, 2931, 11715,
51, 0.05, 4703, 4164, 2930, 11713,
52, 0.051, 4703, 4171, 2941, 11732,
53, 0.052, 4703, 4175, 2946, 11740,
54, 0.053, 4702, 4174, 2946, 11738,
55, 0.054, 4701, 4179, 2953, 11750,
56, 0.055, 4701, 4183, 2960, 11762,
57, 0.056, 4700, 4183, 2960, 11761,
58, 0.057, 4699, 4185, 2964, 11767,
59, 0.058, 4699, 4188, 2968, 11773,
60, 0.059, 4699, 4189, 2970, 11778,
61, 0.06, 4698, 4192, 2975, 11785,
62, 0.061, 4697, 4196, 2982, 11796,
63, 0.062, 4698, 4197, 2983, 11799,
64, 0.063, 4697, 4199, 2986, 11803,
65, 0.064, 4697, 4202, 2990, 11811,
66, 0.065, 4698, 4203, 2991, 11813,
67, 0.066, 4696, 4206, 2998, 11823,
68, 0.067, 4696, 4211, 3004, 11833,
69, 0.068, 4697, 4213, 3006, 11839,
70, 0.069, 4697, 4215, 3010, 11845,
71, 0.07, 4696, 4217, 3014, 11850,
72, 0.071, 4696, 4217, 3014, 11851,
73, 0.072, 4695, 4221, 3021, 11862,
74, 0.073, 4694, 4225, 3027, 11872,
75, 0.074, 4695, 4226, 3029, 11874,
76, 0.075, 4693, 4228, 3031, 11878,
77, 0.076, 4692, 4230, 3035, 11884,
78, 0.077, 4691, 4230, 3036, 11883,
79, 0.078, 4692, 4235, 3043, 11896,
80, 0.079, 4691, 4238, 3048, 11905,
81, 0.08, 4691, 4239, 3050, 11908,
82, 0.081, 4691, 4242, 3054, 11915,
83, 0.082, 4690, 4244, 3058, 11921,
84, 0.083, 4690, 4245, 3060, 11923,
85, 0.084, 4689, 4249, 3065, 11933,
86, 0.085, 4689, 4253, 3072, 11944,
87, 0.086, 4689, 4254, 3073, 11947,
88, 0.087, 4688, 4256, 3077, 11951,
89, 0.088, 4688, 4258, 3080, 11956,
90, 0.089, 4687, 4259, 3082, 11959,
91, 0.09, 4686, 4262, 3087, 11967,
92, 0.091, 4686, 4267, 3095, 11980,
93, 0.092, 4686, 4268, 3095, 11981,
94, 0.093, 4685, 4271, 3101, 11990,
95, 0.094, 4687, 4274, 3104, 11996,
96, 0.095, 4686, 4276, 3107, 12002,
97, 0.096, 4686, 4278, 3111, 12008,
98, 0.097, 4685, 4282, 3116, 12017,
99, 0.098, 4684, 4282, 3118, 12019,
100, 0.099, 4684, 4285, 3122, 12026,
101, 0.1, 4683, 4292, 3132, 12043,
102, 0.101, 4684, 4293, 3134, 12046,
103, 0.102, 4683, 4295, 3138, 12053,
104, 0.103, 4682, 4297, 3141, 12057,
105, 0.104, 4683, 4299, 3144, 12063,
106, 0.105, 4682, 4303, 3149, 12071,
107, 0.106, 4682, 4306, 3155, 12081,
108, 0.107, 4682, 4308, 3157, 12084,
109, 0.108, 4681, 4309, 3160, 12089,
110, 0.109, 4682, 4313, 3164, 12098,
111, 0.11, 4682, 4313, 3165, 12098,
112, 0.111, 4681, 4317, 3172, 12110,
113, 0.112, 4681, 4321, 3177, 12119,
114, 0.113, 4680, 4322, 3180, 12123,
115, 0.114, 4680, 4324, 3183, 12128,
116, 0.115, 4680, 4328, 3188, 12137,
117, 0.116, 4680, 4328, 3189, 12137,
118, 0.117, 4679, 4332, 3195, 12148,
119, 0.118, 4679, 4337, 3202, 12160,
120, 0.119, 4679, 4338, 3203, 12162,
121, 0.12, 4678, 4340, 3206, 12167,
122, 0.121, 4678, 4342, 3210, 12173,
123, 0.122, 4679, 4344, 3213, 12179,
124, 0.123, 4678, 4348, 3218, 12188,
125, 0.124, 4677, 4352, 3226, 12201,
126, 0.125, 4678, 4353, 3226, 12203,
127, 0.126, 4677, 4356, 3232, 12211,
128, 0.127, 4677, 4358, 3234, 12215,
129, 0.128, 4677, 4359, 3236, 12219,
130, 0.129, 4677, 4363, 3242, 12229,
131, 0.13, 4677, 4363, 3242, 12228,
132, 0.131, 4676, 4368, 3249, 12242,
133, 0.132, 4676, 4370, 3253, 12248,
134, 0.133, 4676, 4373, 3257, 12254,
135, 0.134, 4675, 4374, 3259, 12257,
136, 0.135, 4675, 4378, 3265, 12267,
137, 0.136, 4674, 4381, 3270, 12276,
138, 0.137, 4674, 4383, 3272, 12280,
139, 0.138, 4674, 4384, 3275, 12283,
140, 0.139, 4674, 4388, 3280, 12292,
141, 0.14, 4674, 4392, 3287, 12305,
142, 0.141, 4674, 4393, 3288, 12306,
143, 0.142, 4674, 4395, 3291, 12311,
144, 0.143, 4673, 4398, 3295, 12318,
145, 0.144, 4673, 4402, 3303, 12331,
146, 0.145, 4673, 4403, 3303, 12332,
147, 0.146, 4672, 4404, 3305, 12334,
148, 0.147, 4672, 4408, 3311, 12345,
149, 0.148, 4672, 4413, 3318, 12357,
150, 0.149, 4671, 4413, 3318, 12358,
151, 0.15, 4671, 4417, 3324, 12367,
152, 0.151, 4671, 4418, 3327, 12371,
153, 0.152, 4670, 4423, 3334, 12383,
154, 0.153, 4670, 4426, 3339, 12392,
155, 0.154, 4670, 4428, 3342, 12397,
156, 0.155, 4669, 4429, 3344, 12401,
157, 0.156, 4669, 4433, 3349, 12409,
158, 0.157, 4670, 4434, 3351, 12412,
159, 0.158, 4669, 4438, 3357, 12422,
160, 0.159, 4669, 4443, 3364, 12435,
161, 0.16, 4669, 4444, 3365, 12437,
162, 0.161, 4668, 4448, 3372, 12448,
163, 0.162, 4669, 4449, 3373, 12451,
164, 0.163, 4669, 4451, 3376, 12456,
165, 0.164, 4668, 4454, 3381, 12464,
166, 0.165, 4668, 4457, 3386, 12472,
167, 0.166, 4668, 4459, 3388, 12477,
168, 0.167, 4669, 4462, 3392, 12485,
169, 0.168, 4667, 4463, 3396, 12489,
170, 0.169, 4667, 4464, 3397, 12491,
171, 0.17, 4666, 4468, 3404, 12502,
172, 0.171, 4666, 4473, 3411, 12514,
173, 0.172, 4666, 4474, 3412, 12515,
174, 0.173, 4666, 4477, 3416, 12523,
175, 0.174, 4666, 4479, 3419, 12529,
176, 0.175, 4665, 4481, 3422, 12533,
177, 0.176, 4665, 4484, 3427, 12542,
178, 0.177, 4665, 4484, 3428, 12543,
179, 0.178, 4664, 4489, 3434, 12554,
180, 0.179, 4664, 4493, 3441, 12564,
181, 0.18, 4664, 4494, 3442, 12568,
182, 0.181, 4664, 4497, 3446, 12575,
183, 0.182, 4663, 4499, 3450, 12580,
184, 0.183, 4663, 4503, 3457, 12592,
185, 0.184, 4663, 4504, 3458, 12594,
186, 0.185, 4663, 4507, 3462, 12602,
187, 0.186, 4663, 4509, 3466, 12607,
188, 0.187, 4663, 4510, 3467, 12611,
189, 0.188, 4662, 4514, 3473, 12621,
190, 0.189, 4662, 4519, 3481, 12633,
191, 0.19, 4662, 4519, 3481, 12634,
192, 0.191, 4662, 4522, 3485, 12641,
193, 0.192, 4662, 4524, 3489, 12647,
194, 0.193, 4661, 4526, 3491, 12651,
195, 0.194, 4661, 4529, 3497, 12660,
196, 0.195, 4661, 4530, 3497, 12661,
197, 0.196, 4661, 4534, 3504, 12674,
198, 0.197, 4660, 4539, 3511, 12684,
199, 0.198, 4660, 4539, 3512, 12686,
200, 0.199, 4660, 4542, 3516, 12693,
201, 0.2, 4659, 4550, 3527, 12712,
202, 0.201, 4659, 4550, 3527, 12712,
203, 0.202, 4659, 4552, 3531, 12720,
204, 0.203, 4659, 4555, 3535, 12727,
205, 0.204, 4659, 4556, 3537, 12729,
206, 0.205, 4658, 4560, 3543, 12739,
207, 0.206, 4659, 4560, 3543, 12740,
208, 0.207, 4658, 4565, 3551, 12753,
209, 0.208, 4658, 4569, 3557, 12763,
210, 0.209, 4658, 4570, 3559, 12766,
211, 0.21, 4658, 4573, 3563, 12774,
212, 0.211, 4658, 4575, 3566, 12779,
213, 0.212, 4657, 4577, 3568, 12783,
214, 0.213, 4657, 4581, 3574, 12793,
215, 0.214, 4657, 4581, 3574, 12792,
216, 0.215, 4656, 4585, 3581, 12804,
217, 0.216, 4656, 4589, 3587, 12815,
218, 0.217, 4656, 4591, 3589, 12818,
219, 0.218, 4656, 4593, 3593, 12825,
220, 0.219, 4655, 4596, 3597, 12832,
221, 0.22, 4655, 4601, 3605, 12844,
222, 0.221, 4655, 4601, 3605, 12845,
223, 0.222, 4655, 4604, 3610, 12854,
224, 0.223, 4655, 4607, 3613, 12860,
225, 0.224, 4655, 4608, 3616, 12865,
226, 0.225, 4654, 4611, 3620, 12872,
227, 0.226, 4654, 4612, 3622, 12875,
228, 0.227, 4654, 4616, 3628, 12885,
229, 0.228, 4653, 4621, 3635, 12897,
230, 0.229, 4653, 4622, 3636, 12899,
231, 0.23, 4653, 4625, 3642, 12908,
232, 0.231, 4653, 4627, 3644, 12913,
233, 0.232, 4653, 4628, 3646, 12915,
234, 0.233, 4653, 4632, 3652, 12926,
235, 0.234, 4652, 4636, 3658, 12937,
236, 0.235, 4652, 4638, 3660, 12940,
237, 0.236, 4652, 4640, 3664, 12947,
238, 0.237, 4652, 4642, 3668, 12952,
239, 0.238, 4651, 4644, 3670, 12956,
240, 0.239, 4651, 4647, 3675, 12964,
241, 0.24, 4651, 4647, 3675, 12965,
242, 0.241, 4651, 4652, 3683, 12978,
243, 0.242, 4650, 4655, 3688, 12986,
244, 0.243, 4650, 4658, 3691, 12991,
245, 0.244, 4650, 4660, 3694, 12997,
246, 0.245, 4650, 4663, 3699, 13006,
247, 0.246, 4649, 4668, 3706, 13018,
248, 0.247, 4650, 4668, 3707, 13019,
249, 0.248, 4649, 4670, 3710, 13025,
250, 0.249, 4649, 4673, 3714, 13030,
251, 0.25, 4649, 4674, 3716, 13035,
252, 0.251, 4648, 4681, 3727, 13052,
253, 0.252, 4648, 4683, 3730, 13058,
254, 0.253, 4648, 4685, 3732, 13062,
255, 0.254, 4648, 4688, 3737, 13071,
256, 0.255, 4648, 4689, 3738, 13073,
257, 0.256, 4648, 4694, 3746, 13085,
258, 0.257, 4647, 4698, 3751, 13095,
259, 0.258, 4647, 4699, 3753, 13099,
260, 0.259, 4647, 4701, 3757, 13105,
261, 0.26, 4647, 4704, 3761, 13112,
262, 0.261, 4647, 4706, 3763, 13116,
263, 0.262, 4646, 4709, 3769, 13125,
264, 0.263, 4647, 4709, 3769, 13127,
265, 0.264, 4646, 4715, 3777, 13139,
266, 0.265, 4646, 4718, 3783, 13149,
267, 0.266, 4646, 4719, 3784, 13152,
268, 0.267, 4645, 4722, 3788, 13158,
269, 0.268, 4645, 4724, 3792, 13164,
270, 0.269, 4645, 4726, 3794, 13169,
271, 0.27, 4645, 4729, 3800, 13179,
272, 0.271, 4644, 4730, 3800, 13178,
273, 0.272, 4644, 4735, 3808, 13191,
274, 0.273, 4644, 4739, 3814, 13202,
275, 0.274, 4644, 4740, 3816, 13206,
276, 0.275, 4644, 4742, 3819, 13211,
277, 0.276, 4643, 4745, 3824, 13218,
278, 0.277, 4643, 4746, 3825, 13222,
279, 0.278, 4643, 4750, 3831, 13230,
280, 0.279, 4643, 4754, 3838, 13243,
281, 0.28, 4642, 4755, 3839, 13245,
282, 0.281, 4642, 4759, 3844, 13254,
283, 0.282, 4642, 4760, 3846, 13258,
284, 0.283, 4643, 4762, 3849, 13263,
285, 0.284, 4642, 4766, 3855, 13273,
286, 0.285, 4641, 4770, 3862, 13283,
287, 0.286, 4641, 4770, 3862, 13284,
288, 0.287, 4640, 4773, 3867, 13292,
289, 0.288, 4641, 4776, 3871, 13298,
290, 0.289, 4640, 4777, 3873, 13301,
291, 0.29, 4640, 4781, 3878, 13311,
292, 0.291, 4640, 4781, 3879, 13312,
293, 0.292, 4639, 4785, 3886, 13323,
294, 0.293, 4639, 4790, 3893, 13336,
295, 0.294, 4639, 4791, 3893, 13338,
296, 0.295, 4638, 4794, 3897, 13344,
297, 0.296, 4638, 4796, 3901, 13350,
298, 0.297, 4639, 4798, 3904, 13355,
299, 0.298, 4639, 4802, 3909, 13365,
300, 0.299, 4638, 4805, 3915, 13374,
301, 0.3, 4638, 4807, 3918, 13380,
302, 0.301, 4637, 4812, 3925, 13391,
303, 0.302, 4637, 4817, 3932, 13404,
304, 0.303, 4637, 4817, 3933, 13405,
305, 0.304, 4636, 4819, 3936, 13410,
306, 0.305, 4636, 4822, 3940, 13416,
307, 0.306, 4636, 4823, 3942, 13420,
308, 0.307, 4636, 4827, 3948, 13430,
309, 0.308, 4636, 4832, 3955, 13443,
310, 0.309, 4636, 4832, 3956, 13444,
311, 0.31, 4635, 4835, 3960, 13450,
312, 0.311, 4635, 4837, 3964, 13457,
313, 0.312, 4634, 4838, 3966, 13459,
314, 0.313, 4634, 4842, 3971, 13469,
315, 0.314, 4635, 4842, 3972, 13470,
316, 0.315, 4634, 4847, 3979, 13483,
317, 0.316, 4634, 4850, 3984, 13492,
318, 0.317, 4634, 4853, 3987, 13498,
319, 0.318, 4633, 4853, 3988, 13498,
320, 0.319, 4632, 4857, 3994, 13508,
321, 0.32, 4632, 4861, 4000, 13518,
322, 0.321, 4632, 4862, 4002, 13521,
323, 0.322, 4633, 4864, 4005, 13527,
324, 0.323, 4632, 4867, 4010, 13535,
325, 0.324, 4631, 4872, 4018, 13548,
326, 0.325, 4632, 4873, 4018, 13550,
327, 0.326, 4631, 4877, 4023, 13559,
328, 0.327, 4632, 4879, 4026, 13564,
329, 0.328, 4632, 4881, 4030, 13570,
330, 0.329, 4632, 4884, 4035, 13579,
331, 0.33, 4632, 4885, 4035, 13580,
332, 0.331, 4631, 4889, 4042, 13591,
333, 0.332, 4631, 4894, 4049, 13604,
334, 0.333, 4631, 4894, 4050, 13604,
335, 0.334, 4630, 4897, 4055, 13613,
336, 0.335, 4630, 4899, 4058, 13617,
337, 0.336, 4631, 4902, 4061, 13624,
338, 0.337, 4631, 4904, 4065, 13632,
339, 0.338, 4630, 4908, 4071, 13641,
340, 0.339, 4630, 4910, 4073, 13645,
341, 0.34, 4630, 4913, 4078, 13653,
342, 0.341, 4630, 4915, 4081, 13658,
343, 0.342, 4630, 4915, 4082, 13660,
344, 0.343, 4629, 4920, 4089, 13671,
345, 0.344, 4628, 4924, 4094, 13681,
346, 0.345, 4629, 4925, 4097, 13685,
347, 0.346, 4628, 4928, 4101, 13692,
348, 0.347, 4628, 4930, 4105, 13699,
349, 0.348, 4628, 4932, 4107, 13702,
350, 0.349, 4627, 4935, 4112, 13711,
351, 0.35, 4627, 4940, 4120, 13724,
352, 0.351, 4627, 4942, 4123, 13731,
353, 0.352, 4627, 4946, 4128, 13738,
354, 0.353, 4627, 4946, 4129, 13740,
355, 0.354, 4627, 4951, 4137, 13752,
356, 0.355, 4626, 4953, 4140, 13758,
357, 0.356, 4626, 4956, 4144, 13765,
358, 0.357, 4626, 4957, 4145, 13768,
359, 0.358, 4625, 4961, 4152, 13778,
360, 0.359, 4625, 4965, 4158, 13790,
361, 0.36, 4625, 4966, 4159, 13792,
362, 0.361, 4625, 4968, 4163, 13796,
363, 0.362, 4624, 4971, 4167, 13805,
364, 0.363, 4624, 4975, 4173, 13815,
365, 0.364, 4624, 4977, 4175, 13818,
366, 0.365, 4624, 4978, 4178, 13823,
367, 0.366, 4624, 4981, 4182, 13831,
368, 0.367, 4623, 4982, 4183, 13832,
369, 0.368, 4623, 4986, 4191, 13845,
370, 0.369, 4623, 4990, 4197, 13855,
371, 0.37, 4623, 4991, 4198, 13857,
372, 0.371, 4622, 4994, 4202, 13864,
373, 0.372, 4622, 4997, 4206, 13871,
374, 0.373, 4624, 4999, 4209, 13878,
375, 0.374, 4622, 5002, 4214, 13883,
376, 0.375, 4621, 5006, 4220, 13894,
377, 0.376, 4621, 5007, 4221, 13898,
378, 0.377, 4621, 5010, 4226, 13906,
379, 0.378, 4622, 5012, 4230, 13913,
380, 0.379, 4622, 5013, 4231, 13915,
381, 0.38, 4620, 5017, 4237, 13924,
382, 0.381, 4620, 5021, 4243, 13933,
383, 0.382, 4620, 5022, 4245, 13938,
384, 0.383, 4620, 5024, 4249, 13943,
385, 0.384, 4620, 5027, 4253, 13950,
386, 0.385, 4620, 5028, 4254, 13953,
387, 0.386, 4619, 5032, 4261, 13964,
388, 0.387, 4618, 5037, 4268, 13975,
389, 0.388, 4619, 5038, 4269, 13977,
390, 0.389, 4618, 5041, 4274, 13986,
391, 0.39, 4618, 5042, 4276, 13989,
392, 0.391, 4618, 5045, 4280, 13997,
393, 0.392, 4618, 5048, 4284, 14004,
394, 0.393, 4618, 5049, 4286, 14007,
395, 0.394, 4617, 5053, 4292, 14018,
396, 0.395, 4617, 5057, 4298, 14027,
397, 0.396, 4617, 5058, 4300, 14030,
398, 0.397, 4617, 5061, 4304, 14037,
399, 0.398, 4616, 5063, 4308, 14044,
400, 0.399, 4616, 5065, 4310, 14047,
401, 0.4, 4616, 5072, 4321, 14067,
402, 0.401, 4616, 5074, 4324, 14072,
403, 0.402, 4616, 5076, 4327, 14076,
404, 0.403, 4615, 5079, 4331, 14084,
405, 0.404, 4615, 5080, 4333, 14086,
406, 0.405, 4615, 5085, 4340, 14099,
407, 0.406, 4614, 5088, 4346, 14109,
408, 0.407, 4614, 5089, 4347, 14111,
409, 0.408, 4614, 5091, 4349, 14113,
410, 0.409, 4614, 5095, 4355, 14125,
411, 0.41, 4613, 5099, 4363, 14138,
412, 0.411, 4613, 5100, 4363, 14139,
413, 0.412, 4613, 5101, 4366, 14142,
414, 0.413, 4613, 5105, 4372, 14153,
415, 0.414, 4613, 5105, 4372, 14153,
416, 0.415, 4612, 5110, 4379, 14164,
417, 0.416, 4612, 5114, 4386, 14176,
418, 0.417, 4612, 5115, 4387, 14178,
419, 0.418, 4611, 5118, 4391, 14185,
420, 0.419, 4611, 5120, 4395, 14191,
421, 0.42, 4612, 5121, 4397, 14195,
422, 0.421, 4611, 5126, 4402, 14205,
423, 0.422, 4610, 5130, 4410, 14216,
424, 0.423, 4611, 5131, 4410, 14218,
425, 0.424, 4610, 5133, 4414, 14225,
426, 0.425, 4610, 5136, 4418, 14231,
427, 0.426, 4610, 5137, 4420, 14234,
428, 0.427, 4610, 5141, 4426, 14244,
429, 0.428, 4610, 5141, 4426, 14244,
430, 0.429, 4609, 5146, 4433, 14257,
431, 0.43, 4609, 5150, 4440, 14269,
432, 0.431, 4609, 5151, 4442, 14272,
433, 0.432, 4609, 5153, 4444, 14276,
434, 0.433, 4609, 5157, 4450, 14286,
435, 0.434, 4608, 5157, 4450, 14286,
436, 0.435, 4608, 5161, 4458, 14299,
437, 0.436, 4608, 5166, 4464, 14309,
438, 0.437, 4607, 5167, 4466, 14312,
439, 0.438, 4607, 5169, 4470, 14319,
440, 0.439, 4607, 5172, 4473, 14325,
441, 0.44, 4607, 5172, 4474, 14326,
442, 0.441, 4606, 5177, 4481, 14338,
443, 0.442, 4606, 5182, 4488, 14350,
444, 0.443, 4606, 5182, 4489, 14352,
445, 0.444, 4607, 5185, 4493, 14359,
446, 0.445, 4606, 5187, 4497, 14365,
447, 0.446, 4606, 5188, 4498, 14367,
448, 0.447, 4605, 5192, 4505, 14379,
449, 0.448, 4604, 5197, 4512, 14391,
450, 0.449, 4605, 5198, 4513, 14393,
451, 0.45, 4604, 5201, 4518, 14401,
452, 0.451, 4604, 5203, 4521, 14406,
453, 0.452, 4604, 5208, 4529, 14420,
454, 0.453, 4604, 5212, 4535, 14431,
455, 0.454, 4604, 5214, 4537, 14434,
456, 0.455, 4603, 5215, 4538, 14437,
457, 0.456, 4603, 5219, 4545, 14447,
458, 0.457, 4604, 5219, 4545, 14448,
459, 0.458, 4603, 5224, 4552, 14460,
460, 0.459, 4603, 5227, 4557, 14468,
461, 0.46, 4603, 5229, 4560, 14474,
462, 0.461, 4603, 5231, 4563, 14479,
463, 0.462, 4602, 5234, 4568, 14487,
464, 0.463, 4602, 5239, 4575, 14500,
465, 0.464, 4602, 5240, 4576, 14502,
466, 0.465, 4602, 5243, 4581, 14509,
467, 0.466, 4601, 5244, 4583, 14513,
468, 0.467, 4601, 5245, 4585, 14516,
469, 0.468, 4601, 5250, 4591, 14527,
470, 0.469, 4600, 5253, 4597, 14537,
471, 0.47, 4600, 5255, 4599, 14540,
472, 0.471, 4600, 5256, 4601, 14544,
473, 0.472, 4600, 5259, 4607, 14553,
474, 0.473, 4600, 5260, 4608, 14556,
475, 0.474, 4599, 5265, 4615, 14567,
476, 0.475, 4599, 5269, 4621, 14577,
477, 0.476, 4599, 5270, 4623, 14581,
478, 0.477, 4599, 5273, 4627, 14588,
479, 0.478, 4598, 5275, 4630, 14593,
480, 0.481, 4773, 5389, 4730, 14962,
481, 0.482, 4597, 5276, 4635, 14595,
482, 0.483, 4589, 5272, 4635, 14584,
483, 0.484, 4596, 5283, 4645, 14613,
484, 0.485, 4594, 5282, 4646, 14611,
485, 0.486, 4590, 5281, 4647, 14608,
486, 0.487, 4595, 5287, 4652, 14623,
487, 0.488, 4594, 5292, 4659, 14636,
488, 0.489, 4590, 5290, 4659, 14631,
489, 0.49, 4588, 5290, 4661, 14630,
490, 0.491, 4589, 5296, 4669, 14646,
491, 0.492, 4593, 5301, 4674, 14659,
492, 0.493, 4588, 5298, 4673, 14651,
493, 0.494, 4588, 5301, 4677, 14659,
494, 0.495, 4592, 5306, 4681, 14671,
495, 0.496, 4589, 5308, 4687, 14677,
496, 0.497, 4587, 5310, 4691, 14682,
497, 0.498, 4591, 5316, 4697, 14698,
498, 0.499, 4589, 5317, 4700, 14701,
499, 0.5, 4586, 5327, 4717, 14726,
500, 0.501, 4587, 5333, 4725, 14743,
501, 0.502, 4579, 5346, 4748, 14774,
502, 0.503, 4576, 5345, 4750, 14772,
503, 0.504, 4576, 5346, 4752, 14775,
504, 0.505, 4574, 5351, 4759, 14787,
505, 0.506, 4571, 5352, 4765, 14792,
506, 0.507, 4569, 5352, 4765, 14790,
507, 0.508, 4569, 5356, 4770, 14799,
508, 0.509, 4567, 5358, 4774, 14804,
509, 0.51, 4565, 5355, 4772, 14798,
510, 0.511, 4563, 5360, 4781, 14811,
511, 0.512, 4562, 5363, 4786, 14819,
512, 0.513, 4560, 5364, 4789, 14820,
513, 0.514, 4558, 5365, 4792, 14823,
514, 0.515, 4557, 5369, 4798, 14831,
515, 0.516, 4554, 5372, 4804, 14839,
516, 0.517, 4553, 5371, 4804, 14836,
517, 0.518, 4553, 5373, 4807, 14843,
518, 0.519, 4551, 5376, 4812, 14850,
519, 0.52, 4549, 5375, 4812, 14846,
520, 0.521, 4547, 5379, 4819, 14857,
521, 0.522, 4545, 5382, 4825, 14865,
522, 0.523, 4543, 5383, 4828, 14865,
523, 0.524, 4543, 5383, 4828, 14867,
524, 0.525, 4540, 5386, 4835, 14876,
525, 0.526, 4537, 5390, 4842, 14885,
526, 0.527, 4536, 5389, 4842, 14883,
527, 0.528, 4535, 5391, 4846, 14888,
528, 0.529, 4534, 5394, 4851, 14896,
529, 0.53, 4530, 5397, 4858, 14903,
530, 0.531, 4529, 5396, 4858, 14901,
531, 0.532, 4527, 5399, 4863, 14909,
532, 0.533, 4526, 5400, 4865, 14911,
533, 0.534, 4524, 5401, 4868, 14914,
534, 0.535, 4523, 5404, 4873, 14920,
535, 0.536, 4521, 5406, 4878, 14926,
536, 0.537, 4519, 5408, 4881, 14930,
537, 0.538, 4518, 5408, 4882, 14931,
538, 0.539, 4516, 5413, 4890, 14941,
539, 0.54, 4514, 5415, 4895, 14947,
540, 0.541, 4511, 5417, 4901, 14955,
541, 0.542, 4511, 5419, 4904, 14959,
542, 0.543, 4508, 5423, 4910, 14967,
543, 0.544, 4505, 5424, 4915, 14970,
544, 0.545, 4504, 5426, 4919, 14975,
545, 0.546, 4502, 5432, 4929, 14991,
546, 0.547, 4501, 5433, 4932, 14995,
547, 0.548, 4499, 5434, 4933, 14995,
548, 0.549, 4497, 5436, 4939, 15002,
549, 0.55, 4497, 5436, 4939, 15002,
550, 0.551, 4491, 5440, 4949, 15013,
551, 0.552, 4490, 5442, 4952, 15016,
552, 0.553, 4490, 5443, 4954, 15019,
553, 0.554, 4487, 5445, 4959, 15024,
554, 0.555, 4485, 5448, 4965, 15032,
555, 0.556, 4485, 5451, 4969, 15039,
556, 0.557, 4481, 5453, 4974, 15044,
557, 0.558, 4480, 5453, 4975, 15044,
558, 0.559, 4479, 5455, 4979, 15050,
559, 0.56, 4477, 5457, 4983, 15054,
560, 0.561, 4476, 5457, 4984, 15055,
561, 0.562, 4473, 5460, 4990, 15063,
562, 0.563, 4472, 5463, 4995, 15070,
563, 0.564, 4470, 5464, 4998, 15072,
564, 0.565, 4469, 5466, 5000, 15074,
565, 0.566, 4467, 5468, 5005, 15080,
566, 0.567, 4467, 5468, 5005, 15080,
567, 0.568, 4464, 5472, 5014, 15092,
568, 0.569, 4461, 5473, 5017, 15094,
569, 0.57, 4460, 5475, 5020, 15097,
570, 0.571, 4459, 5475, 5022, 15099,
571, 0.572, 4456, 5478, 5027, 15105,
572, 0.573, 4453, 5481, 5035, 15115,
573, 0.574, 4453, 5482, 5035, 15114,
574, 0.575, 4451, 5482, 5037, 15116,
575, 0.576, 4451, 5486, 5043, 15125,
576, 0.577, 4449, 5485, 5043, 15123,
577, 0.578, 4446, 5487, 5048, 15128,
578, 0.579, 4444, 5490, 5053, 15135,
579, 0.58, 4443, 5491, 5056, 15138,
580, 0.581, 4441, 5492, 5059, 15142,
581, 0.582, 4439, 5494, 5062, 15146,
582, 0.583, 4439, 5495, 5064, 15149,
583, 0.584, 4436, 5498, 5070, 15155,
584, 0.585, 4433, 5500, 5076, 15162,
585, 0.586, 4433, 5502, 5078, 15165,
586, 0.587, 4431, 5503, 5081, 15167,
587, 0.588, 4429, 5504, 5085, 15171,
588, 0.589, 4427, 5506, 5089, 15176,
589, 0.59, 4425, 5507, 5092, 15181,
590, 0.591, 4425, 5508, 5094, 15182,
591, 0.592, 4422, 5511, 5099, 15187,
592, 0.593, 4419, 5513, 5105, 15195,
593, 0.594, 4419, 5514, 5107, 15197,
594, 0.595, 4418, 5516, 5109, 15200,
595, 0.596, 4415, 5518, 5114, 15205,
596, 0.597, 4413, 5519, 5119, 15210,
597, 0.598, 4412, 5520, 5120, 15211,
598, 0.599, 4410, 5522, 5124, 15215,
599, 0.6, 4406, 5527, 5135, 15229,
600, 0.601, 4406, 5528, 5136, 15232,
601, 0.602, 4404, 5530, 5140, 15236,
602, 0.603, 4402, 5530, 5142, 15236,
603, 0.604, 4402, 5531, 5143, 15238,
604, 0.605, 4398, 5534, 5149, 15245,
605, 0.606, 4397, 5535, 5153, 15250,
606, 0.607, 4395, 5537, 5157, 15254,
607, 0.608, 4394, 5538, 5159, 15257,
608, 0.609, 4392, 5540, 5163, 15261,
609, 0.61, 4392, 5540, 5164, 15261,
610, 0.611, 4388, 5544, 5172, 15271,
611, 0.612, 4386, 5546, 5176, 15276,
612, 0.613, 4385, 5547, 5179, 15278,
613, 0.614, 4384, 5548, 5180, 15280,
614, 0.615, 4382, 5551, 5186, 15287,
615, 0.616, 4378, 5553, 5192, 15294,
616, 0.617, 4380, 5556, 5195, 15301,
617, 0.618, 4376, 5555, 5197, 15299,
618, 0.619, 4374, 5558, 5201, 15304,
619, 0.62, 4374, 5559, 5203, 15307,
620, 0.621, 4371, 5562, 5209, 15314,
621, 0.622, 4370, 5562, 5210, 15314,
622, 0.623, 4368, 5563, 5214, 15317,
623, 0.624, 4368, 5564, 5215, 15320,
624, 0.625, 4364, 5567, 5222, 15328,
625, 0.626, 4361, 5570, 5228, 15335,
626, 0.627, 4361, 5571, 5230, 15338,
627, 0.628, 4361, 5570, 5230, 15337,
628, 0.629, 4358, 5574, 5237, 15345,
629, 0.63, 4354, 5576, 5242, 15349,
630, 0.631, 4353, 5576, 5243, 15351,
631, 0.632, 4353, 5577, 5244, 15353,
632, 0.633, 4350, 5579, 5250, 15359,
633, 0.634, 4347, 5581, 5255, 15364,
634, 0.635, 4346, 5582, 5256, 15365,
635, 0.636, 4345, 5583, 5259, 15369,
636, 0.637, 4343, 5586, 5265, 15375,
637, 0.638, 4340, 5588, 5270, 15381,
638, 0.639, 4339, 5589, 5271, 15382,
639, 0.64, 4339, 5589, 5272, 15382,
640, 0.641, 4336, 5593, 5280, 15393,
641, 0.642, 4334, 5595, 5284, 15397,
642, 0.643, 4333, 5596, 5286, 15401,
643, 0.644, 4331, 5597, 5289, 15404,
644, 0.645, 4329, 5599, 5294, 15409,
645, 0.646, 4329, 5600, 5295, 15411,
646, 0.647, 4326, 5603, 5301, 15419,
647, 0.648, 4323, 5606, 5307, 15424,
648, 0.649, 4323, 5606, 5308, 15426,
649, 0.65, 4321, 5607, 5311, 15429,
650, 0.651, 4317, 5612, 5321, 15440,
651, 0.652, 4316, 5613, 5323, 15442,
652, 0.653, 4314, 5614, 5326, 15446,
653, 0.654, 4312, 5615, 5329, 15449,
654, 0.655, 4312, 5616, 5330, 15450,
655, 0.656, 4309, 5619, 5337, 15459,
656, 0.657, 4307, 5622, 5342, 15464,
657, 0.658, 4306, 5622, 5343, 15466,
658, 0.659, 4305, 5623, 5346, 15468,
659, 0.66, 4302, 5624, 5349, 15471,
660, 0.661, 4302, 5625, 5350, 15473,
661, 0.662, 4299, 5627, 5356, 15479,
662, 0.663, 4297, 5629, 5361, 15484,
663, 0.664, 4296, 5631, 5364, 15489,
664, 0.665, 4294, 5632, 5367, 15491,
665, 0.666, 4293, 5634, 5370, 15496,
666, 0.667, 4289, 5636, 5376, 15500,
667, 0.668, 4289, 5637, 5378, 15504,
668, 0.669, 4287, 5639, 5382, 15508,
669, 0.67, 4285, 5640, 5385, 15511,
670, 0.671, 4285, 5641, 5386, 15512,
671, 0.672, 4283, 5644, 5392, 15520,
672, 0.673, 4278, 5646, 5398, 15525,
673, 0.674, 4279, 5647, 5399, 15527,
674, 0.675, 4276, 5649, 5404, 15532,
675, 0.676, 4275, 5649, 5406, 15534,
676, 0.677, 4273, 5650, 5408, 15537,
677, 0.678, 4271, 5652, 5412, 15541,
678, 0.679, 4272, 5653, 5413, 15542,
679, 0.68, 4268, 5655, 5419, 15548,
680, 0.681, 4266, 5657, 5423, 15553,
681, 0.682, 4265, 5659, 5426, 15558,
682, 0.683, 4264, 5660, 5428, 15559,
683, 0.684, 4261, 5662, 5433, 15565,
684, 0.685, 4258, 5664, 5439, 15572,
685, 0.686, 4258, 5665, 5441, 15574,
686, 0.687, 4256, 5667, 5445, 15578,
687, 0.688, 4254, 5668, 5447, 15581,
688, 0.689, 4253, 5670, 5451, 15586,
689, 0.69, 4251, 5671, 5455, 15589,
690, 0.691, 4251, 5672, 5456, 15591,
691, 0.692, 4248, 5675, 5462, 15598,
692, 0.693, 4245, 5677, 5467, 15602,
693, 0.694, 4244, 5677, 5468, 15604,
694, 0.695, 4243, 5679, 5471, 15607,
695, 0.696, 4241, 5680, 5474, 15610,
696, 0.697, 4240, 5682, 5478, 15616,
697, 0.698, 4237, 5685, 5484, 15623,
698, 0.699, 4234, 5687, 5489, 15627,
699, 0.7, 4234, 5688, 5491, 15630,
700, 0.701, 4233, 5688, 5492, 15630,
701, 0.702, 4229, 5692, 5500, 15641,
702, 0.703, 4228, 5694, 5504, 15645,
703, 0.704, 4227, 5695, 5506, 15648,
704, 0.705, 4224, 5697, 5512, 15654,
705, 0.706, 4220, 5700, 5517, 15659,
706, 0.707, 4219, 5700, 5518, 15659,
707, 0.708, 4218, 5701, 5522, 15663,
708, 0.709, 4216, 5703, 5525, 15667,
709, 0.71, 4215, 5704, 5528, 15669,
710, 0.711, 4212, 5706, 5533, 15676,
711, 0.712, 4209, 5709, 5539, 15682,
712, 0.713, 4209, 5708, 5538, 15682,
713, 0.714, 4207, 5710, 5542, 15686,
714, 0.715, 4206, 5712, 5545, 15689,
715, 0.716, 4205, 5713, 5547, 15691,
716, 0.717, 4203, 5713, 5549, 15692,
717, 0.718, 4201, 5715, 5554, 15698,
718, 0.719, 4200, 5716, 5556, 15700,
719, 0.72, 4199, 5717, 5558, 15702,
720, 0.721, 4196, 5719, 5563, 15707,
721, 0.722, 4193, 5723, 5571, 15717,
722, 0.723, 4192, 5722, 5570, 15714,
723, 0.724, 4189, 5725, 5576, 15722,
724, 0.725, 4189, 5726, 5578, 15724,
725, 0.726, 4187, 5727, 5581, 15728,
726, 0.727, 4185, 5729, 5585, 15731,
727, 0.728, 4185, 5730, 5587, 15735,
728, 0.729, 4182, 5732, 5592, 15740,
729, 0.73, 4178, 5736, 5600, 15748,
730, 0.731, 4178, 5735, 5599, 15748,
731, 0.732, 4176, 5737, 5604, 15752,
732, 0.733, 4175, 5738, 5606, 15756,
733, 0.734, 4173, 5740, 5609, 15759,
734, 0.735, 4171, 5741, 5613, 15763,
735, 0.736, 4171, 5743, 5615, 15767,
736, 0.737, 4168, 5745, 5621, 15772,
737, 0.738, 4165, 5747, 5626, 15777,
738, 0.739, 4164, 5748, 5627, 15778,
739, 0.74, 4163, 5749, 5630, 15782,
740, 0.741, 4161, 5750, 5634, 15785,
741, 0.742, 4161, 5752, 5636, 15789,
742, 0.743, 4157, 5753, 5640, 15791,
743, 0.744, 4154, 5756, 5646, 15798,
744, 0.745, 4154, 5757, 5648, 15802,
745, 0.746, 4153, 5759, 5651, 15805,
746, 0.747, 4150, 5760, 5655, 15809,
747, 0.748, 4149, 5760, 5656, 15811,
748, 0.749, 4147, 5764, 5663, 15819,
749, 0.75, 4143, 5766, 5668, 15824,
750, 0.751, 4143, 5767, 5671, 15829,
751, 0.752, 4140, 5770, 5676, 15834,
752, 0.753, 4137, 5773, 5682, 15840,
753, 0.754, 4136, 5773, 5683, 15841,
754, 0.755, 4135, 5774, 5686, 15843,
755, 0.756, 4133, 5775, 5690, 15848,
756, 0.757, 4129, 5779, 5697, 15856,
757, 0.758, 4130, 5780, 5698, 15858,
758, 0.759, 4127, 5781, 5702, 15862,
759, 0.76, 4125, 5781, 5704, 15864,
760, 0.761, 4124, 5783, 5706, 15866,
761, 0.762, 4122, 5784, 5711, 15870,
762, 0.763, 4119, 5788, 5718, 15878,
763, 0.764, 4119, 5788, 5718, 15879,
764, 0.765, 4116, 5790, 5723, 15884,
765, 0.766, 4115, 5790, 5724, 15886,
766, 0.767, 4113, 5792, 5728, 15889,
767, 0.768, 4112, 5794, 5732, 15894,
768, 0.769, 4112, 5794, 5732, 15894,
769, 0.77, 4108, 5797, 5739, 15902,
770, 0.771, 4105, 5800, 5745, 15907,
771, 0.772, 4105, 5800, 5745, 15909,
772, 0.773, 4102, 5802, 5750, 15913,
773, 0.774, 4101, 5803, 5753, 15917,
774, 0.775, 4100, 5804, 5755, 15920,
775, 0.776, 4098, 5806, 5760, 15925,
776, 0.777, 4094, 5809, 5767, 15932,
777, 0.778, 4094, 5809, 5767, 15932,
778, 0.779, 4092, 5811, 5770, 15935,
779, 0.78, 4091, 5812, 5773, 15938,
780, 0.781, 4090, 5813, 5775, 15941,
781, 0.782, 4087, 5815, 5780, 15946,
782, 0.783, 4084, 5817, 5786, 15953,
783, 0.784, 4084, 5818, 5787, 15954,
784, 0.785, 4082, 5819, 5789, 15956,
785, 0.786, 4080, 5820, 5793, 15960,
786, 0.787, 4077, 5823, 5799, 15965,
787, 0.788, 4076, 5823, 5800, 15967,
788, 0.789, 4074, 5825, 5804, 15970,
789, 0.79, 4073, 5826, 5807, 15974,
790, 0.791, 4072, 5827, 5808, 15976,
791, 0.792, 4069, 5829, 5814, 15982,
792, 0.793, 4066, 5832, 5819, 15988,
793, 0.794, 4067, 5834, 5822, 15993,
794, 0.795, 4065, 5833, 5823, 15992,
795, 0.796, 4062, 5835, 5828, 15996,
796, 0.797, 4059, 5838, 5833, 16003,
797, 0.798, 4058, 5839, 5835, 16005,
798, 0.799, 4057, 5840, 5838, 16008,
799, 0.8, 4053, 5843, 5845, 16016,
800, 0.801, 4052, 5844, 5848, 16018,
801, 0.802, 4051, 5845, 5849, 16020,
802, 0.803, 4048, 5847, 5855, 16026,
803, 0.804, 4045, 5849, 5861, 16031,
804, 0.805, 4044, 5849, 5861, 16033,
805, 0.806, 4043, 5851, 5865, 16037,
806, 0.807, 4040, 5853, 5868, 16040,
807, 0.808, 4040, 5854, 5869, 16042,
808, 0.809, 4037, 5856, 5875, 16047,
809, 0.81, 4034, 5858, 5881, 16053,
810, 0.811, 4034, 5858, 5881, 16054,
811, 0.812, 4032, 5859, 5883, 16056,
812, 0.813, 4030, 5861, 5888, 16061,
813, 0.814, 4027, 5864, 5895, 16069,
814, 0.815, 4026, 5864, 5895, 16069,
815, 0.816, 4024, 5865, 5898, 16072,
816, 0.817, 4023, 5867, 5902, 16076,
817, 0.818, 4022, 5868, 5904, 16078,
818, 0.819, 4019, 5870, 5908, 16082,
819, 0.82, 4016, 5873, 5915, 16090,
820, 0.821, 4016, 5873, 5916, 16092,
821, 0.822, 4014, 5874, 5919, 16094,
822, 0.823, 4012, 5875, 5922, 16097,
823, 0.824, 4011, 5877, 5924, 16100,
824, 0.825, 4009, 5878, 5929, 16104,
825, 0.826, 4005, 5881, 5935, 16111,
826, 0.827, 4005, 5882, 5936, 16113,
827, 0.828, 4003, 5883, 5940, 16116,
828, 0.829, 4002, 5884, 5942, 16118,
829, 0.83, 4001, 5886, 5945, 16122,
830, 0.831, 3998, 5887, 5948, 16124,
831, 0.832, 3997, 5887, 5949, 16126,
832, 0.833, 3994, 5889, 5955, 16132,
833, 0.834, 3992, 5892, 5960, 16137,
834, 0.835, 3991, 5893, 5962, 16140,
835, 0.836, 3990, 5894, 5965, 16144,
836, 0.837, 3987, 5895, 5968, 16146,
837, 0.838, 3987, 5896, 5969, 16147,
838, 0.839, 3984, 5898, 5975, 16153,
839, 0.84, 3981, 5901, 5981, 16160,
840, 0.841, 3981, 5902, 5982, 16162,
841, 0.842, 3979, 5903, 5985, 16165,
842, 0.843, 3977, 5904, 5988, 16167,
843, 0.844, 3976, 5905, 5990, 16170,
844, 0.845, 3973, 5907, 5995, 16174,
845, 0.846, 3971, 5910, 6001, 16181,
846, 0.847, 3970, 5910, 6002, 16182,
847, 0.848, 3968, 5911, 6005, 16185,
848, 0.849, 3966, 5913, 6009, 16189,
849, 0.85, 3966, 5913, 6009, 16189,
850, 0.851, 3961, 5917, 6019, 16199,
851, 0.852, 3959, 5918, 6022, 16202,
852, 0.853, 3958, 5919, 6024, 16205,
853, 0.854, 3955, 5921, 6028, 16208,
854, 0.855, 3955, 5921, 6028, 16208,
855, 0.856, 3952, 5924, 6036, 16216,
856, 0.857, 3950, 5926, 6039, 16221,
857, 0.858, 3948, 5927, 6042, 16224,
858, 0.859, 3947, 5928, 6045, 16227,
859, 0.86, 3945, 5929, 6048, 16229,
860, 0.861, 3941, 5932, 6055, 16238,
861, 0.862, 3941, 5932, 6055, 16237,
862, 0.863, 3938, 5935, 6060, 16243,
863, 0.864, 3938, 5936, 6063, 16247,
864, 0.865, 3937, 5937, 6065, 16249,
865, 0.866, 3934, 5938, 6068, 16251,
866, 0.867, 3931, 5941, 6075, 16257,
867, 0.868, 3931, 5941, 6076, 16259,
868, 0.869, 3928, 5943, 6079, 16262,
869, 0.87, 3927, 5944, 6082, 16266,
870, 0.871, 3926, 5945, 6084, 16268,
871, 0.872, 3923, 5946, 6088, 16271,
872, 0.873, 3923, 5946, 6089, 16272,
873, 0.874, 3919, 5949, 6095, 16279,
874, 0.875, 3917, 5952, 6100, 16285,
875, 0.876, 3917, 5953, 6103, 16289,
876, 0.877, 3913, 5955, 6109, 16294,
877, 0.878, 3913, 5955, 6109, 16293,
878, 0.879, 3910, 5957, 6114, 16299,
879, 0.88, 3909, 5958, 6116, 16302,
880, 0.881, 3908, 5959, 6118, 16303,
881, 0.882, 3906, 5961, 6122, 16308,
882, 0.883, 3903, 5964, 6128, 16315,
883, 0.884, 3902, 5964, 6129, 16316,
884, 0.885, 3901, 5965, 6132, 16319,
885, 0.886, 3899, 5967, 6136, 16323,
886, 0.887, 3898, 5967, 6137, 16324,
887, 0.888, 3895, 5970, 6143, 16329,
888, 0.889, 3892, 5972, 6149, 16337,
889, 0.89, 3892, 5973, 6150, 16339,
890, 0.891, 3890, 5975, 6155, 16344,
891, 0.892, 3888, 5976, 6157, 16345,
892, 0.893, 3887, 5977, 6158, 16347,
893, 0.894, 3885, 5978, 6163, 16351,
894, 0.895, 3885, 5979, 6163, 16353,
895, 0.896, 3881, 5981, 6170, 16359,
896, 0.897, 3878, 5984, 6174, 16364,
897, 0.898, 3877, 5984, 6176, 16365,
898, 0.899, 3876, 5985, 6179, 16369,
899, 0.9, 3874, 5987, 6183, 16374,
900, 0.901, 3873, 5988, 6185, 16374,
901, 0.902, 3868, 5992, 6194, 16384,
902, 0.903, 3867, 5993, 6196, 16387,
903, 0.904, 3866, 5994, 6199, 16390,
904, 0.905, 3863, 5996, 6203, 16394,
905, 0.906, 3861, 5997, 6206, 16397,
906, 0.907, 3860, 5999, 6210, 16402,
907, 0.908, 3860, 5999, 6210, 16402,
908, 0.909, 3856, 6001, 6216, 16408,
909, 0.91, 3854, 6002, 6220, 16411,
910, 0.911, 3853, 6003, 6222, 16414,
911, 0.912, 3852, 6005, 6225, 16417,
912, 0.913, 3849, 6006, 6228, 16420,
913, 0.914, 3846, 6009, 6235, 16427,
914, 0.915, 3846, 6010, 6236, 16429,
915, 0.916, 3845, 6010, 6237, 16430,
916, 0.917, 3842, 6012, 6242, 16435,
917, 0.918, 3839, 6014, 6248, 16441,
918, 0.919, 3839, 6015, 6249, 16443,
919, 0.92, 3837, 6016, 6252, 16446,
920, 0.921, 3835, 6018, 6256, 16449,
921, 0.922, 3834, 6019, 6257, 16451,
922, 0.923, 3831, 6020, 6262, 16455,
923, 0.924, 3831, 6020, 6262, 16455,
924, 0.925, 3828, 6023, 6268, 16461,
925, 0.926, 3825, 6025, 6274, 16467,
926, 0.927, 3824, 6026, 6275, 16469,
927, 0.928, 3822, 6027, 6279, 16472,
928, 0.929, 3821, 6028, 6281, 16475,
929, 0.93, 3820, 6030, 6284, 16479,
930, 0.931, 3817, 6031, 6288, 16482,
931, 0.932, 3817, 6031, 6288, 16483,
932, 0.933, 3813, 6033, 6294, 16488,
933, 0.934, 3811, 6035, 6298, 16492,
934, 0.935, 3810, 6036, 6301, 16495,
935, 0.936, 3810, 6036, 6301, 16497,
936, 0.937, 3806, 6039, 6308, 16502,
937, 0.938, 3803, 6042, 6314, 16509,
938, 0.939, 3803, 6042, 6314, 16510,
939, 0.94, 3801, 6043, 6317, 16513,
940, 0.941, 3799, 6044, 6320, 16515,
941, 0.942, 3795, 6047, 6327, 16521,
942, 0.943, 3795, 6047, 6327, 16522,
943, 0.944, 3793, 6049, 6332, 16527,
944, 0.945, 3792, 6050, 6333, 16528,
945, 0.946, 3790, 6051, 6337, 16532,
946, 0.947, 3788, 6052, 6340, 16535,
947, 0.948, 3788, 6053, 6342, 16537,
948, 0.949, 3785, 6055, 6346, 16541,
949, 0.95, 3781, 6058, 6352, 16547,
950, 0.951, 3780, 6059, 6355, 16550,
951, 0.952, 3777, 6060, 6359, 16554,
952, 0.953, 3777, 6060, 6360, 16554,
953, 0.954, 3774, 6063, 6365, 16560,
954, 0.955, 3771, 6066, 6372, 16568,
955, 0.956, 3770, 6066, 6372, 16567,
956, 0.957, 3768, 6067, 6376, 16572,
957, 0.958, 3767, 6068, 6378, 16574,
958, 0.959, 3765, 6068, 6380, 16575,
959, 0.96, 3763, 6070, 6384, 16579,
960, 0.961, 3762, 6071, 6386, 16580,
961, 0.962, 3759, 6073, 6391, 16585,
962, 0.963, 3757, 6075, 6395, 16590,
963, 0.964, 3756, 6076, 6397, 16592,
964, 0.965, 3754, 6077, 6400, 16594,
965, 0.966, 3752, 6078, 6403, 16598,
966, 0.967, 3751, 6079, 6405, 16600,
967, 0.968, 3748, 6081, 6410, 16606,
968, 0.969, 3745, 6084, 6416, 16611,
969, 0.97, 3745, 6084, 6417, 16613,
970, 0.971, 3743, 6085, 6420, 16615,
971, 0.972, 3741, 6086, 6423, 16617,
972, 0.973, 3741, 6086, 6424, 16619,
973, 0.974, 3737, 6089, 6429, 16624,
974, 0.975, 3735, 6090, 6433, 16627,
975, 0.976, 3734, 6091, 6435, 16630,
976, 0.977, 3732, 6092, 6438, 16633,
977, 0.978, 3730, 6094, 6443, 16638,
978, 0.979, 3730, 6094, 6443, 16638,
979, 0.98, 3727, 6096, 6448, 16643,
980, 0.981, 3724, 6098, 6452, 16648,
981, 0.982, 3723, 6099, 6455, 16650,
982, 0.983, 3722, 6100, 6457, 16652,
983, 0.984, 3720, 6102, 6462, 16657,
984, 0.985, 3719, 6102, 6462, 16657,
985, 0.986, 3716, 6104, 6467, 16662,
986, 0.987, 3713, 6106, 6472, 16668,
987, 0.988, 3712, 6107, 6474, 16670,
988, 0.989, 3711, 6108, 6477, 16672,
989, 0.99, 3709, 6110, 6481, 16676,
990, 0.991, 3708, 6110, 6482, 16678,
991, 0.992, 3705, 6112, 6486, 16682,
992, 0.993, 3705, 6112, 6487, 16683,
993, 0.994, 3702, 6115, 6493, 16688,
994, 0.995, 3699, 6116, 6498, 16693,
995, 0.996, 3698, 6117, 6500, 16696,
996, 0.997, 3697, 6117, 6500, 16695,
997, 0.998, 3694, 6119, 6505, 16700,
998, 0.999, 3691, 6121, 6511, 16704,
999, 0.0, 4018, 5437, 5279, 14956,
1000, 0.001, 4679, 3999, 2716, 11283,
