1, 0.001, 1184, 1019, 693, 2879,
2, 0.002, 7337, 6337, 4306, 17882,
3, 0.003, 7347, 6338, 4308, 17893,
4, 0.004, 7349, 6339, 4312, 17901,
5, 0.005, 7325, 6315, 4296, 17835,
6, 0.006, 7328, 6317, 4299, 17843,
7, 0.007, 7336, 6325, 4307, 17867,
8, 0.008, 7337, 6333, 4318, 17889,
9, 0.009, 7323, 6319, 4309, 17852,
10, 0.01, 7326, 6326, 4318, 17871,
11, 0.011, 7331, 6332, 4324, 17888,
12, 0.012, 7324, 6329, 4324, 17879,
13, 0.013, 7321, 6331, 4329, 17883,
14, 0.014, 7328, 6338, 4336, 17904,
15, 0.015, 7324, 6342, 4343, 17912,
16, 0.016, 7320, 6343, 4349, 17915,
17, 0.017, 7319, 6345, 4352, 17920,
18, 0.018, 7324, 6351, 4357, 17936,
19, 0.019, 7320, 6354, 4365, 17944,
20, 0.02, 7317, 6359, 4374, 17956,
21, 0.021, 7320, 6363, 4378, 17967,
22, 0.022, 7318, 6367, 4384, 17977,
23, 0.023, 7315, 6366, 4387, 17976,
24, 0.024, 7316, 6371, 4392, 17987,
25, 0.025, 7316, 6376, 4400, 18001,
26, 0.026, 7313, 6374, 4399, 17995,
27, 0.027, 7312, 6381, 4410, 18014,
28, 0.028, 7313, 6389, 4421, 18035,
29, 0.029, 7313, 6391, 4423, 18038,
30, 0.03, 7311, 6389, 4424, 18035,
31, 0.031, 7311, 6397, 4434, 18054,
32, 0.032, 7311, 6403, 4444, 18071,
33, 0.033, 7309, 6404, 4446, 18073,
34, 0.034, 7308, 6406, 4450, 18080,
35, 0.035, 7309, 6412, 4458, 18094,
36, 0.036, 7308, 6412, 4459, 18094,
37, 0.037, 7308, 6419, 4470, 18114,
38, 0.038, 7308, 6427, 4481, 18132,
39, 0.039, 7307, 6427, 4482, 18134,
40, 0.04, 7306, 6431, 4489, 18145,
41, 0.041, 7305, 6435, 4494, 18152,
42, 0.042, 7306, 6438, 4499, 18161,
43, 0.043, 7305, 6442, 4506, 18173,
44, 0.044, 7306, 6444, 4508, 18177,
45, 0.045, 7304, 6451, 4518, 18195,
46, 0.046, 7304, 6456, 4526, 18208,
47, 0.047, 7304, 6458, 4530, 18214,
48, 0.048, 7303, 6462, 4535, 18223,
49, 0.049, 7302, 6466, 4542, 18235,
50, 0.05, 7302, 6474, 4554, 18255,
51, 0.051, 7302, 6478, 4559, 18264,
52, 0.052, 7301, 6483, 4567, 18278,
53, 0.053, 7301, 6490, 4579, 18298,
54, 0.054, 7302, 6491, 4579, 18300,
55, 0.055, 7301, 6497, 4588, 18314,
56, 0.056, 7302, 6500, 4592, 18322,
57, 0.057, 7303, 6501, 4594, 18327,
58, 0.058, 7301, 6508, 4604, 18342,
59, 0.059, 7300, 6512, 4611, 18354,
60, 0.06, 7300, 6515, 4616, 18362,
61, 0.061, 7300, 6515, 4616, 18363,
62, 0.062, 7299, 6523, 4627, 18382,
63, 0.063, 7298, 6525, 4631, 18388,
64, 0.064, 7298, 6530, 4640, 18402,
65, 0.065, 7298, 6531, 4640, 18403,
66, 0.066, 7297, 6538, 4652, 18422,
67, 0.067, 7297, 6545, 4662, 18440,
68, 0.068, 7297, 6547, 4665, 18445,
69, 0.069, 7296, 6549, 4668, 18451,
70, 0.07, 7296, 6554, 4676, 18463,
71, 0.071, 7296, 6556, 4678, 18467,
72, 0.072, 7295, 6563, 4689, 18485,
73, 0.073, 7294, 6569, 4698, 18501,
74, 0.074, 7295, 6570, 4700, 18506,
75, 0.075, 7293, 6574, 4707, 18514,
76, 0.076, 7293, 6577, 4712, 18523,
77, 0.077, 7293, 6578, 4713, 18526,
78, 0.078, 7292, 6585, 4724, 18544,
79, 0.079, 7291, 6591, 4733, 18558,
80, 0.08, 7290, 6592, 4735, 18562,
81, 0.081, 7291, 6595, 4739, 18568,
82, 0.082, 7289, 6600, 4747, 18582,
83, 0.083, 7289, 6600, 4748, 18583,
84, 0.084, 7289, 6608, 4760, 18603,
85, 0.085, 7289, 6613, 4767, 18617,
86, 0.086, 7288, 6616, 4772, 18625,
87, 0.087, 7289, 6619, 4776, 18632,
88, 0.088, 7289, 6625, 4785, 18648,
89, 0.089, 7288, 6633, 4797, 18669,
90, 0.09, 7288, 6633, 4797, 18669,
91, 0.091, 7287, 6637, 4803, 18678,
92, 0.092, 7287, 6641, 4809, 18690,
93, 0.093, 7287, 6642, 4810, 18692,
94, 0.094, 7287, 6649, 4821, 18711,
95, 0.095, 7286, 6655, 4830, 18726,
96, 0.096, 7286, 6657, 4834, 18732,
97, 0.097, 7286, 6661, 4838, 18740,
98, 0.098, 7285, 6665, 4846, 18752,
99, 0.099, 7286, 6667, 4848, 18756,
100, 0.1, 7286, 6678, 4865, 18786,
101, 0.101, 7285, 6682, 4871, 18797,
102, 0.102, 7286, 6685, 4875, 18805,
103, 0.103, 7285, 6691, 4884, 18820,
104, 0.104, 7285, 6697, 4894, 18837,
105, 0.105, 7285, 6699, 4896, 18841,
106, 0.106, 7285, 6701, 4899, 18846,
107, 0.107, 7284, 6707, 4908, 18862,
108, 0.108, 7284, 6715, 4920, 18883,
109, 0.109, 7284, 6716, 4921, 18885,
110, 0.11, 7283, 6721, 4929, 18897,
111, 0.111, 7284, 6724, 4933, 18906,
112, 0.112, 7283, 6725, 4936, 18910,
113, 0.113, 7283, 6731, 4945, 18926,
114, 0.114, 7283, 6732, 4945, 18926,
115, 0.115, 7282, 6739, 4957, 18946,
116, 0.116, 7281, 6746, 4967, 18963,
117, 0.117, 7281, 6748, 4969, 18967,
118, 0.118, 7281, 6752, 4975, 18977,
119, 0.119, 7280, 6756, 4982, 18987,
120, 0.12, 7281, 6757, 4985, 18993,
121, 0.121, 7280, 6763, 4993, 19008,
122, 0.122, 7279, 6771, 5005, 19027,
123, 0.123, 7279, 6772, 5006, 19029,
124, 0.124, 7278, 6777, 5014, 19042,
125, 0.125, 7278, 6779, 5018, 19050,
126, 0.126, 7278, 6781, 5020, 19054,
127, 0.127, 7277, 6787, 5030, 19070,
128, 0.128, 7277, 6795, 5041, 19089,
129, 0.129, 7277, 6795, 5042, 19092,
130, 0.13, 7277, 6801, 5050, 19106,
131, 0.131, 7276, 6803, 5054, 19114,
132, 0.132, 7277, 6807, 5059, 19120,
133, 0.133, 7275, 6811, 5066, 19132,
134, 0.134, 7275, 6818, 5077, 19150,
135, 0.135, 7275, 6819, 5079, 19154,
136, 0.136, 7274, 6824, 5086, 19165,
137, 0.137, 7274, 6827, 5091, 19173,
138, 0.138, 7274, 6830, 5096, 19182,
139, 0.139, 7273, 6835, 5103, 19194,
140, 0.14, 7273, 6836, 5105, 19198,
141, 0.141, 7272, 6842, 5115, 19214,
142, 0.142, 7272, 6847, 5122, 19227,
143, 0.143, 7273, 6852, 5128, 19239,
144, 0.144, 7271, 6856, 5136, 19249,
145, 0.145, 7271, 6859, 5139, 19257,
146, 0.146, 7270, 6862, 5144, 19263,
147, 0.147, 7269, 6866, 5151, 19275,
148, 0.148, 7270, 6868, 5153, 19279,
149, 0.149, 7269, 6874, 5163, 19296,
150, 0.15, 7268, 6880, 5173, 19312,
151, 0.151, 7268, 6884, 5178, 19321,
152, 0.152, 7267, 6890, 5188, 19338,
153, 0.153, 7267, 6897, 5198, 19356,
154, 0.154, 7268, 6899, 5201, 19361,
155, 0.155, 7267, 6904, 5208, 19373,
156, 0.156, 7267, 6906, 5212, 19380,
157, 0.157, 7266, 6910, 5217, 19388,
158, 0.158, 7267, 6916, 5225, 19403,
159, 0.159, 7267, 6916, 5226, 19406,
160, 0.16, 7267, 6924, 5237, 19425,
161, 0.161, 7266, 6930, 5247, 19441,
162, 0.162, 7267, 6933, 5251, 19449,
163, 0.163, 7266, 6936, 5256, 19459,
164, 0.164, 7266, 6940, 5263, 19468,
165, 0.165, 7266, 6943, 5266, 19474,
166, 0.166, 7265, 6949, 5275, 19489,
167, 0.167, 7265, 6956, 5286, 19509,
168, 0.168, 7265, 6957, 5287, 19512,
169, 0.169, 7265, 6963, 5295, 19525,
170, 0.17, 7265, 6966, 5300, 19534,
171, 0.171, 7265, 6969, 5304, 19542,
172, 0.172, 7265, 6974, 5313, 19556,
173, 0.173, 7264, 6975, 5314, 19559,
174, 0.174, 7263, 6982, 5324, 19575,
175, 0.175, 7263, 6989, 5335, 19594,
176, 0.176, 7264, 6991, 5337, 19598,
177, 0.177, 7264, 6995, 5344, 19611,
178, 0.178, 7263, 6999, 5350, 19621,
179, 0.179, 7264, 7002, 5353, 19628,
180, 0.18, 7263, 7007, 5362, 19642,
181, 0.181, 7263, 7008, 5363, 19643,
182, 0.182, 7263, 7016, 5374, 19663,
183, 0.183, 7262, 7022, 5384, 19681,
184, 0.184, 7262, 7024, 5387, 19685,
185, 0.185, 7262, 7029, 5393, 19697,
186, 0.186, 7262, 7032, 5399, 19708,
187, 0.187, 7263, 7035, 5403, 19715,
188, 0.188, 7262, 7041, 5412, 19729,
189, 0.189, 7260, 7040, 5411, 19727,
190, 0.19, 7260, 7048, 5424, 19749,
191, 0.191, 7260, 7053, 5431, 19761,
192, 0.192, 7259, 7056, 5436, 19769,
193, 0.193, 7260, 7060, 5441, 19778,
194, 0.194, 7260, 7065, 5448, 19792,
195, 0.195, 7260, 7065, 5449, 19793,
196, 0.196, 7258, 7073, 5461, 19812,
197, 0.197, 7258, 7078, 5469, 19826,
198, 0.198, 7258, 7081, 5473, 19833,
199, 0.199, 7258, 7084, 5478, 19842,
200, 0.2, 7257, 7095, 5495, 19871,
201, 0.201, 7257, 7098, 5498, 19877,
202, 0.202, 7257, 7102, 5504, 19888,
203, 0.203, 7257, 7105, 5510, 19897,
204, 0.204, 7257, 7107, 5511, 19901,
205, 0.205, 7258, 7116, 5524, 19924,
206, 0.206, 7256, 7119, 5530, 19932,
207, 0.207, 7256, 7122, 5535, 19940,
208, 0.208, 7256, 7123, 5536, 19943,
209, 0.209, 7255, 7130, 5547, 19962,
210, 0.21, 7254, 7136, 5557, 19977,
211, 0.211, 7255, 7138, 5559, 19983,
212, 0.212, 7254, 7143, 5566, 19994,
213, 0.213, 7253, 7145, 5571, 20001,
214, 0.214, 7253, 7148, 5574, 20007,
215, 0.215, 7252, 7154, 5583, 20022,
216, 0.216, 7252, 7154, 5583, 20022,
217, 0.217, 7252, 7162, 5596, 20043,
218, 0.218, 7251, 7168, 5605, 20059,
219, 0.219, 7251, 7170, 5607, 20063,
220, 0.22, 7250, 7173, 5614, 20074,
221, 0.221, 7251, 7178, 5620, 20084,
222, 0.222, 7250, 7178, 5621, 20086,
223, 0.223, 7249, 7185, 5632, 20105,
224, 0.224, 7249, 7192, 5642, 20122,
225, 0.225, 7249, 7194, 5644, 20126,
226, 0.226, 7248, 7198, 5651, 20137,
227, 0.227, 7248, 7202, 5657, 20148,
228, 0.228, 7249, 7204, 5659, 20152,
229, 0.229, 7248, 7211, 5669, 20170,
230, 0.23, 7247, 7218, 5680, 20188,
231, 0.231, 7248, 7219, 5682, 20192,
232, 0.232, 7247, 7222, 5686, 20200,
233, 0.233, 7246, 7226, 5693, 20211,
234, 0.234, 7247, 7228, 5696, 20217,
235, 0.235, 7247, 7235, 5706, 20234,
236, 0.236, 7246, 7243, 5718, 20254,
237, 0.237, 7247, 7244, 5720, 20258,
238, 0.238, 7246, 7248, 5726, 20268,
239, 0.239, 7246, 7251, 5731, 20277,
240, 0.24, 7246, 7255, 5736, 20286,
241, 0.241, 7245, 7259, 5743, 20298,
242, 0.242, 7244, 7266, 5754, 20316,
243, 0.243, 7245, 7268, 5756, 20319,
244, 0.244, 7244, 7273, 5764, 20332,
245, 0.245, 7244, 7276, 5768, 20340,
246, 0.246, 7244, 7279, 5773, 20349,
247, 0.247, 7244, 7284, 5781, 20363,
248, 0.248, 7243, 7292, 5792, 20382,
249, 0.249, 7244, 7293, 5793, 20385,
250, 0.25, 7243, 7297, 5800, 20395,
251, 0.251, 7243, 7307, 5815, 20422,
252, 0.252, 7243, 7310, 5818, 20428,
253, 0.253, 7243, 7314, 5824, 20439,
254, 0.254, 7242, 7318, 5831, 20450,
255, 0.255, 7243, 7326, 5843, 20472,
256, 0.256, 7243, 7327, 5844, 20475,
257, 0.257, 7242, 7332, 5851, 20486,
258, 0.258, 7241, 7335, 5856, 20493,
259, 0.259, 7240, 7336, 5859, 20497,
260, 0.26, 7241, 7343, 5868, 20515,
261, 0.261, 7241, 7343, 5869, 20515,
262, 0.262, 7240, 7350, 5880, 20534,
263, 0.263, 7239, 7357, 5889, 20550,
264, 0.264, 7240, 7359, 5893, 20558,
265, 0.265, 7239, 7363, 5898, 20566,
266, 0.266, 7238, 7366, 5904, 20574,
267, 0.267, 7239, 7370, 5908, 20583,
268, 0.268, 7238, 7375, 5916, 20596,
269, 0.269, 7238, 7375, 5917, 20598,
270, 0.27, 7237, 7382, 5929, 20617,
271, 0.271, 7236, 7388, 5938, 20633,
272, 0.272, 7236, 7390, 5941, 20637,
273, 0.273, 7235, 7393, 5946, 20645,
274, 0.274, 7233, 7396, 5951, 20652,
275, 0.275, 7234, 7405, 5964, 20675,
276, 0.276, 7234, 7406, 5965, 20678,
277, 0.277, 7233, 7411, 5972, 20691,
278, 0.278, 7233, 7414, 5977, 20699,
279, 0.279, 7233, 7415, 5978, 20700,
280, 0.28, 7233, 7422, 5990, 20720,
281, 0.281, 7233, 7429, 6000, 20739,
282, 0.282, 7232, 7431, 6002, 20741,
283, 0.283, 7231, 7434, 6008, 20750,
284, 0.284, 7230, 7437, 6012, 20758,
285, 0.285, 7230, 7438, 6015, 20761,
286, 0.286, 7229, 7445, 6025, 20779,
287, 0.287, 7229, 7453, 6037, 20800,
288, 0.288, 7230, 7454, 6038, 20802,
289, 0.289, 7229, 7458, 6045, 20812,
290, 0.29, 7228, 7461, 6049, 20820,
291, 0.291, 7229, 7465, 6054, 20830,
292, 0.292, 7227, 7469, 6062, 20841,
293, 0.293, 7227, 7477, 6074, 20862,
294, 0.294, 7228, 7478, 6075, 20865,
295, 0.295, 7227, 7483, 6083, 20879,
296, 0.296, 7227, 7486, 6087, 20887,
297, 0.297, 7227, 7490, 6093, 20896,
298, 0.298, 7226, 7494, 6100, 20908,
299, 0.299, 7227, 7497, 6103, 20914,
300, 0.3, 7226, 7508, 6119, 20942,
301, 0.301, 7226, 7511, 6125, 20951,
302, 0.302, 7226, 7518, 6135, 20970,
303, 0.303, 7226, 7520, 6137, 20974,
304, 0.304, 7225, 7522, 6141, 20979,
305, 0.305, 7224, 7527, 6148, 20993,
306, 0.306, 7225, 7527, 6149, 20994,
307, 0.307, 7224, 7536, 6162, 21015,
308, 0.308, 7223, 7541, 6171, 21031,
309, 0.309, 7223, 7544, 6174, 21036,
310, 0.31, 7222, 7547, 6179, 21044,
311, 0.311, 7223, 7552, 6187, 21056,
312, 0.312, 7223, 7554, 6189, 21062,
313, 0.313, 7221, 7560, 6198, 21077,
314, 0.314, 7221, 7568, 6211, 21099,
315, 0.315, 7221, 7568, 6212, 21099,
316, 0.316, 7221, 7573, 6218, 21112,
317, 0.317, 7221, 7576, 6223, 21119,
318, 0.318, 7221, 7579, 6228, 21129,
319, 0.319, 7220, 7584, 6236, 21140,
320, 0.32, 7220, 7591, 6247, 21160,
321, 0.321, 7219, 7592, 6248, 21161,
322, 0.322, 7219, 7597, 6256, 21175,
323, 0.323, 7218, 7599, 6260, 21181,
324, 0.324, 7217, 7603, 6265, 21188,
325, 0.325, 7217, 7608, 6271, 21200,
326, 0.326, 7217, 7609, 6274, 21204,
327, 0.327, 7217, 7616, 6284, 21223,
328, 0.328, 7216, 7623, 6295, 21241,
329, 0.329, 7216, 7624, 6297, 21244,
330, 0.33, 7216, 7629, 6304, 21257,
331, 0.331, 7216, 7632, 6309, 21266,
332, 0.332, 7215, 7635, 6313, 21272,
333, 0.333, 7214, 7639, 6320, 21285,
334, 0.334, 7215, 7641, 6323, 21289,
335, 0.335, 7214, 7648, 6334, 21308,
336, 0.336, 7214, 7654, 6342, 21322,
337, 0.337, 7214, 7656, 6345, 21329,
338, 0.338, 7214, 7660, 6350, 21337,
339, 0.339, 7213, 7665, 6358, 21350,
340, 0.34, 7212, 7673, 6370, 21370,
341, 0.341, 7213, 7674, 6371, 21373,
342, 0.342, 7213, 7679, 6379, 21387,
343, 0.343, 7212, 7681, 6383, 21393,
344, 0.344, 7212, 7685, 6388, 21402,
345, 0.345, 7211, 7689, 6395, 21413,
346, 0.346, 7211, 7696, 6406, 21432,
347, 0.347, 7211, 7697, 6407, 21434,
348, 0.348, 7210, 7701, 6413, 21444,
349, 0.349, 7210, 7705, 6420, 21455,
350, 0.35, 7210, 7707, 6422, 21460,
351, 0.351, 7209, 7716, 6437, 21485,
352, 0.352, 7208, 7721, 6444, 21497,
353, 0.353, 7209, 7722, 6446, 21501,
354, 0.354, 7208, 7730, 6457, 21519,
355, 0.355, 7208, 7737, 6468, 21539,
356, 0.356, 7208, 7739, 6470, 21543,
357, 0.357, 7208, 7744, 6477, 21555,
358, 0.358, 7208, 7748, 6483, 21565,
359, 0.359, 7208, 7749, 6486, 21571,
360, 0.36, 7207, 7755, 6495, 21585,
361, 0.361, 7207, 7756, 6495, 21586,
362, 0.362, 7207, 7764, 6508, 21608,
363, 0.363, 7207, 7771, 6518, 21625,
364, 0.364, 7207, 7773, 6520, 21630,
365, 0.365, 7206, 7777, 6526, 21640,
366, 0.366, 7206, 7781, 6533, 21653,
367, 0.367, 7206, 7783, 6536, 21657,
368, 0.368, 7206, 7789, 6545, 21674,
369, 0.369, 7205, 7796, 6556, 21692,
370, 0.37, 7205, 7797, 6558, 21695,
371, 0.371, 7204, 7802, 6565, 21707,
372, 0.372, 7205, 7806, 6570, 21717,
373, 0.373, 7205, 7808, 6574, 21724,
374, 0.374, 7204, 7813, 6583, 21737,
375, 0.375, 7203, 7822, 6595, 21758,
376, 0.376, 7203, 7821, 6595, 21757,
377, 0.377, 7202, 7827, 6604, 21774,
378, 0.378, 7203, 7830, 6608, 21780,
379, 0.379, 7202, 7834, 6613, 21789,
380, 0.38, 7202, 7838, 6620, 21801,
381, 0.381, 7202, 7838, 6621, 21802,
382, 0.382, 7201, 7846, 6632, 21822,
383, 0.383, 7200, 7850, 6639, 21833,
384, 0.384, 7200, 7853, 6644, 21842,
385, 0.385, 7200, 7857, 6649, 21850,
386, 0.386, 7199, 7862, 6656, 21862,
387, 0.387, 7200, 7863, 6659, 21867,
388, 0.388, 7199, 7870, 6668, 21884,
389, 0.389, 7198, 7878, 6680, 21904,
390, 0.39, 7198, 7878, 6680, 21904,
391, 0.391, 7198, 7884, 6689, 21920,
392, 0.392, 7197, 7886, 6692, 21925,
393, 0.393, 7197, 7889, 6697, 21932,
394, 0.394, 7197, 7894, 6705, 21947,
395, 0.395, 7197, 7895, 6705, 21946,
396, 0.396, 7196, 7903, 6718, 21967,
397, 0.397, 7195, 7908, 6727, 21984,
398, 0.398, 7195, 7911, 6730, 21989,
399, 0.399, 7195, 7914, 6734, 21996,
400, 0.4, 7194, 7924, 6751, 22025,
401, 0.401, 7194, 7927, 6755, 22030,
402, 0.402, 7193, 7930, 6760, 22039,
403, 0.403, 7193, 7934, 6766, 22050,
404, 0.404, 7193, 7936, 6769, 22055,
405, 0.405, 7192, 7943, 6779, 22071,
406, 0.406, 7191, 7950, 6790, 22089,
407, 0.407, 7192, 7951, 6792, 22093,
408, 0.408, 7191, 7955, 6798, 22104,
409, 0.409, 7190, 7958, 6803, 22113,
410, 0.41, 7191, 7961, 6808, 22121,
411, 0.411, 7189, 7965, 6815, 22132,
412, 0.412, 7190, 7966, 6816, 22134,
413, 0.413, 7189, 7974, 6828, 22154,
414, 0.414, 7188, 7979, 6836, 22167,
415, 0.415, 7188, 7982, 6840, 22175,
416, 0.416, 7187, 7986, 6846, 22185,
417, 0.417, 7187, 7990, 6852, 22194,
418, 0.418, 7187, 7991, 6853, 22197,
419, 0.419, 7186, 7998, 6864, 22214,
420, 0.42, 7185, 8004, 6875, 22232,
421, 0.421, 7185, 8005, 6877, 22235,
422, 0.422, 7185, 8009, 6882, 22244,
423, 0.423, 7184, 8013, 6888, 22256,
424, 0.424, 7184, 8015, 6891, 22260,
425, 0.425, 7183, 8021, 6900, 22276,
426, 0.426, 7183, 8030, 6913, 22299,
427, 0.427, 7183, 8030, 6913, 22300,
428, 0.428, 7183, 8033, 6919, 22308,
429, 0.429, 7183, 8038, 6926, 22320,
430, 0.43, 7182, 8039, 6927, 22321,
431, 0.431, 7181, 8045, 6938, 22338,
432, 0.432, 7181, 8053, 6949, 22358,
433, 0.433, 7181, 8054, 6951, 22362,
434, 0.434, 7181, 8059, 6958, 22373,
435, 0.435, 7180, 8062, 6962, 22382,
436, 0.436, 7180, 8064, 6965, 22385,
437, 0.437, 7179, 8070, 6975, 22403,
438, 0.438, 7179, 8075, 6982, 22415,
439, 0.439, 7178, 8078, 6987, 22421,
440, 0.44, 7178, 8079, 6989, 22425,
441, 0.441, 7177, 8086, 6999, 22444,
442, 0.442, 7177, 8092, 7009, 22461,
443, 0.443, 7177, 8095, 7012, 22467,
444, 0.444, 7177, 8099, 7019, 22478,
445, 0.445, 7176, 8102, 7025, 22488,
446, 0.446, 7177, 8105, 7029, 22496,
447, 0.447, 7176, 8111, 7037, 22509,
448, 0.448, 7176, 8111, 7038, 22509,
449, 0.449, 7176, 8119, 7049, 22530,
450, 0.45, 7175, 8124, 7057, 22543,
451, 0.451, 7174, 8132, 7070, 22564,
452, 0.452, 7174, 8135, 7074, 22572,
453, 0.453, 7174, 8138, 7079, 22580,
454, 0.454, 7173, 8143, 7086, 22592,
455, 0.455, 7173, 8144, 7088, 22594,
456, 0.456, 7172, 8150, 7098, 22611,
457, 0.457, 7171, 8157, 7109, 22631,
458, 0.458, 7172, 8159, 7111, 22635,
459, 0.459, 7171, 8164, 7119, 22646,
460, 0.46, 7171, 8167, 7123, 22654,
461, 0.461, 7170, 8170, 7128, 22662,
462, 0.462, 7170, 8174, 7135, 22673,
463, 0.463, 7170, 8176, 7138, 22680,
464, 0.464, 7169, 8181, 7146, 22693,
465, 0.465, 7168, 8189, 7158, 22712,
466, 0.466, 7169, 8190, 7159, 22716,
467, 0.467, 7167, 8195, 7167, 22728,
468, 0.468, 7167, 8197, 7170, 22732,
469, 0.469, 7167, 8200, 7174, 22741,
470, 0.47, 7167, 8205, 7183, 22755,
471, 0.471, 7166, 8212, 7193, 22773,
472, 0.472, 7167, 8215, 7197, 22780,
473, 0.473, 7166, 8217, 7200, 22784,
474, 0.474, 7165, 8221, 7207, 22796,
475, 0.475, 7165, 8222, 7208, 22800,
476, 0.476, 7164, 8230, 7220, 22818,
477, 0.477, 7164, 8236, 7230, 22835,
478, 0.478, 7164, 8238, 7232, 22838,
479, 0.479, 7163, 8242, 7239, 22851,
480, 0.48, 7162, 8245, 7244, 22859,
481, 0.481, 7163, 8246, 7245, 22859,
482, 0.482, 7162, 8254, 7257, 22880,
483, 0.483, 7161, 8259, 7264, 22892,
484, 0.484, 7161, 8262, 7268, 22900,
485, 0.485, 7161, 8265, 7273, 22909,
486, 0.486, 7160, 8270, 7281, 22922,
487, 0.487, 7160, 8271, 7283, 22925,
488, 0.488, 7160, 8278, 7293, 22943,
489, 0.489, 7160, 8286, 7305, 22964,
490, 0.49, 7161, 8288, 7308, 22969,
491, 0.491, 7159, 8290, 7312, 22976,
492, 0.492, 7159, 8295, 7319, 22987,
493, 0.493, 7159, 8296, 7321, 22990,
494, 0.494, 7158, 8303, 7332, 23009,
495, 0.495, 7158, 8309, 7341, 23025,
496, 0.496, 7158, 8312, 7345, 23033,
497, 0.497, 7157, 8316, 7350, 23040,
498, 0.498, 7157, 8319, 7356, 23050,
499, 0.499, 7157, 8321, 7360, 23056,
500, 0.5, 7156, 8339, 7386, 23102,
501, 0.501, 7145, 8357, 7419, 23147,
502, 0.502, 7144, 8360, 7426, 23156,
503, 0.503, 7139, 8366, 7437, 23170,
504, 0.504, 7134, 8370, 7447, 23180,
505, 0.505, 7133, 8371, 7449, 23183,
506, 0.506, 7131, 8375, 7456, 23192,
507, 0.507, 7129, 8377, 7460, 23198,
508, 0.508, 7128, 8378, 7462, 23200,
509, 0.509, 7124, 8382, 7471, 23211,
510, 0.51, 7120, 8386, 7479, 23220,
511, 0.511, 7119, 8387, 7482, 23223,
512, 0.512, 7117, 8391, 7489, 23231,
513, 0.513, 7114, 8393, 7494, 23237,
514, 0.514, 7113, 8394, 7495, 23239,
515, 0.515, 7108, 8398, 7505, 23250,
516, 0.516, 7104, 8403, 7515, 23261,
517, 0.517, 7103, 8403, 7516, 23263,
518, 0.518, 7099, 8406, 7524, 23271,
519, 0.519, 7097, 8408, 7528, 23275,
520, 0.52, 7095, 8410, 7532, 23279,
521, 0.521, 7092, 8414, 7539, 23289,
522, 0.522, 7092, 8415, 7541, 23291,
523, 0.523, 7087, 8418, 7550, 23301,
524, 0.524, 7082, 8423, 7561, 23313,
525, 0.525, 7081, 8424, 7562, 23314,
526, 0.526, 7079, 8426, 7567, 23320,
527, 0.527, 7075, 8429, 7573, 23326,
528, 0.528, 7075, 8429, 7574, 23329,
529, 0.529, 7071, 8435, 7585, 23342,
530, 0.53, 7067, 8439, 7594, 23353,
531, 0.531, 7066, 8440, 7596, 23356,
532, 0.532, 7063, 8443, 7603, 23363,
533, 0.533, 7061, 8446, 7608, 23369,
534, 0.534, 7059, 8447, 7611, 23372,
535, 0.535, 7056, 8451, 7620, 23383,
536, 0.536, 7056, 8451, 7620, 23383,
537, 0.537, 7050, 8456, 7630, 23394,
538, 0.538, 7046, 8460, 7640, 23407,
539, 0.539, 7046, 8462, 7643, 23410,
540, 0.54, 7044, 8465, 7647, 23418,
541, 0.541, 7040, 8467, 7654, 23424,
542, 0.542, 7040, 8468, 7656, 23426,
543, 0.543, 7035, 8473, 7665, 23436,
544, 0.544, 7030, 8477, 7675, 23446,
545, 0.545, 7030, 8478, 7678, 23451,
546, 0.546, 7027, 8481, 7684, 23458,
547, 0.547, 7025, 8484, 7689, 23465,
548, 0.548, 7024, 8485, 7692, 23469,
549, 0.549, 7020, 8490, 7701, 23479,
550, 0.55, 7016, 8493, 7709, 23487,
551, 0.551, 7010, 8499, 7722, 23504,
552, 0.552, 7009, 8500, 7724, 23506,
553, 0.553, 7006, 8503, 7731, 23513,
554, 0.554, 7006, 8506, 7736, 23521,
555, 0.555, 7002, 8507, 7739, 23523,
556, 0.556, 6999, 8510, 7746, 23531,
557, 0.557, 6998, 8511, 7748, 23533,
558, 0.558, 6994, 8515, 7758, 23544,
559, 0.559, 6989, 8520, 7768, 23556,
560, 0.56, 6989, 8521, 7770, 23560,
561, 0.561, 6985, 8524, 7776, 23567,
562, 0.562, 6983, 8526, 7780, 23570,
563, 0.563, 6981, 8527, 7782, 23573,
564, 0.564, 6977, 8530, 7791, 23582,
565, 0.565, 6974, 8538, 7804, 23601,
566, 0.566, 6976, 8540, 7806, 23607,
567, 0.567, 6969, 8540, 7811, 23606,
568, 0.568, 6968, 8543, 7815, 23611,
569, 0.569, 6965, 8545, 7820, 23618,
570, 0.57, 6962, 8547, 7826, 23624,
571, 0.571, 6962, 8549, 7829, 23627,
572, 0.572, 6957, 8553, 7837, 23637,
573, 0.573, 6952, 8558, 7848, 23651,
574, 0.574, 6952, 8559, 7849, 23652,
575, 0.575, 6949, 8562, 7856, 23660,
576, 0.576, 6948, 8564, 7860, 23666,
577, 0.577, 6945, 8565, 7864, 23670,
578, 0.578, 6942, 8569, 7872, 23677,
579, 0.579, 6942, 8569, 7874, 23680,
580, 0.58, 6937, 8574, 7883, 23691,
581, 0.581, 6934, 8578, 7891, 23701,
582, 0.582, 6932, 8580, 7895, 23705,
583, 0.583, 6929, 8581, 7899, 23710,
584, 0.584, 6926, 8584, 7905, 23716,
585, 0.585, 6925, 8585, 7908, 23720,
586, 0.586, 6921, 8590, 7918, 23730,
587, 0.587, 6916, 8595, 7928, 23744,
588, 0.588, 6916, 8596, 7929, 23745,
589, 0.589, 6912, 8598, 7936, 23751,
590, 0.59, 6911, 8601, 7941, 23758,
591, 0.591, 6909, 8602, 7944, 23762,
592, 0.592, 6905, 8605, 7951, 23769,
593, 0.593, 6905, 8607, 7953, 23774,
594, 0.594, 6900, 8611, 7963, 23783,
595, 0.595, 6896, 8616, 7973, 23796,
596, 0.596, 6895, 8617, 7975, 23799,
597, 0.597, 6892, 8621, 7984, 23810,
598, 0.598, 6891, 8623, 7988, 23815,
599, 0.599, 6888, 8624, 7991, 23817,
600, 0.6, 6881, 8631, 8006, 23834,
601, 0.601, 6879, 8632, 8009, 23837,
602, 0.602, 6877, 8634, 8013, 23842,
603, 0.603, 6874, 8637, 8020, 23850,
604, 0.604, 6869, 8643, 8031, 23863,
605, 0.605, 6868, 8643, 8031, 23863,
606, 0.606, 6866, 8646, 8039, 23872,
607, 0.607, 6864, 8649, 8044, 23878,
608, 0.608, 6862, 8650, 8047, 23882,
609, 0.609, 6858, 8653, 8055, 23890,
610, 0.61, 6858, 8654, 8056, 23893,
611, 0.611, 6853, 8658, 8065, 23903,
612, 0.612, 6849, 8662, 8074, 23912,
613, 0.613, 6848, 8663, 8077, 23915,
614, 0.614, 6845, 8666, 8082, 23921,
615, 0.615, 6842, 8668, 8087, 23926,
616, 0.616, 6842, 8669, 8090, 23930,
617, 0.617, 6838, 8673, 8097, 23939,
618, 0.618, 6833, 8679, 8110, 23940,
619, 0.619, 6833, 8678, 8109, 23953,
620, 0.62, 6829, 8681, 8115, 23959,
621, 0.621, 6827, 8683, 8120, 23964,
622, 0.622, 6826, 8685, 8124, 23969,
623, 0.623, 6822, 8688, 8131, 23977,
624, 0.624, 6817, 8694, 8142, 23990,
625, 0.625, 6818, 8695, 8144, 23994,
626, 0.626, 6813, 8697, 8151, 24000,
627, 0.627, 6812, 8700, 8155, 24006,
628, 0.628, 6809, 8701, 8158, 24008,
629, 0.629, 6806, 8704, 8165, 24015,
630, 0.63, 6806, 8704, 8165, 24017,
631, 0.631, 6801, 8709, 8176, 24028,
632, 0.632, 6797, 8712, 8184, 24036,
633, 0.633, 6796, 8714, 8188, 24042,
634, 0.634, 6793, 8716, 8192, 24047,
635, 0.635, 6791, 8719, 8198, 24053,
636, 0.636, 6790, 8720, 8201, 24057,
637, 0.637, 6785, 8724, 8210, 24066,
638, 0.638, 6781, 8730, 8222, 24081,
639, 0.639, 6781, 8730, 8221, 24080,
640, 0.64, 6777, 8734, 8230, 24091,
641, 0.641, 6775, 8735, 8233, 24094,
642, 0.642, 6774, 8738, 8239, 24102,
643, 0.643, 6771, 8741, 8245, 24110,
644, 0.644, 6771, 8742, 8246, 24111,
645, 0.645, 6766, 8747, 8256, 24122,
646, 0.646, 6761, 8751, 8265, 24133,
647, 0.647, 6761, 8752, 8268, 24136,
648, 0.648, 6758, 8755, 8274, 24144,
649, 0.649, 6756, 8758, 8279, 24150,
650, 0.65, 6754, 8759, 8283, 24155,
651, 0.651, 6748, 8766, 8297, 24171,
652, 0.652, 6745, 8768, 8302, 24177,
653, 0.653, 6744, 8770, 8305, 24182,
654, 0.654, 6740, 8773, 8313, 24191,
655, 0.655, 6736, 8778, 8323, 24200,
656, 0.656, 6736, 8779, 8325, 24204,
657, 0.657, 6733, 8781, 8328, 24208,
658, 0.658, 6730, 8784, 8335, 24215,
659, 0.659, 6729, 8784, 8336, 24216,
660, 0.66, 6725, 8789, 8346, 24229,
661, 0.661, 6720, 8793, 8357, 24241,
662, 0.662, 6720, 8795, 8358, 24242,
663, 0.663, 6717, 8796, 8363, 24247,
664, 0.664, 6715, 8799, 8369, 24254,
665, 0.665, 6715, 8800, 8370, 24256,
666, 0.666, 6710, 8805, 8381, 24268,
667, 0.667, 6707, 8807, 8385, 24273,
668, 0.668, 6704, 8809, 8391, 24279,
669, 0.669, 6703, 8810, 8392, 24280,
670, 0.67, 6699, 8814, 8402, 24292,
671, 0.671, 6694, 8819, 8412, 24302,
672, 0.672, 6694, 8819, 8413, 24303,
673, 0.673, 6690, 8823, 8420, 24310,
674, 0.674, 6689, 8824, 8424, 24316,
675, 0.675, 6687, 8827, 8428, 24322,
676, 0.676, 6684, 8829, 8434, 24328,
677, 0.677, 6683, 8830, 8436, 24330,
678, 0.678, 6678, 8834, 8445, 24342,
679, 0.679, 6674, 8839, 8456, 24354,
680, 0.68, 6674, 8841, 8458, 24358,
681, 0.681, 6670, 8843, 8464, 24362,
682, 0.682, 6668, 8844, 8468, 24366,
683, 0.683, 6665, 8846, 8472, 24371,
684, 0.684, 6662, 8849, 8478, 24378,
685, 0.685, 6661, 8850, 8480, 24381,
686, 0.686, 6657, 8854, 8490, 24391,
687, 0.687, 6652, 8859, 8500, 24402,
688, 0.688, 6652, 8859, 8501, 24404,
689, 0.689, 6648, 8863, 8509, 24415,
690, 0.69, 6647, 8864, 8512, 24417,
691, 0.691, 6644, 8867, 8518, 24424,
692, 0.692, 6641, 8870, 8524, 24431,
693, 0.693, 6643, 8874, 8529, 24442,
694, 0.694, 6636, 8875, 8534, 24443,
695, 0.695, 6631, 8879, 8545, 24453,
696, 0.696, 6630, 8880, 8546, 24455,
697, 0.697, 6627, 8883, 8552, 24461,
698, 0.698, 6626, 8885, 8557, 24467,
699, 0.699, 6624, 8887, 8561, 24472,
700, 0.7, 6620, 8889, 8567, 24480,
701, 0.701, 6621, 8891, 8570, 24484,
702, 0.702, 6614, 8900, 8587, 24506,
703, 0.703, 6610, 8900, 8590, 24506,
704, 0.704, 6609, 8901, 8592, 24507,
705, 0.705, 6605, 8905, 8601, 24520,
706, 0.706, 6599, 8910, 8612, 24531,
707, 0.707, 6600, 8911, 8613, 24534,
708, 0.708, 6596, 8914, 8620, 24542,
709, 0.709, 6595, 8915, 8623, 24545,
710, 0.71, 6595, 8922, 8632, 24561,
711, 0.711, 6589, 8919, 8632, 24554,
712, 0.712, 6588, 8921, 8635, 24558,
713, 0.713, 6584, 8925, 8645, 24569,
714, 0.714, 6579, 8929, 8654, 24578,
715, 0.715, 6579, 8930, 8656, 24582,
716, 0.716, 6575, 8933, 8663, 24588,
717, 0.717, 6573, 8935, 8666, 24593,
718, 0.718, 6572, 8937, 8672, 24599,
719, 0.719, 6568, 8939, 8677, 24603,
720, 0.72, 6568, 8940, 8679, 24606,
721, 0.721, 6563, 8944, 8688, 24616,
722, 0.722, 6558, 8949, 8698, 24627,
723, 0.723, 6558, 8950, 8699, 24630,
724, 0.724, 6555, 8953, 8706, 24638,
725, 0.725, 6553, 8955, 8711, 24643,
726, 0.726, 6551, 8955, 8712, 24643,
727, 0.727, 6547, 8960, 8721, 24653,
728, 0.728, 6542, 8964, 8732, 24665,
729, 0.729, 6542, 8965, 8732, 24666,
730, 0.73, 6539, 8967, 8738, 24673,
731, 0.731, 6536, 8968, 8742, 24675,
732, 0.732, 6534, 8970, 8746, 24680,
733, 0.733, 6531, 8973, 8753, 24688,
734, 0.734, 6531, 8974, 8754, 24690,
735, 0.735, 6526, 8978, 8764, 24702,
736, 0.736, 6521, 8981, 8771, 24708,
737, 0.737, 6519, 8982, 8774, 24711,
738, 0.738, 6518, 8984, 8778, 24715,
739, 0.739, 6514, 8987, 8785, 24723,
740, 0.74, 6514, 8988, 8787, 24725,
741, 0.741, 6510, 8992, 8796, 24736,
742, 0.742, 6505, 8997, 8806, 24748,
743, 0.743, 6504, 8998, 8807, 24748,
744, 0.744, 6501, 9001, 8815, 24758,
745, 0.745, 6499, 9002, 8819, 24762,
746, 0.746, 6495, 9007, 8828, 24774,
747, 0.747, 6494, 9008, 8830, 24776,
748, 0.748, 6492, 9010, 8835, 24781,
749, 0.749, 6489, 9012, 8841, 24786,
750, 0.75, 6487, 9014, 8843, 24788,
751, 0.751, 6481, 9019, 8856, 24803,
752, 0.752, 6478, 9022, 8861, 24810,
753, 0.753, 6477, 9023, 8864, 24813,
754, 0.754, 6473, 9027, 8873, 24822,
755, 0.755, 6469, 9030, 8881, 24830,
756, 0.756, 6468, 9031, 8884, 24834,
757, 0.757, 6466, 9033, 8888, 24839,
758, 0.758, 6463, 9036, 8894, 24847,
759, 0.759, 6462, 9037, 8896, 24849,
760, 0.76, 6456, 9041, 8905, 24857,
761, 0.761, 6451, 9045, 8915, 24867,
762, 0.762, 6451, 9046, 8916, 24869,
763, 0.763, 6448, 9048, 8922, 24876,
764, 0.764, 6447, 9052, 8928, 24884,
765, 0.765, 6445, 9052, 8931, 24885,
766, 0.766, 6441, 9055, 8937, 24893,
767, 0.767, 6441, 9056, 8939, 24895,
768, 0.768, 6436, 9060, 8948, 24905,
769, 0.769, 6432, 9063, 8955, 24914,
770, 0.77, 6430, 9066, 8959, 24918,
771, 0.771, 6428, 9067, 8964, 24922,
772, 0.772, 6425, 9069, 8969, 24928,
773, 0.773, 6424, 9071, 8972, 24931,
774, 0.774, 6419, 9074, 8980, 24940,
775, 0.775, 6415, 9078, 8990, 24950,
776, 0.776, 6415, 9079, 8991, 24951,
777, 0.777, 6412, 9080, 8995, 24957,
778, 0.778, 6409, 9083, 9001, 24964,
779, 0.779, 6409, 9084, 9002, 24965,
780, 0.78, 6404, 9088, 9012, 24975,
781, 0.781, 6400, 9092, 9020, 24985,
782, 0.782, 6398, 9093, 9023, 24988,
783, 0.783, 6395, 9096, 9028, 24993,
784, 0.784, 6392, 9097, 9033, 24997,
785, 0.785, 6391, 9099, 9036, 25000,
786, 0.786, 6388, 9102, 9044, 25010,
787, 0.787, 6388, 9103, 9045, 25011,
788, 0.788, 6382, 9107, 9054, 25020,
789, 0.789, 6379, 9111, 9063, 25032,
790, 0.79, 6378, 9112, 9066, 25036,
791, 0.791, 6375, 9114, 9070, 25040,
792, 0.792, 6372, 9117, 9077, 25046,
793, 0.793, 6371, 9118, 9078, 25048,
794, 0.794, 6366, 9121, 9087, 25057,
795, 0.795, 6364, 9127, 9097, 25072,
796, 0.796, 6361, 9127, 9098, 25069,
797, 0.797, 6359, 9129, 9103, 25075,
798, 0.798, 6356, 9131, 9108, 25080,
799, 0.799, 6356, 9132, 9110, 25084,
800, 0.8, 6348, 9138, 9124, 25098,
801, 0.801, 6345, 9141, 9130, 25106,
802, 0.802, 6344, 9142, 9133, 25108,
803, 0.803, 6340, 9145, 9140, 25116,
804, 0.804, 6335, 9150, 9151, 25128,
805, 0.805, 6335, 9149, 9150, 25127,
806, 0.806, 6331, 9153, 9159, 25135,
807, 0.807, 6330, 9155, 9162, 25140,
808, 0.808, 6326, 9156, 9165, 25142,
809, 0.809, 6324, 9158, 9171, 25150,
810, 0.81, 6323, 9160, 9174, 25153,
811, 0.811, 6319, 9163, 9182, 25161,
812, 0.812, 6315, 9167, 9190, 25170,
813, 0.813, 6313, 9168, 9193, 25173,
814, 0.814, 6311, 9170, 9198, 25178,
815, 0.815, 6308, 9172, 9203, 25184,
816, 0.816, 6307, 9174, 9206, 25187,
817, 0.817, 6303, 9177, 9214, 25195,
818, 0.818, 6297, 9181, 9223, 25204,
819, 0.819, 6297, 9181, 9224, 25205,
820, 0.82, 6293, 9184, 9232, 25215,
821, 0.821, 6291, 9186, 9235, 25217,
822, 0.822, 6288, 9187, 9239, 25222,
823, 0.823, 6287, 9191, 9246, 25231,
824, 0.824, 6284, 9191, 9247, 25230,
825, 0.825, 6280, 9194, 9255, 25238,
826, 0.826, 6277, 9199, 9264, 25250,
827, 0.827, 6275, 9200, 9267, 25252,
828, 0.828, 6274, 9202, 9271, 25259,
829, 0.829, 6270, 9205, 9278, 25267,
830, 0.83, 6270, 9206, 9279, 25268,
831, 0.831, 6265, 9210, 9289, 25278,
832, 0.832, 6261, 9215, 9299, 25291,
833, 0.833, 6260, 9215, 9299, 25290,
834, 0.834, 6256, 9218, 9306, 25298,
835, 0.835, 6255, 9220, 9311, 25304,
836, 0.836, 6253, 9221, 9314, 25306,
837, 0.837, 6249, 9224, 9320, 25312,
838, 0.838, 6249, 9225, 9322, 25315,
839, 0.839, 6244, 9229, 9331, 25324,
840, 0.84, 6241, 9231, 9336, 25330,
841, 0.841, 6239, 9233, 9342, 25336,
842, 0.842, 6237, 9235, 9346, 25340,
843, 0.843, 6234, 9238, 9352, 25347,
844, 0.844, 6233, 9239, 9354, 25350,
845, 0.845, 6228, 9242, 9362, 25357,
846, 0.846, 6223, 9246, 9371, 25367,
847, 0.847, 6223, 9247, 9373, 25370,
848, 0.848, 6218, 9248, 9378, 25372,
849, 0.849, 6216, 9250, 9382, 25376,
850, 0.85, 6214, 9251, 9385, 25379,
851, 0.851, 6207, 9256, 9398, 25393,
852, 0.852, 6204, 9258, 9403, 25397,
853, 0.853, 6204, 9258, 9404, 25397,
854, 0.854, 6199, 9261, 9411, 25406,
855, 0.855, 6194, 9266, 9422, 25416,
856, 0.856, 6194, 9267, 9423, 25419,
857, 0.857, 6189, 9269, 9429, 25424,
858, 0.858, 6189, 9273, 9435, 25433,
859, 0.859, 6186, 9274, 9438, 25435,
860, 0.86, 6183, 9276, 9445, 25441,
861, 0.861, 6183, 9276, 9444, 25443,
862, 0.862, 6178, 9281, 9455, 25455,
863, 0.863, 6174, 9285, 9463, 25463,
864, 0.864, 6173, 9285, 9465, 25466,
865, 0.865, 6169, 9288, 9470, 25471,
866, 0.866, 6167, 9290, 9476, 25475,
867, 0.867, 6167, 9290, 9476, 25475,
868, 0.868, 6162, 9294, 9485, 25485,
869, 0.869, 6157, 9298, 9495, 25496,
870, 0.87, 6156, 9299, 9497, 25498,
871, 0.871, 6154, 9301, 9502, 25502,
872, 0.872, 6151, 9303, 9507, 25509,
873, 0.873, 6150, 9304, 9510, 25511,
874, 0.874, 6146, 9309, 9518, 25522,
875, 0.875, 6140, 9312, 9528, 25531,
876, 0.876, 6141, 9313, 9529, 25533,
877, 0.877, 6137, 9316, 9536, 25540,
878, 0.878, 6135, 9318, 9539, 25546,
879, 0.879, 6133, 9319, 9544, 25551,
880, 0.88, 6130, 9322, 9550, 25557,
881, 0.881, 6130, 9322, 9551, 25558,
882, 0.882, 6126, 9328, 9562, 25572,
883, 0.883, 6121, 9330, 9567, 25576,
884, 0.884, 6120, 9331, 9571, 25580,
885, 0.885, 6117, 9333, 9575, 25584,
886, 0.886, 6115, 9336, 9581, 25591,
887, 0.887, 6114, 9338, 9585, 25596,
888, 0.888, 6109, 9340, 9592, 25602,
889, 0.889, 6104, 9345, 9602, 25613,
890, 0.89, 6104, 9346, 9603, 25616,
891, 0.891, 6102, 9347, 9607, 25619,
892, 0.892, 6099, 9351, 9613, 25627,
893, 0.893, 6094, 9356, 9626, 25642,
894, 0.894, 6093, 9356, 9625, 25641,
895, 0.895, 6089, 9359, 9633, 25649,
896, 0.896, 6089, 9361, 9636, 25653,
897, 0.897, 6085, 9363, 9641, 25658,
898, 0.898, 6083, 9365, 9646, 25664,
899, 0.899, 6078, 9369, 9656, 25674,
900, 0.9, 6078, 9370, 9657, 25676,
901, 0.901, 6074, 9372, 9664, 25682,
902, 0.902, 6071, 9374, 9668, 25686,
903, 0.903, 6067, 9378, 9677, 25696,
904, 0.904, 6063, 9382, 9687, 25708,
905, 0.905, 6061, 9382, 9688, 25707,
906, 0.906, 6058, 9386, 9695, 25716,
907, 0.907, 6056, 9388, 9699, 25720,
908, 0.908, 6054, 9389, 9702, 25723,
909, 0.909, 6051, 9391, 9708, 25729,
910, 0.91, 6051, 9392, 9708, 25730,
911, 0.911, 6045, 9396, 9718, 25740,
912, 0.912, 6041, 9399, 9725, 25746,
913, 0.913, 6040, 9400, 9728, 25750,
914, 0.914, 6037, 9402, 9733, 25754,
915, 0.915, 6034, 9403, 9737, 25759,
916, 0.916, 6033, 9405, 9741, 25764,
917, 0.917, 6028, 9408, 9748, 25769,
918, 0.918, 6023, 9412, 9758, 25780,
919, 0.919, 6023, 9413, 9759, 25782,
920, 0.92, 6019, 9415, 9766, 25789,
921, 0.921, 6018, 9417, 9769, 25793,
922, 0.922, 6015, 9418, 9773, 25795,
923, 0.923, 6012, 9421, 9779, 25802,
924, 0.924, 6011, 9422, 9782, 25805,
925, 0.925, 6007, 9425, 9789, 25812,
926, 0.926, 6001, 9429, 9799, 25822,
927, 0.927, 6001, 9429, 9799, 25823,
928, 0.928, 5998, 9432, 9804, 25829,
929, 0.929, 5996, 9434, 9809, 25833,
930, 0.93, 5994, 9435, 9813, 25837,
931, 0.931, 5990, 9438, 9819, 25844,
932, 0.932, 5985, 9441, 9828, 25853,
933, 0.933, 5985, 9442, 9830, 25855,
934, 0.934, 5982, 9444, 9834, 25859,
935, 0.935, 5979, 9446, 9840, 25864,
936, 0.936, 5979, 9448, 9842, 25869,
937, 0.937, 5974, 9450, 9850, 25876,
938, 0.938, 5969, 9454, 9858, 25884,
939, 0.939, 5968, 9456, 9861, 25887,
940, 0.94, 5965, 9458, 9867, 25893,
941, 0.941, 5963, 9459, 9870, 25897,
942, 0.942, 5961, 9461, 9874, 25903,
943, 0.943, 5958, 9464, 9881, 25910,
944, 0.944, 5958, 9465, 9882, 25912,
945, 0.945, 5952, 9468, 9891, 25920,
946, 0.946, 5947, 9472, 9900, 25928,
947, 0.947, 5947, 9472, 9901, 25929,
948, 0.948, 5943, 9475, 9908, 25936,
949, 0.949, 5942, 9477, 9912, 25942,
950, 0.95, 5939, 9479, 9915, 25945,
951, 0.951, 5934, 9484, 9927, 25958,
952, 0.952, 5931, 9486, 9932, 25964,
953, 0.953, 5930, 9486, 9934, 25964,
954, 0.954, 5925, 9490, 9942, 25973,
955, 0.955, 5920, 9494, 9951, 25982,
956, 0.956, 5920, 9494, 9952, 25983,
957, 0.957, 5916, 9497, 9958, 25989,
958, 0.958, 5914, 9499, 9964, 25993,
959, 0.959, 5912, 9500, 9966, 25996,
960, 0.96, 5910, 9504, 9974, 26007,
961, 0.961, 5903, 9506, 9982, 26013,
962, 0.962, 5904, 9507, 9983, 26016,
963, 0.963, 5900, 9510, 9990, 26022,
964, 0.964, 5898, 9511, 9993, 26026,
965, 0.965, 5895, 9512, 9997, 26028,
966, 0.966, 5893, 9516, 10003, 26037,
967, 0.967, 5891, 9516, 10005, 26037,
968, 0.968, 5887, 9519, 10012, 26044,
969, 0.969, 5882, 9522, 10021, 26054,
970, 0.97, 5882, 9523, 10023, 26056,
971, 0.971, 5878, 9525, 10028, 26061,
972, 0.972, 5876, 9527, 10032, 26064,
973, 0.973, 5874, 9528, 10035, 26068,
974, 0.974, 5870, 9531, 10042, 26075,
975, 0.975, 5866, 9535, 10052, 26085,
976, 0.976, 5865, 9536, 10053, 26086,
977, 0.977, 5862, 9538, 10059, 26092,
978, 0.978, 5860, 9540, 10063, 26096,
979, 0.979, 5859, 9541, 10065, 26101,
980, 0.98, 5854, 9544, 10073, 26108,
981, 0.981, 5849, 9549, 10083, 26118,
982, 0.982, 5849, 9548, 10083, 26117,
983, 0.983, 5845, 9552, 10090, 26125,
984, 0.984, 5844, 9553, 10093, 26129,
985, 0.985, 5841, 9554, 10097, 26132,
986, 0.986, 5837, 9555, 10101, 26134,
987, 0.987, 5837, 9557, 10104, 26139,
988, 0.988, 5832, 9560, 10112, 26146,
989, 0.989, 5827, 9564, 10122, 26156,
990, 0.99, 5827, 9565, 10123, 26158,
991, 0.991, 5823, 9568, 10130, 26165,
992, 0.992, 5821, 9569, 10132, 26167,
993, 0.993, 5819, 9570, 10137, 26171,
994, 0.994, 5816, 9572, 10142, 26175,
995, 0.995, 5815, 9574, 10144, 26179,
996, 0.996, 5810, 9577, 10151, 26185,
997, 0.997, 5805, 9580, 10161, 26195,
998, 0.998, 5805, 9581, 10162, 26197,
999, 0.999, 5801, 9583, 10167, 26200,
1000, 0.0, 6044, 9061, 9231, 24865,
