1, 0.0, 6630, 5613, 3823, 15834,
2, 0.001, 10386, 8699, 5929, 24596,
3, 0.002, 10380, 8683, 5916, 24559,
4, 0.003, 10368, 8671, 5912, 24531,
5, 0.004, 10362, 8667, 5914, 24525,
6, 0.005, 10359, 8661, 5911, 24510,
7, 0.006, 10357, 8660, 5913, 24511,
8, 0.007, 10354, 8662, 5919, 24516,
9, 0.008, 10352, 8669, 5932, 24534,
10, 0.009, 10350, 8668, 5931, 24531,
11, 0.01, 10348, 8672, 5939, 24542,
12, 0.011, 10347, 8674, 5944, 24548,
13, 0.012, 10346, 8677, 5949, 24554,
14, 0.013, 10344, 8682, 5957, 24567,
15, 0.014, 10344, 8682, 5958, 24569,
16, 0.015, 10341, 8690, 5972, 24590,
17, 0.016, 10339, 8694, 5980, 24601,
18, 0.017, 10338, 8698, 5986, 24610,
19, 0.018, 10337, 8700, 5990, 24616,
20, 0.019, 10335, 8708, 6001, 24634,
21, 0.02, 10333, 8716, 6015, 24657,
22, 0.021, 10332, 8716, 6016, 24656,
23, 0.022, 10331, 8721, 6023, 24667,
24, 0.023, 10329, 8725, 6031, 24679,
25, 0.024, 10329, 8727, 6035, 24686,
26, 0.025, 10327, 8735, 6047, 24704,
27, 0.026, 10325, 8745, 6062, 24730,
28, 0.027, 10325, 8745, 6062, 24730,
29, 0.028, 10323, 8751, 6073, 24747,
30, 0.029, 10323, 8753, 6077, 24752,
31, 0.03, 10323, 8757, 6082, 24762,
32, 0.031, 10321, 8764, 6092, 24777,
33, 0.032, 10320, 8763, 6093, 24778,
34, 0.033, 10318, 8773, 6108, 24802,
35, 0.034, 10317, 8782, 6120, 24824,
36, 0.035, 10316, 8783, 6123, 24827,
37, 0.036, 10315, 8792, 6138, 24852,
38, 0.037, 10315, 8793, 6139, 24853,
39, 0.038, 10314, 8798, 6147, 24867,
40, 0.039, 10312, 8802, 6154, 24878,
41, 0.04, 10313, 8804, 6156, 24882,
42, 0.041, 10311, 8813, 6170, 24905,
43, 0.042, 10310, 8822, 6183, 24927,
44, 0.043, 10310, 8824, 6186, 24932,
45, 0.044, 10309, 8830, 6196, 24947,
46, 0.045, 10308, 8834, 6202, 24959,
47, 0.046, 10308, 8838, 6208, 24969,
48, 0.047, 10307, 8845, 6219, 24988,
49, 0.048, 10307, 8846, 6219, 24989,
50, 0.049, 10306, 8856, 6235, 25016,
51, 0.05, 10305, 8865, 6247, 25037,
52, 0.051, 10305, 8869, 6254, 25048,
53, 0.052, 10304, 8878, 6267, 25072,
54, 0.053, 10303, 8888, 6282, 25097,
55, 0.054, 10303, 8889, 6284, 25099,
56, 0.055, 10302, 8895, 6293, 25115,
57, 0.056, 10302, 8900, 6300, 25126,
58, 0.057, 10301, 8902, 6302, 25130,
59, 0.058, 10301, 8910, 6315, 25153,
60, 0.059, 10300, 8921, 6331, 25181,
61, 0.06, 10300, 8922, 6332, 25181,
62, 0.061, 10299, 8930, 6344, 25202,
63, 0.062, 10299, 8932, 6348, 25209,
64, 0.063, 10297, 8937, 6356, 25221,
65, 0.064, 10296, 8942, 6363, 25234,
66, 0.065, 10296, 8944, 6367, 25240,
67, 0.066, 10294, 8952, 6379, 25259,
68, 0.067, 10295, 8953, 6380, 25262,
69, 0.068, 10294, 8964, 6396, 25289,
70, 0.069, 10293, 8972, 6408, 25310,
71, 0.07, 10293, 8974, 6411, 25316,
72, 0.071, 10292, 8979, 6419, 25328,
73, 0.072, 10292, 8985, 6428, 25343,
74, 0.073, 10291, 8985, 6428, 25341,
75, 0.074, 10290, 8996, 6444, 25370,
76, 0.075, 10289, 9005, 6456, 25393,
77, 0.076, 10291, 9008, 6461, 25403,
78, 0.077, 10289, 9013, 6469, 25415,
79, 0.078, 10288, 9018, 6476, 25427,
80, 0.079, 10288, 9022, 6481, 25436,
81, 0.08, 10287, 9029, 6492, 25455,
82, 0.081, 10287, 9040, 6508, 25482,
83, 0.082, 10287, 9041, 6510, 25486,
84, 0.083, 10286, 9048, 6520, 25502,
85, 0.084, 10286, 9052, 6525, 25512,
86, 0.085, 10286, 9055, 6531, 25522,
87, 0.086, 10285, 9062, 6542, 25540,
88, 0.087, 10285, 9063, 6542, 25542,
89, 0.088, 10284, 9074, 6558, 25569,
90, 0.089, 10283, 9080, 6567, 25585,
91, 0.09, 10282, 9084, 6574, 25597,
92, 0.091, 10283, 9088, 6580, 25607,
93, 0.092, 10282, 9095, 6590, 25624,
94, 0.093, 10282, 9096, 6591, 25625,
95, 0.094, 10280, 9106, 6606, 25651,
96, 0.095, 10280, 9114, 6618, 25670,
97, 0.096, 10280, 9118, 6624, 25680,
98, 0.097, 10280, 9123, 6631, 25693,
99, 0.098, 10280, 9129, 6639, 25709,
100, 0.099, 10280, 9132, 6643, 25716,
101, 0.1, 10279, 9147, 6665, 25755,
102, 0.101, 10278, 9152, 6673, 25767,
103, 0.102, 10279, 9153, 6675, 25771,
104, 0.103, 10277, 9163, 6689, 25796,
105, 0.104, 10278, 9172, 6701, 25819,
106, 0.105, 10277, 9175, 6706, 25827,
107, 0.106, 10276, 9179, 6713, 25837,
108, 0.107, 10276, 9186, 6722, 25854,
109, 0.108, 10277, 9188, 6725, 25860,
110, 0.109, 10275, 9197, 6739, 25883,
111, 0.11, 10274, 9207, 6755, 25911,
112, 0.111, 10274, 9208, 6755, 25911,
113, 0.112, 10274, 9214, 6763, 25925,
114, 0.113, 10273, 9219, 6771, 25939,
115, 0.114, 10274, 9221, 6774, 25945,
116, 0.115, 10273, 9231, 6789, 25971,
117, 0.116, 10272, 9239, 6800, 25990,
118, 0.117, 10274, 9243, 6806, 26002,
119, 0.118, 10272, 9245, 6809, 26007,
120, 0.119, 10271, 9254, 6822, 26029,
121, 0.12, 10271, 9264, 6836, 26053,
122, 0.121, 10271, 9266, 6838, 26058,
123, 0.122, 10271, 9272, 6848, 26075,
124, 0.123, 10270, 9276, 6854, 26085,
125, 0.124, 10269, 9278, 6858, 26090,
126, 0.125, 10268, 9287, 6870, 26110,
127, 0.126, 10267, 9296, 6884, 26135,
128, 0.127, 10268, 9298, 6887, 26140,
129, 0.128, 10267, 9302, 6892, 26150,
130, 0.129, 10266, 9309, 6903, 26167,
131, 0.13, 10267, 9311, 6906, 26174,
132, 0.131, 10266, 9320, 6919, 26197,
133, 0.132, 10265, 9331, 6935, 26224,
134, 0.133, 10265, 9332, 6936, 26228,
135, 0.134, 10265, 9338, 6945, 26242,
136, 0.135, 10264, 9343, 6953, 26255,
137, 0.136, 10265, 9347, 6958, 26266,
138, 0.137, 10264, 9355, 6970, 26285,
139, 0.138, 10264, 9356, 6971, 26287,
140, 0.139, 10263, 9366, 6986, 26314,
141, 0.14, 10262, 9375, 6999, 26336,
142, 0.141, 10262, 9378, 7003, 26342,
143, 0.142, 10261, 9383, 7011, 26355,
144, 0.143, 10261, 9388, 7019, 26370,
145, 0.144, 10261, 9391, 7024, 26378,
146, 0.145, 10259, 9399, 7035, 26399,
147, 0.146, 10260, 9400, 7036, 26399,
148, 0.147, 10259, 9411, 7052, 26427,
149, 0.148, 10258, 9417, 7062, 26442,
150, 0.149, 10258, 9421, 7068, 26455,
151, 0.15, 10258, 9426, 7074, 26466,
152, 0.151, 10256, 9441, 7097, 26505,
153, 0.152, 10257, 9445, 7102, 26514,
154, 0.153, 10256, 9448, 7107, 26523,
155, 0.154, 10255, 9455, 7117, 26539,
156, 0.155, 10256, 9458, 7120, 26546,
157, 0.156, 10254, 9466, 7134, 26570,
158, 0.157, 10252, 9476, 7148, 26592,
159, 0.158, 10253, 9477, 7150, 26597,
160, 0.159, 10252, 9484, 7161, 26615,
161, 0.16, 10252, 9489, 7167, 26627,
162, 0.161, 10252, 9492, 7173, 26637,
163, 0.162, 10251, 9500, 7183, 26655,
164, 0.163, 10251, 9501, 7185, 26657,
165, 0.164, 10251, 9510, 7199, 26683,
166, 0.165, 10250, 9520, 7213, 26707,
167, 0.166, 10250, 9522, 7215, 26712,
168, 0.167, 10249, 9525, 7219, 26718,
169, 0.168, 10249, 9533, 7231, 26739,
170, 0.169, 10248, 9533, 7232, 26739,
171, 0.17, 10247, 9543, 7248, 26767,
172, 0.171, 10246, 9552, 7260, 26788,
173, 0.172, 10247, 9555, 7265, 26797,
174, 0.173, 10246, 9559, 7270, 26806,
175, 0.174, 10245, 9566, 7281, 26823,
176, 0.175, 10243, 9575, 7295, 26847,
177, 0.176, 10243, 9576, 7296, 26849,
178, 0.177, 10242, 9582, 7304, 26862,
179, 0.178, 10243, 9588, 7313, 26878,
180, 0.179, 10242, 9590, 7317, 26885,
181, 0.18, 10241, 9598, 7329, 26904,
182, 0.181, 10241, 9605, 7339, 26922,
183, 0.182, 10240, 9609, 7346, 26933,
184, 0.183, 10239, 9613, 7351, 26941,
185, 0.184, 10239, 9620, 7362, 26960,
186, 0.185, 10239, 9621, 7363, 26964,
187, 0.186, 10238, 9632, 7378, 26989,
188, 0.187, 10237, 9640, 7390, 27010,
189, 0.188, 10237, 9642, 7394, 27017,
190, 0.189, 10238, 9647, 7401, 27029,
191, 0.19, 10236, 9654, 7411, 27047,
192, 0.191, 10235, 9664, 7426, 27072,
193, 0.192, 10235, 9666, 7428, 27076,
194, 0.193, 10235, 9671, 7436, 27089,
195, 0.194, 10235, 9677, 7444, 27105,
196, 0.195, 10234, 9679, 7448, 27110,
197, 0.196, 10234, 9688, 7460, 27132,
198, 0.197, 10233, 9698, 7475, 27159,
199, 0.198, 10234, 9700, 7478, 27164,
200, 0.199, 10234, 9707, 7488, 27183,
201, 0.2, 10233, 9722, 7509, 27221,
202, 0.201, 10234, 9725, 7512, 27228,
203, 0.202, 10234, 9727, 7516, 27234,
204, 0.203, 10234, 9737, 7530, 27258,
205, 0.204, 10233, 9747, 7545, 27285,
206, 0.205, 10233, 9748, 7546, 27288,
207, 0.206, 10232, 9754, 7556, 27303,
208, 0.207, 10231, 9758, 7561, 27312,
209, 0.208, 10232, 9764, 7568, 27326,
210, 0.209, 10230, 9770, 7578, 27342,
211, 0.21, 10230, 9780, 7594, 27370,
212, 0.211, 10231, 9782, 7596, 27374,
213, 0.212, 10229, 9788, 7607, 27391,
214, 0.213, 10230, 9792, 7611, 27401,
215, 0.214, 10229, 9797, 7618, 27413,
216, 0.215, 10228, 9803, 7627, 27427,
217, 0.216, 10230, 9804, 7644, 27430,
218, 0.217, 10228, 9815, 7644, 27457,
219, 0.218, 10227, 9823, 7657, 27479,
220, 0.219, 10228, 9827, 7662, 27489,
221, 0.22, 10226, 9831, 7668, 27498,
222, 0.221, 10226, 9837, 7676, 27513,
223, 0.222, 10226, 9840, 7680, 27521,
224, 0.223, 10224, 9848, 7693, 27541,
225, 0.224, 10224, 9857, 7707, 27565,
226, 0.225, 10223, 9860, 7710, 27571,
227, 0.226, 10223, 9865, 7719, 27584,
228, 0.227, 10223, 9871, 7727, 27600,
229, 0.228, 10223, 9875, 7732, 27610,
230, 0.229, 10222, 9882, 7743, 27628,
231, 0.23, 10222, 9892, 7758, 27654,
232, 0.231, 10222, 9894, 7761, 27660,
233, 0.232, 10221, 9899, 7767, 27670,
234, 0.233, 10221, 9906, 7777, 27687,
235, 0.234, 10220, 9908, 7781, 27694,
236, 0.235, 10220, 9917, 7793, 27717,
237, 0.236, 10218, 9927, 7809, 27714,
238, 0.237, 10218, 9928, 7811, 27746,
239, 0.238, 10217, 9934, 7820, 27761,
240, 0.239, 10217, 9939, 7827, 27775,
241, 0.24, 10217, 9943, 7832, 27784,
242, 0.241, 10217, 9951, 7844, 27803,
243, 0.242, 10216, 9950, 7843, 27803,
244, 0.243, 10214, 9961, 7859, 27828,
245, 0.244, 10213, 9969, 7871, 27848,
246, 0.245, 10213, 9971, 7875, 27855,
247, 0.246, 10213, 9976, 7881, 27865,
248, 0.247, 10212, 9982, 7890, 27880,
249, 0.248, 10212, 9983, 7892, 27885,
250, 0.249, 10211, 9994, 7908, 27913,
251, 0.25, 10209, 10000, 7918, 27928,
252, 0.251, 10210, 10005, 7925, 27941,
253, 0.252, 10209, 10016, 7941, 27969,
254, 0.253, 10208, 10026, 7955, 27994,
255, 0.254, 10209, 10029, 7959, 28003,
256, 0.255, 10209, 10033, 7965, 28013,
257, 0.256, 10209, 10041, 7976, 28033,
258, 0.257, 10209, 10043, 7979, 28039,
259, 0.258, 10208, 10051, 7991, 28058,
260, 0.259, 10208, 10060, 8004, 28082,
261, 0.26, 10208, 10063, 8008, 28091,
262, 0.261, 10208, 10069, 8017, 28105,
263, 0.262, 10208, 10075, 8026, 28121,
264, 0.263, 10207, 10077, 8029, 28126,
265, 0.264, 10206, 10086, 8043, 28150,
266, 0.265, 10205, 10097, 8059, 28177,
267, 0.266, 10205, 10097, 8058, 28175,
268, 0.267, 10205, 10106, 8071, 28199,
269, 0.268, 10205, 10108, 8075, 28206,
270, 0.269, 10203, 10113, 8082, 28217,
271, 0.27, 10203, 10119, 8091, 28233,
272, 0.271, 10203, 10122, 8095, 28240,
273, 0.272, 10202, 10131, 8108, 28261,
274, 0.273, 10201, 10141, 8124, 28290,
275, 0.274, 10202, 10143, 8125, 28293,
276, 0.275, 10200, 10150, 8136, 28312,
277, 0.276, 10200, 10153, 8141, 28320,
278, 0.277, 10200, 10158, 8147, 28330,
279, 0.278, 10199, 10165, 8157, 28347,
280, 0.279, 10199, 10167, 8161, 28354,
281, 0.28, 10199, 10176, 8174, 28379,
282, 0.281, 10198, 10186, 8189, 28404,
283, 0.282, 10198, 10188, 8192, 28409,
284, 0.283, 10198, 10196, 8202, 28429,
285, 0.284, 10197, 10200, 8209, 28438,
286, 0.285, 10197, 10204, 8215, 28449,
287, 0.286, 10196, 10211, 8225, 28466,
288, 0.287, 10196, 10211, 8226, 28468,
289, 0.288, 10195, 10223, 8242, 28498,
290, 0.289, 10194, 10231, 8254, 28518,
291, 0.29, 10195, 10234, 8259, 28527,
292, 0.291, 10193, 10239, 8267, 28539,
293, 0.292, 10193, 10246, 8276, 28555,
294, 0.293, 10193, 10246, 8276, 28555,
295, 0.294, 10192, 10256, 8292, 28582,
296, 0.295, 10191, 10265, 8305, 28606,
297, 0.296, 10192, 10268, 8308, 28612,
298, 0.297, 10191, 10275, 8319, 28630,
299, 0.298, 10190, 10279, 8325, 28639,
300, 0.299, 10191, 10282, 8329, 28649,
301, 0.3, 10189, 10296, 8351, 28686,
302, 0.301, 10189, 10301, 8358, 28698,
303, 0.302, 10189, 10305, 8364, 28708,
304, 0.303, 10187, 10312, 8375, 28726,
305, 0.304, 10188, 10314, 8376, 28730,
306, 0.305, 10187, 10325, 8392, 28757,
307, 0.306, 10185, 10333, 8404, 28778,
308, 0.307, 10186, 10336, 8409, 28786,
309, 0.308, 10186, 10343, 8419, 28804,
310, 0.309, 10186, 10348, 8426, 28817,
311, 0.31, 10187, 10351, 8429, 28825,
312, 0.311, 10186, 10359, 8441, 28845,
313, 0.312, 10186, 10360, 8443, 28850,
314, 0.313, 10184, 10371, 8458, 28874,
315, 0.314, 10185, 10378, 8469, 28894,
316, 0.315, 10185, 10383, 8476, 28906,
317, 0.316, 10184, 10387, 8483, 28918,
318, 0.317, 10184, 10394, 8493, 28936,
319, 0.318, 10183, 10396, 8496, 28941,
320, 0.319, 10182, 10406, 8510, 28965,
321, 0.32, 10182, 10416, 8525, 28992,
322, 0.321, 10182, 10417, 8527, 28994,
323, 0.322, 10182, 10424, 8535, 29010,
324, 0.323, 10181, 10428, 8543, 29022,
325, 0.324, 10181, 10430, 8544, 29025,
326, 0.325, 10181, 10441, 8561, 29055,
327, 0.326, 10181, 10451, 8575, 29078,
328, 0.327, 10181, 10453, 8578, 29086,
329, 0.328, 10181, 10458, 8585, 29099,
330, 0.329, 10181, 10466, 8596, 29118,
331, 0.33, 10181, 10467, 8598, 29121,
332, 0.331, 10180, 10477, 8613, 29146,
333, 0.332, 10179, 10486, 8626, 29170,
334, 0.333, 10180, 10489, 8630, 29176,
335, 0.334, 10178, 10494, 8637, 29189,
336, 0.335, 10177, 10500, 8646, 29204,
337, 0.336, 10177, 10501, 8649, 29207,
338, 0.337, 10176, 10510, 8661, 29231,
339, 0.338, 10175, 10521, 8677, 29258,
340, 0.339, 10176, 10523, 8680, 29264,
341, 0.34, 10175, 10531, 8691, 29283,
342, 0.341, 10175, 10534, 8696, 29292,
343, 0.342, 10175, 10540, 8704, 29305,
344, 0.343, 10175, 10547, 8714, 29324,
345, 0.344, 10176, 10549, 8716, 29329,
346, 0.345, 10174, 10558, 8730, 29354,
347, 0.346, 10174, 10568, 8745, 29379,
348, 0.347, 10174, 10571, 8748, 29386,
349, 0.348, 10173, 10577, 8758, 29402,
350, 0.349, 10174, 10582, 8764, 29414,
351, 0.35, 10173, 10585, 8770, 29422,
352, 0.351, 10171, 10601, 8793, 29462,
353, 0.352, 10172, 10605, 8798, 29472,
354, 0.353, 10171, 10608, 8804, 29482,
355, 0.354, 10171, 10616, 8815, 29501,
356, 0.355, 10170, 10627, 8831, 29530,
357, 0.356, 10171, 10629, 8833, 29534,
358, 0.357, 10170, 10635, 8843, 29551,
359, 0.358, 10171, 10640, 8849, 29564,
360, 0.359, 10169, 10643, 8855, 29572,
361, 0.36, 10169, 10651, 8864, 29590,
362, 0.361, 10169, 10653, 8868, 29596,
363, 0.362, 10169, 10662, 8882, 29621,
364, 0.363, 10167, 10673, 8897, 29646,
365, 0.364, 10168, 10674, 8899, 29649,
366, 0.365, 10167, 10682, 8910, 29670,
367, 0.366, 10167, 10685, 8915, 29679,
368, 0.367, 10166, 10688, 8920, 29684,
369, 0.368, 10165, 10695, 8931, 29704,
370, 0.369, 10165, 10697, 8932, 29708,
371, 0.37, 10164, 10707, 8947, 29733,
372, 0.371, 10164, 10715, 8959, 29754,
373, 0.372, 10164, 10719, 8964, 29763,
374, 0.373, 10163, 10722, 8969, 29770,
375, 0.374, 10162, 10730, 8981, 29790,
376, 0.375, 10160, 10739, 8995, 29814,
377, 0.376, 10161, 10741, 8997, 29819,
378, 0.377, 10161, 10743, 9000, 29823,
379, 0.378, 10159, 10751, 9014, 29845,
380, 0.379, 10159, 10760, 9026, 29868,
381, 0.38, 10159, 10763, 9030, 29877,
382, 0.381, 10158, 10768, 9037, 29888,
383, 0.382, 10157, 10773, 9046, 29902,
384, 0.383, 10157, 10775, 9048, 29906,
385, 0.384, 10156, 10785, 9063, 29933,
386, 0.385, 10156, 10795, 9076, 29955,
387, 0.386, 10156, 10797, 9080, 29961,
388, 0.387, 10155, 10802, 9088, 29975,
389, 0.388, 10155, 10807, 9096, 29988,
390, 0.389, 10155, 10810, 9100, 29995,
391, 0.39, 10154, 10819, 9113, 30019,
392, 0.391, 10152, 10829, 9129, 30045,
393, 0.392, 10153, 10830, 9130, 30047,
394, 0.393, 10151, 10837, 9140, 30064,
395, 0.394, 10151, 10842, 9147, 30075,
396, 0.395, 10151, 10847, 9154, 30088,
397, 0.396, 10149, 10852, 9162, 30102,
398, 0.397, 10150, 10854, 9165, 30107,
399, 0.398, 10149, 10863, 9178, 30130,
400, 0.399, 10147, 10873, 9193, 30154,
401, 0.4, 10148, 10878, 9200, 30167,
402, 0.401, 10147, 10885, 9211, 30185,
403, 0.402, 10146, 10894, 9225, 30210,
404, 0.403, 10146, 10897, 9229, 30217,
405, 0.404, 10146, 10903, 9238, 30234,
406, 0.405, 10145, 10908, 9245, 30246,
407, 0.406, 10145, 10912, 9250, 30255,
408, 0.407, 10145, 10920, 9262, 30276,
409, 0.408, 10145, 10921, 9263, 30277,
410, 0.409, 10145, 10931, 9278, 30304,
411, 0.41, 10145, 10939, 9289, 30323,
412, 0.411, 10144, 10942, 9294, 30331,
413, 0.412, 10144, 10947, 9301, 30345,
414, 0.413, 10143, 10954, 9312, 30363,
415, 0.414, 10143, 10955, 9314, 30367,
416, 0.415, 10141, 10965, 9329, 30393,
417, 0.416, 10140, 10973, 9340, 30410,
418, 0.417, 10140, 10976, 9345, 30418,
419, 0.418, 10140, 10979, 9349, 30426,
420, 0.419, 10139, 10988, 9362, 30447,
421, 0.42, 10138, 10996, 9373, 30468,
422, 0.421, 10138, 10999, 9378, 30476,
423, 0.422, 10137, 11004, 9385, 30489,
424, 0.423, 10136, 11008, 9394, 30501,
425, 0.424, 10136, 11011, 9398, 30507,
426, 0.425, 10135, 11019, 9410, 30530,
427, 0.426, 10134, 11031, 9426, 30557,
428, 0.427, 10133, 11030, 9427, 30558,
429, 0.428, 10132, 11038, 9438, 30577,
430, 0.429, 10132, 11042, 9444, 30587,
431, 0.43, 10132, 11046, 9450, 30598,
432, 0.431, 10131, 11053, 9459, 30614,
433, 0.432, 10131, 11054, 9461, 30616,
434, 0.433, 10130, 11064, 9477, 30642,
435, 0.434, 10128, 11072, 9489, 30662,
436, 0.435, 10128, 11075, 9493, 30671,
437, 0.436, 10127, 11081, 9501, 30684,
438, 0.437, 10127, 11086, 9510, 30699,
439, 0.438, 10127, 11089, 9513, 30705,
440, 0.439, 10126, 11097, 9525, 30727,
441, 0.44, 10124, 11108, 9542, 30755,
442, 0.441, 10125, 11108, 9543, 30756,
443, 0.442, 10123, 11116, 9554, 30774,
444, 0.443, 10124, 11120, 9559, 30784,
445, 0.444, 10123, 11125, 9567, 30798,
446, 0.445, 10123, 11131, 9576, 30813,
447, 0.446, 10124, 11134, 9580, 30822,
448, 0.447, 10122, 11143, 9592, 30842,
449, 0.448, 10121, 11153, 9607, 30869,
450, 0.449, 10121, 11154, 9608, 30870,
451, 0.45, 10120, 11160, 9619, 30888,
452, 0.451, 10117, 11174, 9640, 30922,
453, 0.452, 10119, 11176, 9642, 30927,
454, 0.453, 10118, 11184, 9653, 30947,
455, 0.454, 10117, 11187, 9658, 30956,
456, 0.455, 10116, 11189, 9663, 30961,
457, 0.456, 10116, 11199, 9676, 30985,
458, 0.457, 10117, 11200, 9677, 30988,
459, 0.458, 10115, 11209, 9691, 31011,
460, 0.459, 10113, 11218, 9705, 31034,
461, 0.46, 10113, 11220, 9708, 31039,
462, 0.461, 10113, 11225, 9715, 31053,
463, 0.462, 10112, 11231, 9724, 31067,
464, 0.463, 10112, 11232, 9727, 31071,
465, 0.464, 10111, 11242, 9741, 31097,
466, 0.465, 10110, 11251, 9754, 31120,
467, 0.466, 10110, 11254, 9758, 31128,
468, 0.467, 10109, 11259, 9766, 31141,
469, 0.468, 10109, 11265, 9775, 31156,
470, 0.469, 10110, 11269, 9780, 31164,
471, 0.47, 10108, 11276, 9791, 31183,
472, 0.471, 10108, 11277, 9792, 31186,
473, 0.472, 10108, 11288, 9809, 31215,
474, 0.473, 10107, 11296, 9820, 31234,
475, 0.474, 10107, 11300, 9825, 31243,
476, 0.475, 10106, 11304, 9832, 31253,
477, 0.476, 10105, 11309, 9841, 31267,
478, 0.477, 10106, 11311, 9842, 31271,
479, 0.478, 10104, 11321, 9859, 31300,
480, 0.479, 10103, 11330, 9871, 31320,
481, 0.48, 10102, 11332, 9874, 31325,
482, 0.481, 10102, 11336, 9880, 31334,
483, 0.482, 10101, 11344, 9891, 31355,
484, 0.483, 10101, 11345, 9892, 31357,
485, 0.484, 10100, 11355, 9907, 31382,
486, 0.485, 10100, 11365, 9922, 31408,
487, 0.486, 10100, 11367, 9924, 31413,
488, 0.487, 10099, 11373, 9934, 31429,
489, 0.488, 10098, 11377, 9941, 31441,
490, 0.489, 10098, 11382, 9947, 31451,
491, 0.49, 10097, 11389, 9957, 31470,
492, 0.491, 10098, 11391, 9960, 31477,
493, 0.492, 10097, 11400, 9975, 31500,
494, 0.493, 10096, 11410, 9989, 31525,
495, 0.494, 10096, 11411, 9991, 31528,
496, 0.495, 10095, 11416, 9998, 31540,
497, 0.496, 10094, 11422, 10006, 31553,
498, 0.497, 10094, 11425, 10011, 31561,
499, 0.498, 10093, 11433, 10023, 31582,
500, 0.499, 10092, 11444, 10039, 31610,
501, 0.5, 10091, 11453, 10052, 31633,
502, 0.501, 10079, 11481, 10101, 31704,
503, 0.502, 10073, 11488, 10113, 31719,
504, 0.503, 10067, 11495, 10129, 31739,
505, 0.504, 10061, 11501, 10141, 31754,
506, 0.505, 10061, 11504, 10145, 31758,
507, 0.506, 10056, 11508, 10153, 31767,
508, 0.507, 10052, 11511, 10160, 31776,
509, 0.508, 10051, 11514, 10164, 31782,
510, 0.509, 10045, 11518, 10175, 31794,
511, 0.51, 10046, 11519, 10176, 31797,
512, 0.511, 10038, 11527, 10191, 31815,
513, 0.512, 10033, 11534, 10204, 31832,
514, 0.513, 10032, 11536, 10207, 31835,
515, 0.514, 10028, 11537, 10212, 31840,
516, 0.515, 10024, 11543, 10222, 31853,
517, 0.516, 10017, 11550, 10237, 31871,
518, 0.517, 10016, 11549, 10237, 31869,
519, 0.518, 10011, 11555, 10248, 31883,
520, 0.519, 10008, 11557, 10252, 31886,
521, 0.52, 10006, 11559, 10256, 31892,
522, 0.521, 10001, 11565, 10268, 31907,
523, 0.522, 9994, 11571, 10281, 31920,
524, 0.523, 9993, 11571, 10283, 31923,
525, 0.524, 9990, 11575, 10290, 31931,
526, 0.525, 9986, 11579, 10298, 31942,
527, 0.526, 9985, 11582, 10302, 31947,
528, 0.527, 9978, 11587, 10314, 31960,
529, 0.528, 9971, 11594, 10328, 31976,
530, 0.529, 9972, 11595, 10330, 31980,
531, 0.53, 9967, 11599, 10339, 31990,
532, 0.531, 9964, 11601, 10345, 31997,
533, 0.532, 9962, 11605, 10350, 32005,
534, 0.533, 9956, 11610, 10360, 32015,
535, 0.534, 9957, 11611, 10362, 32019,
536, 0.535, 9949, 11617, 10375, 32033,
537, 0.536, 9944, 11623, 10388, 32048,
538, 0.537, 9942, 11625, 10391, 32052,
539, 0.538, 9938, 11628, 10398, 32061,
540, 0.539, 9935, 11634, 10407, 32073,
541, 0.54, 9934, 11636, 10411, 32078,
542, 0.541, 9927, 11640, 10422, 32089,
543, 0.542, 9921, 11648, 10437, 32108,
544, 0.543, 9921, 11649, 10438, 32109,
545, 0.544, 9916, 11654, 10449, 32122,
546, 0.545, 9914, 11657, 10453, 32129,
547, 0.546, 9910, 11661, 10462, 32139,
548, 0.547, 9907, 11665, 10469, 32148,
549, 0.548, 9905, 11667, 10472, 32151,
550, 0.549, 9899, 11673, 10485, 32166,
551, 0.55, 9893, 11680, 10500, 32186,
552, 0.551, 9892, 11682, 10503, 32190,
553, 0.552, 9886, 11689, 10517, 32208,
554, 0.553, 9879, 11696, 10531, 32223,
555, 0.554, 9879, 11697, 10533, 32225,
556, 0.555, 9875, 11700, 10539, 32233,
557, 0.556, 9871, 11704, 10547, 32241,
558, 0.557, 9869, 11706, 10551, 32248,
559, 0.558, 9864, 11712, 10563, 32263,
560, 0.559, 9857, 11719, 10578, 32281,
561, 0.56, 9857, 11719, 10579, 32282,
562, 0.561, 9851, 11724, 10590, 32292,
563, 0.562, 9850, 11726, 10593, 32298,
564, 0.563, 9845, 11729, 10600, 32304,
565, 0.564, 9841, 11733, 10607, 32311,
566, 0.565, 9839, 11735, 10611, 32316,
567, 0.566, 9834, 11741, 10624, 32331,
568, 0.567, 9827, 11748, 10639, 32351,
569, 0.568, 9827, 11748, 10639, 32350,
570, 0.569, 9821, 11754, 10651, 32364,
571, 0.57, 9820, 11757, 10655, 32370,
572, 0.571, 9816, 11759, 10661, 32376,
573, 0.572, 9813, 11764, 10670, 32388,
574, 0.573, 9811, 11766, 10673, 32392,
575, 0.574, 9805, 11771, 10684, 32404,
576, 0.575, 9797, 11778, 10699, 32421,
577, 0.576, 9799, 11780, 10701, 32427,
578, 0.577, 9792, 11785, 10711, 32436,
579, 0.578, 9790, 11786, 10715, 32443,
580, 0.579, 9788, 11788, 10719, 32447,
581, 0.58, 9783, 11794, 10730, 32459,
582, 0.581, 9783, 11795, 10730, 32459,
583, 0.582, 9776, 11802, 10745, 32478,
584, 0.583, 9771, 11808, 10758, 32493,
585, 0.584, 9770, 11811, 10762, 32500,
586, 0.585, 9766, 11814, 10770, 32508,
587, 0.586, 9762, 11818, 10778, 32518,
588, 0.587, 9762, 11819, 10778, 32521,
589, 0.588, 9755, 11826, 10793, 32537,
590, 0.589, 9751, 11830, 10800, 32546,
591, 0.59, 9748, 11834, 10809, 32557,
592, 0.591, 9747, 11836, 10813, 32562,
593, 0.592, 9741, 11841, 10824, 32574,
594, 0.593, 9741, 11842, 10825, 32576,
595, 0.594, 9733, 11848, 10839, 32591,
596, 0.595, 9729, 11853, 10848, 32603,
597, 0.596, 9726, 11856, 10855, 32612,
598, 0.597, 9726, 11858, 10858, 32616,
599, 0.598, 9719, 11865, 10870, 32630,
600, 0.599, 9713, 11871, 10883, 32646,
601, 0.6, 9710, 11874, 10889, 32654,
602, 0.601, 9704, 11879, 10901, 32665,
603, 0.602, 9697, 11887, 10916, 32683,
604, 0.603, 9698, 11887, 10916, 32683,
605, 0.604, 9693, 11892, 10925, 32694,
606, 0.605, 9689, 11894, 10931, 32700,
607, 0.606, 9690, 11895, 10933, 32702,
608, 0.607, 9682, 11903, 10947, 32721,
609, 0.608, 9677, 11908, 10958, 32732,
610, 0.609, 9675, 11910, 10962, 32737,
611, 0.61, 9671, 11912, 10969, 32744,
612, 0.611, 9667, 11916, 10976, 32753,
613, 0.612, 9665, 11918, 10981, 32759,
614, 0.613, 9659, 11923, 10991, 32769,
615, 0.614, 9659, 11931, 11005, 32770,
616, 0.615, 9652, 11930, 11006, 32787,
617, 0.616, 9646, 11935, 11017, 32799,
618, 0.617, 9645, 11938, 11022, 32806,
619, 0.618, 9640, 11941, 11029, 32814,
620, 0.619, 9637, 11945, 11036, 32822,
621, 0.62, 9637, 11947, 11040, 32830,
622, 0.621, 9630, 11952, 11052, 32841,
623, 0.622, 9623, 11960, 11067, 32860,
624, 0.623, 9624, 11961, 11068, 32863,
625, 0.624, 9618, 11966, 11078, 32875,
626, 0.625, 9616, 11967, 11082, 32878,
627, 0.626, 9615, 11970, 11087, 32885,
628, 0.627, 9610, 11976, 11098, 32898,
629, 0.628, 9610, 11977, 11099, 32900,
630, 0.629, 9601, 11982, 11111, 32912,
631, 0.63, 9596, 11989, 11126, 32930,
632, 0.631, 9595, 11991, 11128, 32933,
633, 0.632, 9590, 11995, 11137, 32941,
634, 0.633, 9586, 11998, 11143, 32949,
635, 0.634, 9586, 11997, 11144, 32949,
636, 0.635, 9579, 12004, 11157, 32965,
637, 0.636, 9572, 12010, 11169, 32979,
638, 0.637, 9571, 12011, 11172, 32979,
639, 0.638, 9566, 12015, 11180, 32991,
640, 0.639, 9564, 12018, 11187, 32999,
641, 0.64, 9561, 12020, 11192, 33005,
642, 0.641, 9556, 12025, 11202, 33015,
643, 0.642, 9556, 12025, 11203, 33016,
644, 0.643, 9548, 12031, 11216, 33030,
645, 0.644, 9542, 12036, 11228, 33043,
646, 0.645, 9540, 12038, 11231, 33048,
647, 0.646, 9536, 12040, 11235, 33051,
648, 0.647, 9532, 12045, 11244, 33060,
649, 0.648, 9530, 12045, 11246, 33061,
650, 0.649, 9524, 12050, 11258, 33075,
651, 0.65, 9519, 12056, 11269, 33090,
652, 0.651, 9516, 12058, 11274, 33095,
653, 0.652, 9509, 12065, 11287, 33109,
654, 0.653, 9503, 12071, 11301, 33124,
655, 0.654, 9502, 12072, 11303, 33127,
656, 0.655, 9497, 12076, 11312, 33136,
657, 0.656, 9495, 12080, 11318, 33145,
658, 0.657, 9493, 12084, 11325, 33155,
659, 0.658, 9487, 12087, 11332, 33162,
660, 0.659, 9480, 12093, 11346, 33177,
661, 0.66, 9480, 12093, 11347, 33178,
662, 0.661, 9474, 12099, 11358, 33190,
663, 0.662, 9473, 12102, 11363, 33199,
664, 0.663, 9469, 12104, 11369, 33205,
665, 0.664, 9465, 12108, 11378, 33215,
666, 0.665, 9465, 12111, 11381, 33221,
667, 0.666, 9458, 12115, 11392, 33232,
668, 0.667, 9452, 12122, 11405, 33248,
669, 0.668, 9451, 12124, 11408, 33251,
670, 0.669, 9447, 12127, 11417, 33261,
671, 0.67, 9443, 12131, 11422, 33268,
672, 0.671, 9441, 12133, 11427, 33273,
673, 0.672, 9435, 12137, 11437, 33285,
674, 0.673, 9428, 12143, 11451, 33298,
675, 0.674, 9428, 12144, 11452, 33301,
676, 0.675, 9423, 12149, 11462, 33313,
677, 0.676, 9421, 12151, 11467, 33318,
678, 0.677, 9417, 12154, 11473, 33324,
679, 0.678, 9412, 12158, 11481, 33332,
680, 0.679, 9412, 12159, 11483, 33336,
681, 0.68, 9405, 12165, 11496, 33352,
682, 0.681, 9398, 12170, 11508, 33363,
683, 0.682, 9397, 12171, 11510, 33365,
684, 0.683, 9393, 12175, 11517, 33374,
685, 0.684, 9389, 12177, 11523, 33379,
686, 0.685, 9387, 12180, 11528, 33385,
687, 0.686, 9382, 12184, 11538, 33399,
688, 0.687, 9381, 12185, 11539, 33398,
689, 0.688, 9375, 12192, 11553, 33415,
690, 0.689, 9368, 12197, 11564, 33426,
691, 0.69, 9367, 12199, 11567, 33430,
692, 0.691, 9364, 12200, 11572, 33434,
693, 0.692, 9358, 12204, 11581, 33443,
694, 0.693, 9359, 12207, 11584, 33450,
695, 0.694, 9352, 12212, 11596, 33462,
696, 0.695, 9345, 12217, 11607, 33473,
697, 0.696, 9344, 12219, 11611, 33479,
698, 0.697, 9339, 12221, 11618, 33485,
699, 0.698, 9336, 12225, 11625, 33494,
700, 0.699, 9334, 12227, 11630, 33498,
701, 0.7, 9329, 12232, 11640, 33511,
702, 0.701, 9328, 12233, 11641, 33511,
703, 0.702, 9318, 12243, 11662, 33537,
704, 0.703, 9314, 12247, 11670, 33545,
705, 0.704, 9313, 12248, 11673, 33550,
706, 0.705, 9306, 12254, 11685, 33563,
707, 0.706, 9298, 12261, 11699, 33579,
708, 0.707, 9299, 12261, 11700, 33580,
709, 0.708, 9293, 12265, 11710, 33591,
710, 0.709, 9291, 12268, 11714, 33596,
711, 0.71, 9287, 12271, 11721, 33603,
712, 0.711, 9284, 12275, 11729, 33613,
713, 0.712, 9282, 12276, 11733, 33617,
714, 0.713, 9276, 12282, 11744, 33628,
715, 0.714, 9271, 12288, 11757, 33647,
716, 0.715, 9269, 12290, 11760, 33649,
717, 0.716, 9265, 12294, 11768, 33658,
718, 0.717, 9262, 12296, 11774, 33665,
719, 0.718, 9259, 12298, 11778, 33670,
720, 0.719, 9254, 12302, 11787, 33681,
721, 0.72, 9254, 12304, 11790, 33683,
722, 0.721, 9247, 12309, 11802, 33696,
723, 0.722, 9240, 12315, 11815, 33710,
724, 0.723, 9238, 12317, 11817, 33713,
725, 0.724, 9233, 12321, 11827, 33724,
726, 0.725, 9230, 12322, 11831, 33728,
727, 0.726, 9227, 12325, 11837, 33734,
728, 0.727, 9223, 12329, 11846, 33744,
729, 0.728, 9223, 12331, 11849, 33749,
730, 0.729, 9216, 12337, 11860, 33762,
731, 0.73, 9209, 12341, 11871, 33773,
732, 0.731, 9208, 12342, 11874, 33775,
733, 0.732, 9204, 12346, 11881, 33783,
734, 0.733, 9200, 12349, 11888, 33791,
735, 0.734, 9200, 12351, 11892, 33796,
736, 0.735, 9193, 12356, 11903, 33808,
737, 0.736, 9186, 12362, 11915, 33823,
738, 0.737, 9186, 12364, 11918, 33828,
739, 0.738, 9183, 12367, 11924, 33834,
740, 0.739, 9178, 12370, 11933, 33841,
741, 0.74, 9171, 12377, 11947, 33859,
742, 0.741, 9171, 12378, 11947, 33859,
743, 0.742, 9169, 12381, 11953, 33867,
744, 0.743, 9164, 12386, 11963, 33881,
745, 0.744, 9164, 12387, 11965, 33882,
746, 0.745, 9156, 12392, 11977, 33894,
747, 0.746, 9152, 12397, 11987, 33906,
748, 0.747, 9149, 12399, 11993, 33912,
749, 0.748, 9147, 12400, 11995, 33912,
750, 0.749, 9141, 12405, 12007, 33927,
751, 0.75, 9133, 12412, 12020, 33942,
752, 0.751, 9131, 12415, 12026, 33949,
753, 0.752, 9125, 12418, 12035, 33956,
754, 0.753, 9125, 12419, 12036, 33958,
755, 0.754, 9117, 12425, 12049, 33971,
756, 0.755, 9111, 12430, 12061, 33985,
757, 0.756, 9110, 12431, 12063, 33986,
758, 0.757, 9105, 12434, 12071, 33995,
759, 0.758, 9102, 12437, 12078, 34002,
760, 0.759, 9102, 12439, 12080, 34008,
761, 0.76, 9095, 12445, 12092, 34020,
762, 0.761, 9087, 12449, 12103, 34030,
763, 0.762, 9086, 12449, 12104, 34029,
764, 0.763, 9083, 12452, 12110, 34037,
765, 0.764, 9077, 12455, 12118, 34044,
766, 0.765, 9078, 12456, 12119, 34045,
767, 0.766, 9070, 12461, 12132, 34060,
768, 0.767, 9063, 12466, 12143, 34070,
769, 0.768, 9062, 12467, 12145, 34073,
770, 0.769, 9057, 12471, 12153, 34083,
771, 0.77, 9054, 12473, 12160, 34088,
772, 0.771, 9051, 12475, 12163, 34092,
773, 0.772, 9045, 12478, 12172, 34100,
774, 0.773, 9045, 12480, 12174, 34104,
775, 0.774, 9038, 12486, 12188, 34117,
776, 0.775, 9032, 12491, 12199, 34129,
777, 0.776, 9031, 12493, 12202, 34134,
778, 0.777, 9028, 12495, 12207, 34140,
779, 0.778, 9022, 12500, 12217, 34150,
780, 0.779, 9016, 12507, 12231, 34167,
781, 0.78, 9015, 12507, 12231, 34167,
782, 0.781, 9010, 12511, 12240, 34176,
783, 0.782, 9007, 12513, 12244, 34181,
784, 0.783, 9004, 12514, 12248, 34183,
785, 0.784, 8999, 12518, 12258, 34194,
786, 0.785, 8998, 12518, 12259, 34194,
787, 0.786, 8990, 12523, 12271, 34205,
788, 0.787, 8985, 12530, 12282, 34219,
789, 0.788, 8983, 12530, 12285, 34221,
790, 0.789, 8979, 12534, 12293, 34231,
791, 0.79, 8974, 12536, 12299, 34237,
792, 0.791, 8973, 12539, 12303, 34242,
793, 0.792, 8967, 12542, 12313, 34251,
794, 0.793, 8968, 12543, 12313, 34252,
795, 0.794, 8959, 12548, 12326, 34265,
796, 0.795, 8953, 12553, 12337, 34277,
797, 0.796, 8951, 12555, 12341, 34281,
798, 0.797, 8948, 12559, 12348, 34290,
799, 0.798, 8944, 12562, 12354, 34296,
800, 0.799, 8943, 12561, 12355, 34295,
801, 0.8, 8933, 12570, 12373, 34317,
802, 0.801, 8928, 12574, 12383, 34326,
803, 0.802, 8928, 12575, 12384, 34329,
804, 0.803, 8921, 12581, 12397, 34343,
805, 0.804, 8914, 12586, 12409, 34354,
806, 0.805, 8912, 12588, 12412, 34359,
807, 0.806, 8909, 12593, 12421, 34369,
808, 0.807, 8906, 12596, 12427, 34379,
809, 0.808, 8904, 12598, 12433, 34385,
810, 0.809, 8899, 12604, 12442, 34396,
811, 0.81, 8899, 12604, 12443, 34398,
812, 0.811, 8892, 12610, 12456, 34411,
813, 0.812, 8887, 12614, 12465, 34422,
814, 0.813, 8885, 12618, 12472, 34431,
815, 0.814, 8882, 12621, 12478, 34438,
816, 0.815, 8877, 12623, 12485, 34443,
817, 0.816, 8877, 12624, 12485, 34444,
818, 0.817, 8869, 12630, 12499, 34459,
819, 0.818, 8863, 12635, 12511, 34471,
820, 0.819, 8861, 12636, 12514, 34473,
821, 0.82, 8857, 12640, 12521, 34481,
822, 0.821, 8854, 12643, 12529, 34491,
823, 0.822, 8853, 12644, 12530, 34493,
824, 0.823, 8846, 12650, 12542, 34504,
825, 0.824, 8839, 12655, 12555, 34517,
826, 0.825, 8838, 12656, 12556, 34520,
827, 0.826, 8833, 12660, 12565, 34529,
828, 0.827, 8831, 12662, 12571, 34536,
829, 0.828, 8828, 12666, 12577, 34544,
830, 0.829, 8823, 12670, 12585, 34553,
831, 0.83, 8823, 12671, 12588, 34557,
832, 0.831, 8816, 12676, 12599, 34569,
833, 0.832, 8809, 12682, 12612, 34583,
834, 0.833, 8808, 12682, 12613, 34585,
835, 0.834, 8803, 12686, 12622, 34594,
836, 0.835, 8801, 12689, 12628, 34601,
837, 0.836, 8798, 12691, 12632, 34605,
838, 0.837, 8793, 12695, 12641, 34615,
839, 0.838, 8786, 12701, 12655, 34630,
840, 0.839, 8786, 12703, 12656, 34632,
841, 0.84, 8780, 12706, 12666, 34641,
842, 0.841, 8777, 12708, 12669, 34644,
843, 0.842, 8774, 12711, 12675, 34652,
844, 0.843, 8770, 12715, 12684, 34661,
845, 0.844, 8770, 12716, 12685, 34662,
846, 0.845, 8762, 12722, 12698, 34676,
847, 0.846, 8759, 12725, 12705, 34683,
848, 0.847, 8754, 12727, 12712, 34690,
849, 0.848, 8755, 12728, 12713, 34693,
850, 0.849, 8747, 12734, 12727, 34708,
851, 0.85, 8741, 12740, 12739, 34720,
852, 0.851, 8739, 12743, 12743, 34729,
853, 0.852, 8732, 12747, 12755, 34740,
854, 0.853, 8727, 12752, 12764, 34751,
855, 0.854, 8724, 12754, 12769, 34757,
856, 0.855, 8721, 12756, 12774, 34761,
857, 0.856, 8716, 12760, 12782, 34770,
858, 0.857, 8709, 12766, 12796, 34786,
859, 0.858, 8709, 12767, 12797, 34786,
860, 0.859, 8703, 12769, 12803, 34792,
861, 0.86, 8701, 12773, 12810, 34802,
862, 0.861, 8699, 12773, 12813, 34802,
863, 0.862, 8693, 12778, 12823, 34814,
864, 0.863, 8685, 12785, 12838, 34830,
865, 0.864, 8685, 12784, 12837, 34827,
866, 0.865, 8679, 12788, 12847, 34838,
867, 0.866, 8678, 12792, 12852, 34845,
868, 0.867, 8674, 12795, 12859, 34853,
869, 0.868, 8670, 12798, 12867, 34860,
870, 0.869, 8669, 12798, 12868, 34862,
871, 0.87, 8663, 12805, 12881, 34878,
872, 0.871, 8656, 12810, 12892, 34890,
873, 0.872, 8655, 12811, 12895, 34893,
874, 0.873, 8652, 12814, 12901, 34900,
875, 0.874, 8647, 12817, 12908, 34907,
876, 0.875, 8646, 12818, 12911, 34910,
877, 0.876, 8639, 12823, 12922, 34921,
878, 0.877, 8632, 12830, 12935, 34936,
879, 0.878, 8631, 12830, 12936, 34936,
880, 0.879, 8626, 12833, 12944, 34944,
881, 0.88, 8623, 12835, 12949, 34948,
882, 0.881, 8620, 12838, 12955, 34954,
883, 0.882, 8616, 12842, 12964, 34964,
884, 0.883, 8615, 12842, 12965, 34965,
885, 0.884, 8606, 12846, 12976, 34975,
886, 0.885, 8600, 12852, 12988, 34987,
887, 0.886, 8600, 12854, 12990, 34992,
888, 0.887, 8594, 12857, 12998, 34999,
889, 0.888, 8592, 12860, 13004, 35007,
890, 0.889, 8589, 12863, 13010, 35014,
891, 0.89, 8584, 12866, 13019, 35023,
892, 0.891, 8577, 12874, 13033, 35041,
893, 0.892, 8577, 12873, 13033, 35041,
894, 0.893, 8573, 12878, 13042, 35052,
895, 0.894, 8570, 12880, 13048, 35058,
896, 0.895, 8568, 12883, 13051, 35063,
897, 0.896, 8562, 12887, 13063, 35074,
898, 0.897, 8555, 12893, 13076, 35087,
899, 0.898, 8555, 12894, 13076, 35088,
900, 0.899, 8550, 12898, 13087, 35100,
901, 0.9, 8548, 12900, 13091, 35106,
902, 0.901, 8545, 12904, 13098, 35114,
903, 0.902, 8534, 12913, 13118, 35136,
904, 0.903, 8533, 12915, 13121, 35141,
905, 0.904, 8530, 12917, 13125, 35142,
906, 0.905, 8525, 12921, 13134, 35153,
907, 0.906, 8518, 12927, 13148, 35168,
908, 0.907, 8518, 12928, 13149, 35171,
909, 0.908, 8512, 12931, 13157, 35176,
910, 0.909, 8510, 12933, 13161, 35181,
911, 0.91, 8506, 12934, 13166, 35186,
912, 0.911, 8501, 12938, 13174, 35194,
913, 0.912, 8495, 12943, 13186, 35205,
914, 0.913, 8495, 12945, 13189, 35210,
915, 0.914, 8492, 12946, 13191, 35214,
916, 0.915, 8486, 12950, 13201, 35222,
917, 0.916, 8480, 12955, 13212, 35235,
918, 0.917, 8478, 12957, 13216, 35240,
919, 0.918, 8474, 12959, 13221, 35243,
920, 0.919, 8470, 12963, 13229, 35253,
921, 0.92, 8468, 12964, 13233, 35257,
922, 0.921, 8462, 12968, 13242, 35266,
923, 0.922, 8456, 12973, 13254, 35280,
924, 0.923, 8455, 12975, 13256, 35280,
925, 0.924, 8451, 12978, 13263, 35289,
926, 0.925, 8447, 12980, 13269, 35294,
927, 0.926, 8441, 12987, 13284, 35313,
928, 0.927, 8439, 12987, 13284, 35310,
929, 0.928, 8439, 12987, 13284, 35310,
930, 0.929, 8431, 12993, 13296, 35323,
931, 0.93, 8425, 12997, 13307, 35334,
932, 0.931, 8424, 12999, 13311, 35338,
933, 0.932, 8419, 13002, 13317, 35345,
934, 0.933, 8415, 13004, 13323, 35351,
935, 0.934, 8415, 13005, 13325, 35354,
936, 0.935, 8407, 13010, 13337, 35366,
937, 0.936, 8402, 13013, 13346, 35373,
938, 0.937, 8400, 13016, 13351, 35380,
939, 0.938, 8392, 13023, 13365, 35397,
940, 0.939, 8393, 13023, 13365, 35398,
941, 0.94, 8386, 13027, 13375, 35406,
942, 0.941, 8385, 13028, 13378, 35409,
943, 0.942, 8382, 13031, 13383, 35416,
944, 0.943, 8377, 13034, 13391, 35423,
945, 0.944, 8376, 13034, 13392, 35422,
946, 0.945, 8368, 13039, 13404, 35434,
947, 0.946, 8363, 13044, 13413, 35445,
948, 0.947, 8361, 13046, 13419, 35451,
949, 0.948, 8358, 13048, 13424, 35456,
950, 0.949, 8353, 13052, 13432, 35465,
951, 0.95, 8345, 13057, 13444, 35477,
952, 0.951, 8344, 13059, 13448, 35481,
953, 0.952, 8337, 13063, 13459, 35492,
954, 0.953, 8330, 13067, 13468, 35500,
955, 0.954, 8329, 13069, 13471, 35504,
956, 0.955, 8324, 13072, 13479, 35511,
957, 0.956, 8322, 13076, 13486, 35521,
958, 0.957, 8319, 13078, 13490, 35526,
959, 0.958, 8314, 13081, 13499, 35535,
960, 0.959, 8314, 13082, 13501, 35538,
961, 0.96, 8306, 13088, 13513, 35550,
962, 0.961, 8301, 13091, 13521, 35557,
963, 0.962, 8299, 13095, 13528, 35569,
964, 0.963, 8297, 13096, 13530, 35568,
965, 0.964, 8290, 13098, 13538, 35573,
966, 0.965, 8283, 13104, 13550, 35585,
967, 0.966, 8283, 13106, 13554, 35593,
968, 0.967, 8279, 13107, 13558, 35596,
969, 0.968, 8274, 13110, 13565, 35601,
970, 0.969, 8274, 13111, 13568, 35606,
971, 0.97, 8267, 13116, 13580, 35618,
972, 0.971, 8262, 13121, 13589, 35627,
973, 0.972, 8260, 13124, 13595, 35636,
974, 0.973, 8256, 13126, 13600, 35641,
975, 0.974, 8252, 13130, 13608, 35649,
976, 0.975, 8253, 13131, 13609, 35652,
977, 0.976, 8245, 13137, 13623, 35666,
978, 0.977, 8239, 13142, 13634, 35679,
979, 0.978, 8238, 13144, 13637, 35684,
980, 0.979, 8234, 13146, 13644, 35689,
981, 0.98, 8231, 13150, 13651, 35698,
982, 0.981, 8229, 13152, 13654, 35701,
983, 0.982, 8223, 13156, 13664, 35714,
984, 0.983, 8215, 13162, 13678, 35728,
985, 0.984, 8215, 13162, 13679, 35729,
986, 0.985, 8209, 13168, 13689, 35742,
987, 0.986, 8208, 13169, 13692, 35744,
988, 0.987, 8205, 13171, 13697, 35749,
989, 0.988, 8200, 13175, 13706, 35757,
990, 0.989, 8199, 13175, 13706, 35758,
991, 0.99, 8191, 13179, 13717, 35768,
992, 0.991, 8185, 13185, 13730, 35782,
993, 0.992, 8184, 13186, 13732, 35783,
994, 0.993, 8179, 13189, 13738, 35789,
995, 0.994, 8176, 13192, 13745, 35796,
996, 0.995, 8175, 13192, 13746, 35797,
997, 0.996, 8168, 13196, 13758, 35809,
998, 0.997, 8161, 13201, 13769, 35819,
999, 0.998, 8160, 13201, 13769, 35820,
1000, 0.999, 8156, 13205, 13777, 35828,
