1, 0.0, 418, 282, 204, 885,
2, 0.001, 454, 312, 226, 973,
3, 0.002, 454, 312, 225, 972,
4, 0.003, 454, 311, 225, 971,
5, 0.004, 453, 311, 225, 971,
6, 0.005, 453, 311, 225, 971,
7, 0.006, 453, 311, 225, 971,
8, 0.007, 453, 311, 225, 971,
9, 0.008, 453, 311, 225, 971,
10, 0.009, 453, 311, 226, 971,
11, 0.01, 453, 312, 226, 972,
12, 0.011, 453, 312, 227, 973,
13, 0.012, 456, 314, 228, 979,
14, 0.013, 456, 314, 228, 979,
15, 0.014, 456, 314, 228, 980,
16, 0.015, 456, 315, 229, 980,
17, 0.016, 455, 315, 229, 981,
18, 0.017, 455, 315, 229, 981,
19, 0.018, 455, 315, 230, 982,
20, 0.019, 455, 315, 230, 982,
21, 0.02, 455, 315, 230, 982,
22, 0.021, 455, 316, 230, 983,
23, 0.022, 455, 316, 231, 983,
24, 0.023, 455, 316, 231, 984,
25, 0.024, 455, 316, 232, 985,
26, 0.025, 455, 316, 232, 985,
27, 0.026, 455, 316, 232, 985,
28, 0.027, 455, 317, 232, 986,
29, 0.028, 455, 317, 233, 987,
30, 0.029, 455, 317, 233, 987,
31, 0.03, 455, 317, 233, 987,
32, 0.031, 455, 317, 233, 988,
33, 0.032, 455, 318, 234, 988,
34, 0.033, 455, 318, 234, 988,
35, 0.034, 455, 318, 234, 989,
36, 0.035, 455, 318, 234, 989,
37, 0.036, 455, 318, 235, 990,
38, 0.037, 455, 318, 235, 990,
39, 0.038, 455, 319, 235, 991,
40, 0.039, 454, 319, 236, 991,
41, 0.04, 454, 319, 236, 992,
42, 0.041, 454, 319, 236, 992,
43, 0.042, 454, 320, 237, 993,
44, 0.043, 454, 320, 237, 993,
45, 0.044, 454, 320, 237, 994,
46, 0.045, 454, 320, 237, 994,
47, 0.046, 454, 320, 238, 995,
48, 0.047, 454, 320, 238, 995,
49, 0.048, 454, 320, 238, 995,
50, 0.049, 454, 321, 238, 996,
51, 0.05, 454, 321, 239, 997,
52, 0.051, 454, 321, 239, 997,
53, 0.052, 454, 321, 240, 998,
54, 0.053, 454, 322, 240, 999,
55, 0.054, 454, 322, 240, 999,
56, 0.055, 454, 322, 240, 1000,
57, 0.056, 454, 322, 241, 1000,
58, 0.057, 454, 322, 241, 1000,
59, 0.058, 454, 323, 241, 1001,
60, 0.059, 454, 323, 242, 1002,
61, 0.06, 454, 323, 242, 1002,
62, 0.061, 454, 323, 242, 1003,
63, 0.062, 454, 323, 242, 1003,
64, 0.063, 454, 323, 243, 1003,
65, 0.064, 454, 324, 243, 1004,
66, 0.065, 454, 324, 244, 1005,
67, 0.066, 454, 324, 244, 1005,
68, 0.067, 454, 324, 244, 1006,
69, 0.068, 454, 324, 244, 1006,
70, 0.069, 454, 325, 244, 1006,
71, 0.07, 453, 325, 245, 1007,
72, 0.071, 453, 325, 245, 1007,
73, 0.072, 453, 325, 245, 1008,
74, 0.073, 453, 325, 246, 1009,
75, 0.074, 453, 325, 246, 1009,
76, 0.075, 453, 326, 246, 1009,
77, 0.076, 453, 326, 247, 1010,
78, 0.077, 453, 326, 247, 1010,
79, 0.078, 453, 326, 247, 1011,
80, 0.079, 453, 327, 248, 1012,
81, 0.08, 453, 327, 248, 1012,
82, 0.081, 453, 327, 248, 1013,
83, 0.082, 453, 327, 248, 1013,
84, 0.083, 453, 327, 248, 1013,
85, 0.084, 453, 327, 249, 1014,
86, 0.085, 453, 328, 249, 1015,
87, 0.086, 453, 328, 249, 1015,
88, 0.087, 453, 328, 250, 1016,
89, 0.088, 453, 328, 250, 1016,
90, 0.089, 453, 328, 250, 1016,
91, 0.09, 453, 329, 251, 1017,
92, 0.091, 453, 329, 251, 1018,
93, 0.092, 453, 329, 251, 1018,
94, 0.093, 453, 329, 252, 1019,
95, 0.094, 453, 329, 252, 1019,
96, 0.095, 453, 329, 252, 1019,
97, 0.096, 453, 330, 252, 1020,
98, 0.097, 453, 330, 252, 1020,
99, 0.098, 453, 330, 253, 1021,
100, 0.099, 453, 330, 253, 1022,
101, 0.1, 453, 331, 254, 1022,
102, 0.101, 453, 331, 254, 1023,
103, 0.102, 453, 331, 255, 1024,
104, 0.103, 452, 331, 255, 1024,
105, 0.104, 452, 331, 255, 1025,
106, 0.105, 452, 332, 255, 1025,
107, 0.106, 452, 332, 255, 1025,
108, 0.107, 452, 332, 256, 1026,
109, 0.108, 452, 332, 256, 1027,
110, 0.109, 452, 332, 256, 1027,
111, 0.11, 452, 333, 257, 1028,
112, 0.111, 452, 333, 257, 1028,
113, 0.112, 452, 333, 257, 1029,
114, 0.113, 452, 333, 258, 1029,
115, 0.114, 452, 334, 258, 1030,
116, 0.115, 452, 334, 258, 1030,
117, 0.116, 452, 334, 259, 1031,
118, 0.117, 452, 334, 259, 1031,
119, 0.118, 452, 334, 259, 1032,
120, 0.119, 452, 334, 259, 1032,
121, 0.12, 452, 334, 260, 1033,
122, 0.121, 452, 335, 260, 1033,
123, 0.122, 452, 335, 261, 1034,
124, 0.123, 452, 335, 261, 1034,
125, 0.124, 452, 335, 261, 1035,
126, 0.125, 452, 335, 261, 1035,
127, 0.126, 452, 336, 261, 1036,
128, 0.127, 452, 336, 262, 1036,
129, 0.128, 452, 336, 262, 1037,
130, 0.129, 452, 336, 262, 1037,
131, 0.13, 452, 337, 263, 1038,
132, 0.131, 452, 337, 263, 1038,
133, 0.132, 452, 337, 263, 1039,
134, 0.133, 452, 337, 264, 1040,
135, 0.134, 452, 337, 264, 1040,
136, 0.135, 452, 337, 264, 1040,
137, 0.136, 452, 338, 264, 1041,
138, 0.137, 452, 338, 265, 1041,
139, 0.138, 452, 338, 265, 1042,
140, 0.139, 452, 338, 265, 1042,
141, 0.14, 452, 338, 266, 1043,
142, 0.141, 452, 339, 266, 1043,
143, 0.142, 452, 339, 266, 1044,
144, 0.143, 451, 339, 266, 1044,
145, 0.144, 451, 339, 267, 1045,
146, 0.145, 451, 339, 267, 1046,
147, 0.146, 451, 340, 267, 1046,
148, 0.147, 451, 340, 268, 1046,
149, 0.148, 451, 340, 268, 1047,
150, 0.149, 451, 340, 268, 1048,
151, 0.15, 451, 340, 269, 1048,
152, 0.151, 451, 341, 269, 1049,
153, 0.152, 451, 341, 269, 1050,
154, 0.153, 451, 341, 270, 1050,
155, 0.154, 451, 341, 270, 1051,
156, 0.155, 451, 341, 270, 1051,
157, 0.156, 451, 342, 271, 1052,
158, 0.157, 451, 342, 271, 1052,
159, 0.158, 451, 342, 271, 1053,
160, 0.159, 451, 342, 272, 1054,
161, 0.16, 451, 342, 272, 1054,
162, 0.161, 451, 343, 272, 1054,
163, 0.162, 451, 343, 272, 1055,
164, 0.163, 451, 343, 273, 1055,
165, 0.164, 451, 343, 273, 1056,
166, 0.165, 451, 343, 273, 1056,
167, 0.166, 451, 344, 273, 1057,
168, 0.167, 451, 344, 274, 1058,
169, 0.168, 451, 344, 274, 1058,
170, 0.169, 451, 344, 274, 1058,
171, 0.17, 451, 344, 275, 1059,
172, 0.171, 451, 345, 275, 1059,
173, 0.172, 451, 345, 275, 1060,
174, 0.173, 451, 345, 276, 1061,
175, 0.174, 451, 345, 276, 1061,
176, 0.175, 451, 345, 276, 1061,
177, 0.176, 451, 346, 276, 1062,
178, 0.177, 451, 346, 277, 1063,
179, 0.178, 451, 346, 277, 1063,
180, 0.179, 451, 346, 277, 1064,
181, 0.18, 451, 346, 278, 1064,
182, 0.181, 451, 346, 278, 1065,
183, 0.182, 451, 347, 278, 1065,
184, 0.183, 451, 347, 278, 1065,
185, 0.184, 450, 347, 279, 1066,
186, 0.185, 450, 347, 279, 1067,
187, 0.186, 450, 347, 279, 1067,
188, 0.187, 450, 348, 280, 1067,
189, 0.188, 450, 348, 280, 1068,
190, 0.189, 450, 348, 281, 1069,
191, 0.19, 450, 348, 281, 1069,
192, 0.191, 450, 348, 281, 1069,
193, 0.192, 450, 349, 281, 1070,
194, 0.193, 450, 349, 281, 1070,
195, 0.194, 450, 349, 282, 1071,
196, 0.195, 450, 349, 282, 1072,
197, 0.196, 450, 349, 282, 1072,
198, 0.197, 450, 349, 282, 1072,
199, 0.198, 450, 350, 283, 1073,
200, 0.199, 450, 350, 283, 1074,
201, 0.2, 450, 350, 284, 1074,
202, 0.201, 450, 351, 284, 1075,
203, 0.202, 450, 351, 285, 1076,
204, 0.203, 450, 351, 285, 1076,
205, 0.204, 450, 351, 285, 1077,
206, 0.205, 450, 351, 285, 1077,
207, 0.206, 450, 351, 285, 1077,
208, 0.207, 450, 352, 286, 1078,
209, 0.208, 450, 352, 286, 1079,
210, 0.209, 450, 352, 286, 1079,
211, 0.21, 450, 352, 287, 1080,
212, 0.211, 450, 353, 287, 1080,
213, 0.212, 450, 353, 287, 1081,
214, 0.213, 450, 353, 288, 1081,
215, 0.214, 450, 353, 288, 1081,
216, 0.215, 450, 353, 288, 1082,
217, 0.216, 450, 354, 289, 1083,
218, 0.217, 450, 354, 289, 1083,
219, 0.218, 450, 354, 289, 1084,
220, 0.219, 450, 354, 289, 1084,
221, 0.22, 449, 354, 290, 1085,
222, 0.221, 449, 354, 290, 1085,
223, 0.222, 449, 355, 290, 1086,
224, 0.223, 449, 355, 291, 1086,
225, 0.224, 449, 355, 291, 1087,
226, 0.225, 449, 355, 291, 1088,
227, 0.226, 449, 356, 292, 1089,
228, 0.227, 449, 356, 292, 1089,
229, 0.228, 449, 356, 292, 1089,
230, 0.229, 449, 356, 292, 1090,
231, 0.23, 449, 356, 293, 1091,
232, 0.231, 449, 356, 293, 1091,
233, 0.232, 449, 357, 293, 1091,
234, 0.233, 449, 357, 294, 1092,
235, 0.234, 449, 357, 294, 1092,
236, 0.235, 449, 357, 294, 1093,
237, 0.236, 449, 357, 294, 1093,
238, 0.237, 449, 358, 295, 1094,
239, 0.238, 449, 358, 295, 1095,
240, 0.239, 449, 358, 295, 1095,
241, 0.24, 449, 358, 296, 1095,
242, 0.241, 449, 358, 296, 1096,
243, 0.242, 449, 358, 296, 1096,
244, 0.243, 449, 359, 297, 1097,
245, 0.244, 449, 359, 297, 1097,
246, 0.245, 449, 359, 297, 1098,
247, 0.246, 449, 359, 298, 1099,
248, 0.247, 449, 360, 298, 1099,
249, 0.248, 449, 360, 298, 1099,
250, 0.249, 449, 360, 298, 1100,
251, 0.25, 449, 360, 298, 1100,
252, 0.251, 449, 360, 299, 1101,
253, 0.252, 449, 361, 299, 1102,
254, 0.253, 449, 361, 300, 1102,
255, 0.254, 449, 361, 300, 1103,
256, 0.255, 449, 361, 301, 1104,
257, 0.256, 449, 361, 301, 1104,
258, 0.257, 448, 362, 301, 1104,
259, 0.258, 448, 362, 301, 1105,
260, 0.259, 448, 362, 301, 1105,
261, 0.26, 448, 362, 302, 1106,
262, 0.261, 448, 362, 302, 1106,
263, 0.262, 448, 363, 302, 1107,
264, 0.263, 448, 363, 303, 1108,
265, 0.264, 448, 363, 303, 1108,
266, 0.265, 448, 363, 303, 1109,
267, 0.266, 448, 363, 304, 1109,
268, 0.267, 448, 364, 304, 1109,
269, 0.268, 448, 364, 304, 1110,
270, 0.269, 448, 364, 305, 1111,
271, 0.27, 448, 364, 305, 1111,
272, 0.271, 448, 364, 305, 1112,
273, 0.272, 448, 365, 305, 1112,
274, 0.273, 448, 365, 306, 1113,
275, 0.274, 448, 365, 306, 1113,
276, 0.275, 448, 365, 306, 1113,
277, 0.276, 448, 365, 306, 1114,
278, 0.277, 448, 366, 307, 1115,
279, 0.278, 448, 366, 307, 1115,
280, 0.279, 448, 366, 307, 1116,
281, 0.28, 448, 366, 308, 1116,
282, 0.281, 448, 366, 308, 1117,
283, 0.282, 448, 366, 308, 1117,
284, 0.283, 448, 367, 308, 1117,
285, 0.284, 448, 367, 309, 1118,
286, 0.285, 448, 367, 309, 1119,
287, 0.286, 448, 367, 309, 1119,
288, 0.287, 448, 367, 310, 1119,
289, 0.288, 448, 368, 310, 1120,
290, 0.289, 448, 368, 310, 1121,
291, 0.29, 448, 368, 311, 1121,
292, 0.291, 448, 368, 311, 1122,
293, 0.292, 448, 368, 311, 1122,
294, 0.293, 448, 369, 312, 1123,
295, 0.294, 448, 369, 312, 1123,
296, 0.295, 447, 369, 312, 1124,
297, 0.296, 447, 369, 312, 1124,
298, 0.297, 447, 369, 313, 1125,
299, 0.298, 447, 370, 313, 1125,
300, 0.299, 447, 370, 313, 1126,
301, 0.3, 447, 370, 314, 1127,
302, 0.301, 447, 370, 314, 1127,
303, 0.302, 447, 371, 315, 1128,
304, 0.303, 447, 371, 315, 1129,
305, 0.304, 447, 371, 315, 1129,
306, 0.305, 447, 371, 315, 1130,
307, 0.306, 447, 371, 316, 1130,
308, 0.307, 447, 372, 316, 1131,
309, 0.308, 447, 372, 316, 1131,
310, 0.309, 447, 372, 317, 1132,
311, 0.31, 447, 372, 317, 1132,
312, 0.311, 447, 372, 317, 1133,
313, 0.312, 447, 373, 317, 1133,
314, 0.313, 447, 373, 318, 1134,
315, 0.314, 447, 373, 318, 1134,
316, 0.315, 447, 373, 318, 1135,
317, 0.316, 447, 373, 319, 1136,
318, 0.317, 447, 373, 319, 1136,
319, 0.318, 447, 374, 319, 1136,
320, 0.319, 447, 374, 320, 1137,
321, 0.32, 447, 374, 320, 1137,
322, 0.321, 447, 374, 320, 1138,
323, 0.322, 447, 375, 321, 1139,
324, 0.323, 447, 375, 321, 1139,
325, 0.324, 447, 375, 321, 1139,
326, 0.325, 447, 375, 321, 1140,
327, 0.326, 447, 375, 321, 1140,
328, 0.327, 447, 375, 322, 1141,
329, 0.328, 447, 375, 322, 1141,
330, 0.329, 446, 376, 322, 1142,
331, 0.33, 446, 376, 323, 1143,
332, 0.331, 446, 376, 323, 1143,
333, 0.332, 446, 376, 323, 1143,
334, 0.333, 446, 377, 324, 1144,
335, 0.334, 446, 377, 324, 1144,
336, 0.335, 446, 377, 324, 1145,
337, 0.336, 446, 377, 325, 1146,
338, 0.337, 446, 377, 325, 1146,
339, 0.338, 446, 378, 325, 1146,
340, 0.339, 446, 378, 325, 1147,
341, 0.34, 446, 378, 326, 1147,
342, 0.341, 446, 378, 326, 1148,
343, 0.342, 446, 378, 327, 1149,
344, 0.343, 446, 378, 327, 1149,
345, 0.344, 446, 379, 327, 1150,
346, 0.345, 446, 379, 327, 1150,
347, 0.346, 446, 379, 327, 1150,
348, 0.347, 446, 379, 328, 1151,
349, 0.348, 446, 379, 328, 1151,
350, 0.349, 446, 380, 328, 1152,
351, 0.35, 446, 380, 329, 1153,
352, 0.351, 446, 380, 329, 1153,
353, 0.352, 446, 380, 330, 1154,
354, 0.353, 446, 381, 330, 1155,
355, 0.354, 446, 381, 330, 1155,
356, 0.355, 446, 381, 330, 1156,
357, 0.356, 446, 381, 331, 1156,
358, 0.357, 446, 382, 331, 1157,
359, 0.358, 446, 382, 331, 1157,
360, 0.359, 446, 382, 332, 1158,
361, 0.36, 446, 382, 332, 1158,
362, 0.361, 446, 382, 332, 1158,
363, 0.362, 446, 382, 332, 1159,
364, 0.363, 446, 383, 333, 1160,
365, 0.364, 446, 383, 333, 1160,
366, 0.365, 445, 383, 333, 1161,
367, 0.366, 445, 383, 334, 1161,
368, 0.367, 445, 383, 334, 1161,
369, 0.368, 445, 384, 334, 1162,
370, 0.369, 445, 384, 335, 1163,
371, 0.37, 445, 384, 335, 1163,
372, 0.371, 445, 384, 335, 1164,
373, 0.372, 445, 384, 335, 1164,
374, 0.373, 445, 384, 336, 1164,
375, 0.374, 445, 385, 336, 1165,
376, 0.375, 445, 385, 336, 1165,
377, 0.376, 445, 385, 337, 1166,
378, 0.377, 445, 385, 337, 1167,
379, 0.378, 445, 385, 337, 1167,
380, 0.379, 445, 386, 337, 1168,
381, 0.38, 445, 386, 338, 1168,
382, 0.381, 445, 386, 338, 1168,
383, 0.382, 445, 386, 338, 1169,
384, 0.383, 445, 387, 339, 1170,
385, 0.384, 445, 387, 339, 1170,
386, 0.385, 445, 387, 339, 1171,
387, 0.386, 445, 387, 340, 1171,
388, 0.387, 445, 387, 340, 1172,
389, 0.388, 445, 387, 340, 1172,
390, 0.389, 445, 388, 341, 1173,
391, 0.39, 445, 388, 341, 1173,
392, 0.391, 445, 388, 341, 1174,
393, 0.392, 445, 388, 341, 1174,
394, 0.393, 445, 388, 341, 1175,
395, 0.394, 445, 389, 342, 1175,
396, 0.395, 445, 389, 342, 1176,
397, 0.396, 445, 389, 342, 1176,
398, 0.397, 445, 389, 343, 1177,
399, 0.398, 445, 389, 343, 1178,
400, 0.399, 445, 389, 343, 1178,
401, 0.4, 444, 390, 344, 1179,
402, 0.401, 444, 390, 344, 1180,
403, 0.402, 444, 390, 345, 1180,
404, 0.403, 444, 390, 345, 1181,
405, 0.404, 444, 391, 345, 1181,
406, 0.405, 444, 391, 345, 1182,
407, 0.406, 444, 391, 346, 1182,
408, 0.407, 444, 391, 346, 1183,
409, 0.408, 444, 391, 346, 1183,
410, 0.409, 444, 392, 347, 1184,
411, 0.41, 444, 392, 347, 1184,
412, 0.411, 444, 392, 347, 1185,
413, 0.412, 444, 392, 348, 1186,
414, 0.413, 444, 392, 348, 1186,
415, 0.414, 444, 393, 348, 1186,
416, 0.415, 444, 393, 348, 1187,
417, 0.416, 444, 393, 349, 1187,
418, 0.417, 444, 393, 349, 1188,
419, 0.418, 444, 394, 350, 1189,
420, 0.419, 444, 394, 350, 1189,
421, 0.42, 444, 394, 350, 1189,
422, 0.421, 444, 394, 350, 1190,
423, 0.422, 444, 394, 350, 1190,
424, 0.423, 444, 394, 351, 1191,
425, 0.424, 444, 394, 351, 1191,
426, 0.425, 444, 395, 351, 1192,
427, 0.426, 444, 395, 352, 1192,
428, 0.427, 444, 395, 352, 1193,
429, 0.428, 444, 395, 352, 1193,
430, 0.429, 444, 396, 353, 1194,
431, 0.43, 444, 396, 353, 1194,
432, 0.431, 444, 396, 353, 1195,
433, 0.432, 443, 396, 354, 1196,
434, 0.433, 443, 396, 354, 1196,
435, 0.434, 443, 397, 354, 1196,
436, 0.435, 443, 397, 354, 1197,
437, 0.436, 443, 397, 355, 1197,
438, 0.437, 443, 397, 355, 1198,
439, 0.438, 443, 397, 356, 1198,
440, 0.439, 443, 397, 355, 1199,
441, 0.44, 443, 398, 356, 1199,
442, 0.441, 443, 398, 356, 1200,
443, 0.442, 443, 398, 356, 1200,
444, 0.443, 443, 398, 357, 1201,
445, 0.444, 443, 399, 357, 1202,
446, 0.445, 443, 399, 357, 1202,
447, 0.446, 443, 399, 358, 1202,
448, 0.447, 443, 399, 358, 1203,
449, 0.448, 443, 399, 358, 1203,
450, 0.449, 443, 399, 358, 1204,
451, 0.45, 443, 400, 359, 1205,
452, 0.451, 443, 400, 359, 1205,
453, 0.452, 443, 400, 360, 1206,
454, 0.453, 443, 400, 360, 1207,
455, 0.454, 443, 401, 360, 1207,
456, 0.455, 443, 401, 361, 1208,
457, 0.456, 443, 401, 361, 1208,
458, 0.457, 443, 401, 361, 1208,
459, 0.458, 443, 401, 361, 1209,
460, 0.459, 443, 402, 362, 1210,
461, 0.46, 443, 402, 362, 1210,
462, 0.461, 442, 402, 362, 1210,
463, 0.462, 442, 402, 363, 1211,
464, 0.463, 442, 402, 363, 1211,
465, 0.464, 442, 402, 363, 1212,
466, 0.465, 442, 402, 363, 1212,
467, 0.466, 442, 403, 364, 1213,
468, 0.467, 442, 403, 364, 1214,
469, 0.468, 442, 403, 364, 1214,
470, 0.469, 442, 403, 365, 1214,
471, 0.47, 442, 403, 365, 1215,
472, 0.471, 442, 404, 365, 1215,
473, 0.472, 442, 404, 366, 1216,
474, 0.473, 442, 404, 366, 1217,
475, 0.474, 442, 404, 366, 1217,
476, 0.475, 442, 405, 366, 1218,
477, 0.476, 442, 405, 367, 1218,
478, 0.477, 442, 405, 367, 1218,
479, 0.478, 442, 405, 367, 1219,
480, 0.479, 442, 405, 367, 1219,
481, 0.48, 442, 405, 368, 1220,
482, 0.481, 442, 406, 368, 1221,
483, 0.482, 442, 406, 368, 1221,
484, 0.483, 442, 406, 369, 1221,
485, 0.484, 442, 406, 369, 1222,
486, 0.485, 442, 406, 369, 1222,
487, 0.486, 442, 407, 370, 1223,
488, 0.487, 442, 407, 370, 1224,
489, 0.488, 442, 407, 370, 1224,
490, 0.489, 442, 407, 370, 1224,
491, 0.49, 442, 407, 371, 1225,
492, 0.491, 442, 407, 371, 1225,
493, 0.492, 442, 408, 371, 1226,
494, 0.493, 441, 408, 372, 1227,
495, 0.494, 441, 408, 372, 1227,
496, 0.495, 441, 408, 372, 1227,
497, 0.496, 441, 408, 373, 1228,
498, 0.497, 441, 409, 373, 1228,
499, 0.498, 441, 409, 373, 1229,
500, 0.499, 441, 409, 374, 1229,
501, 0.5, 441, 410, 374, 1231,
502, 0.501, 440, 411, 376, 1234,
503, 0.502, 440, 411, 377, 1234,
504, 0.503, 440, 411, 377, 1235,
505, 0.504, 440, 411, 378, 1235,
506, 0.505, 440, 411, 378, 1235,
507, 0.506, 439, 411, 378, 1235,
508, 0.507, 439, 412, 378, 1236,
509, 0.508, 439, 412, 378, 1236,
510, 0.509, 439, 412, 379, 1236,
511, 0.51, 439, 412, 379, 1237,
512, 0.511, 439, 412, 379, 1237,
513, 0.512, 438, 412, 380, 1238,
514, 0.513, 438, 412, 380, 1238,
515, 0.514, 438, 413, 380, 1238,
516, 0.515, 438, 413, 381, 1238,
517, 0.516, 438, 413, 381, 1238,
518, 0.517, 437, 413, 381, 1239,
519, 0.518, 437, 413, 382, 1239,
520, 0.519, 437, 413, 382, 1240,
521, 0.52, 437, 413, 382, 1240,
522, 0.521, 437, 413, 382, 1240,
523, 0.522, 437, 414, 382, 1240,
524, 0.523, 436, 414, 383, 1241,
525, 0.524, 436, 414, 383, 1241,
526, 0.525, 436, 414, 383, 1241,
527, 0.526, 436, 414, 384, 1242,
528, 0.527, 436, 414, 384, 1242,
529, 0.528, 435, 414, 384, 1242,
530, 0.529, 435, 415, 384, 1243,
531, 0.53, 435, 415, 385, 1243,
532, 0.531, 435, 415, 385, 1243,
533, 0.532, 435, 415, 386, 1244,
534, 0.533, 435, 415, 386, 1244,
535, 0.534, 434, 415, 386, 1244,
536, 0.535, 434, 415, 386, 1245,
537, 0.536, 434, 415, 386, 1245,
538, 0.537, 434, 416, 387, 1245,
539, 0.538, 434, 416, 387, 1246,
540, 0.539, 434, 416, 387, 1246,
541, 0.54, 433, 416, 388, 1246,
542, 0.541, 433, 416, 388, 1246,
543, 0.542, 433, 416, 388, 1247,
544, 0.543, 433, 416, 388, 1247,
545, 0.544, 433, 417, 389, 1248,
546, 0.545, 433, 417, 389, 1247,
547, 0.546, 432, 417, 389, 1248,
548, 0.547, 432, 417, 390, 1248,
549, 0.548, 432, 417, 390, 1249,
550, 0.549, 432, 417, 390, 1249,
551, 0.55, 432, 417, 390, 1249,
552, 0.551, 431, 418, 391, 1250,
553, 0.552, 431, 418, 391, 1250,
554, 0.553, 431, 418, 391, 1250,
555, 0.554, 431, 418, 392, 1251,
556, 0.555, 430, 418, 392, 1251,
557, 0.556, 430, 418, 392, 1251,
558, 0.557, 430, 418, 393, 1252,
559, 0.558, 430, 418, 393, 1252,
560, 0.559, 430, 418, 393, 1252,
561, 0.56, 430, 419, 393, 1252,
562, 0.561, 429, 419, 394, 1253,
563, 0.562, 429, 419, 394, 1253,
564, 0.563, 429, 419, 394, 1253,
565, 0.564, 429, 419, 395, 1254,
566, 0.565, 429, 419, 395, 1254,
567, 0.566, 429, 419, 395, 1254,
568, 0.567, 429, 420, 395, 1254,
569, 0.568, 428, 420, 396, 1255,
570, 0.569, 428, 420, 396, 1256,
571, 0.57, 428, 420, 396, 1256,
572, 0.571, 428, 420, 397, 1256,
573, 0.572, 428, 420, 397, 1256,
574, 0.573, 427, 420, 397, 1256,
575, 0.574, 427, 421, 397, 1257,
576, 0.575, 427, 421, 398, 1257,
577, 0.576, 427, 421, 398, 1258,
578, 0.577, 427, 421, 398, 1258,
579, 0.578, 426, 421, 399, 1258,
580, 0.579, 426, 421, 399, 1258,
581, 0.58, 426, 421, 399, 1259,
582, 0.581, 426, 421, 399, 1259,
583, 0.582, 426, 422, 400, 1259,
584, 0.583, 426, 422, 400, 1260,
585, 0.584, 425, 422, 400, 1260,
586, 0.585, 425, 422, 401, 1260,
587, 0.586, 425, 422, 401, 1260,
588, 0.587, 425, 422, 401, 1261,
589, 0.588, 425, 422, 401, 1261,
590, 0.589, 424, 423, 402, 1261,
591, 0.59, 424, 423, 402, 1262,
592, 0.591, 424, 423, 402, 1262,
593, 0.592, 424, 423, 402, 1262,
594, 0.593, 424, 423, 403, 1262,
595, 0.594, 424, 423, 403, 1263,
596, 0.595, 423, 423, 403, 1263,
597, 0.596, 423, 423, 404, 1263,
598, 0.597, 423, 423, 404, 1264,
599, 0.598, 423, 424, 404, 1264,
600, 0.599, 423, 424, 404, 1264,
601, 0.6, 422, 424, 405, 1265,
602, 0.601, 422, 424, 405, 1265,
603, 0.602, 422, 424, 405, 1265,
604, 0.603, 422, 424, 406, 1266,
605, 0.604, 422, 424, 406, 1266,
606, 0.605, 421, 425, 406, 1266,
607, 0.606, 421, 425, 407, 1267,
608, 0.607, 421, 425, 407, 1267,
609, 0.608, 421, 425, 407, 1267,
610, 0.609, 421, 425, 407, 1267,
611, 0.61, 421, 425, 408, 1268,
612, 0.611, 420, 425, 408, 1268,
613, 0.612, 420, 426, 408, 1268,
614, 0.613, 420, 426, 408, 1268,
615, 0.614, 420, 426, 409, 1269,
616, 0.615, 420, 426, 409, 1269,
617, 0.616, 420, 426, 409, 1269,
618, 0.617, 419, 426, 410, 1270,
619, 0.618, 419, 426, 410, 1270,
620, 0.619, 419, 426, 410, 1270,
621, 0.62, 419, 427, 411, 1271,
622, 0.621, 419, 427, 411, 1271,
623, 0.622, 418, 427, 411, 1271,
624, 0.623, 418, 427, 411, 1271,
625, 0.624, 418, 427, 411, 1272,
626, 0.625, 418, 427, 412, 1272,
627, 0.626, 418, 427, 412, 1272,
628, 0.627, 418, 427, 412, 1273,
629, 0.628, 417, 427, 413, 1273,
630, 0.629, 417, 428, 413, 1273,
631, 0.63, 417, 428, 413, 1273,
632, 0.631, 417, 428, 413, 1274,
633, 0.632, 416, 428, 414, 1274,
634, 0.633, 416, 428, 414, 1274,
635, 0.634, 416, 428, 414, 1274,
636, 0.635, 416, 428, 414, 1275,
637, 0.636, 416, 428, 415, 1275,
638, 0.637, 416, 429, 415, 1275,
639, 0.638, 415, 429, 415, 1276,
640, 0.639, 415, 429, 416, 1276,
641, 0.64, 415, 429, 416, 1276,
642, 0.641, 415, 429, 416, 1277,
643, 0.642, 415, 429, 416, 1277,
644, 0.643, 415, 429, 417, 1277,
645, 0.644, 414, 430, 417, 1278,
646, 0.645, 414, 430, 417, 1278,
647, 0.646, 414, 430, 417, 1278,
648, 0.647, 414, 430, 418, 1278,
649, 0.648, 414, 430, 418, 1278,
650, 0.649, 414, 430, 418, 1279,
651, 0.65, 414, 430, 418, 1279,
652, 0.651, 413, 430, 419, 1280,
653, 0.652, 413, 431, 419, 1280,
654, 0.653, 413, 431, 420, 1280,
655, 0.654, 413, 431, 420, 1281,
656, 0.655, 412, 431, 420, 1281,
657, 0.656, 412, 431, 420, 1281,
658, 0.657, 412, 431, 421, 1281,
659, 0.658, 412, 431, 421, 1282,
660, 0.659, 412, 431, 421, 1282,
661, 0.66, 411, 432, 421, 1282,
662, 0.661, 411, 431, 421, 1282,
663, 0.662, 411, 432, 422, 1283,
664, 0.663, 411, 432, 422, 1283,
665, 0.664, 411, 432, 423, 1283,
666, 0.665, 411, 432, 423, 1284,
667, 0.666, 410, 432, 423, 1284,
668, 0.667, 410, 432, 423, 1284,
669, 0.668, 410, 432, 424, 1284,
670, 0.669, 410, 433, 424, 1285,
671, 0.67, 410, 433, 424, 1285,
672, 0.671, 409, 433, 424, 1285,
673, 0.672, 409, 433, 425, 1285,
674, 0.673, 409, 433, 425, 1286,
675, 0.674, 409, 433, 425, 1286,
676, 0.675, 409, 433, 425, 1286,
677, 0.676, 409, 433, 426, 1287,
678, 0.677, 408, 434, 426, 1287,
679, 0.678, 408, 434, 426, 1287,
680, 0.679, 408, 434, 427, 1288,
681, 0.68, 408, 434, 427, 1288,
682, 0.681, 408, 434, 427, 1288,
683, 0.682, 408, 434, 427, 1288,
684, 0.683, 407, 434, 427, 1288,
685, 0.684, 407, 434, 428, 1289,
686, 0.685, 407, 435, 428, 1289,
687, 0.686, 407, 435, 428, 1289,
688, 0.687, 407, 435, 429, 1290,
689, 0.688, 406, 435, 429, 1290,
690, 0.689, 406, 435, 429, 1290,
691, 0.69, 406, 435, 429, 1290,
692, 0.691, 406, 435, 430, 1291,
693, 0.692, 406, 435, 430, 1291,
694, 0.693, 406, 435, 430, 1291,
695, 0.694, 405, 435, 430, 1291,
696, 0.695, 405, 436, 431, 1292,
697, 0.696, 405, 436, 431, 1292,
698, 0.697, 405, 436, 431, 1292,
699, 0.698, 405, 436, 432, 1293,
700, 0.699, 404, 436, 432, 1293,
701, 0.7, 404, 436, 432, 1293,
702, 0.701, 404, 436, 433, 1294,
703, 0.702, 404, 436, 433, 1294,
704, 0.703, 404, 437, 433, 1294,
705, 0.704, 404, 437, 433, 1294,
706, 0.705, 403, 437, 434, 1295,
707, 0.706, 403, 437, 434, 1295,
708, 0.707, 403, 437, 434, 1295,
709, 0.708, 403, 437, 434, 1296,
710, 0.709, 402, 437, 435, 1296,
711, 0.71, 402, 437, 435, 1296,
712, 0.711, 402, 438, 435, 1296,
713, 0.712, 402, 438, 436, 1297,
714, 0.713, 402, 438, 436, 1297,
715, 0.714, 402, 438, 436, 1297,
716, 0.715, 401, 438, 436, 1298,
717, 0.716, 401, 438, 437, 1298,
718, 0.717, 401, 438, 437, 1298,
719, 0.718, 401, 438, 437, 1298,
720, 0.719, 401, 439, 437, 1298,
721, 0.72, 401, 439, 438, 1299,
722, 0.721, 400, 439, 438, 1299,
723, 0.722, 400, 439, 438, 1299,
724, 0.723, 400, 439, 438, 1300,
725, 0.724, 400, 439, 439, 1300,
726, 0.725, 400, 439, 439, 1300,
727, 0.726, 400, 439, 439, 1300,
728, 0.727, 399, 439, 439, 1301,
729, 0.728, 399, 440, 440, 1301,
730, 0.729, 399, 440, 440, 1301,
731, 0.73, 399, 440, 440, 1302,
732, 0.731, 399, 440, 441, 1302,
733, 0.732, 398, 440, 441, 1302,
734, 0.733, 398, 440, 441, 1302,
735, 0.734, 398, 440, 441, 1303,
736, 0.735, 398, 440, 442, 1303,
737, 0.736, 398, 441, 442, 1303,
738, 0.737, 397, 441, 442, 1303,
739, 0.738, 397, 441, 442, 1304,
740, 0.739, 397, 441, 443, 1304,
741, 0.74, 397, 441, 443, 1304,
742, 0.741, 397, 441, 443, 1305,
743, 0.742, 396, 441, 444, 1305,
744, 0.743, 396, 441, 444, 1305,
745, 0.744, 396, 441, 444, 1305,
746, 0.745, 396, 442, 444, 1306,
747, 0.746, 396, 442, 444, 1306,
748, 0.747, 396, 442, 445, 1306,
749, 0.748, 396, 442, 445, 1306,
750, 0.749, 395, 442, 445, 1307,
751, 0.75, 395, 442, 446, 1307,
752, 0.751, 395, 443, 446, 1308,
753, 0.752, 395, 443, 446, 1308,
754, 0.753, 394, 443, 447, 1308,
755, 0.754, 394, 443, 447, 1308,
756, 0.755, 394, 443, 447, 1308,
757, 0.756, 394, 443, 447, 1309,
758, 0.757, 394, 443, 448, 1309,
759, 0.758, 393, 443, 448, 1309,
760, 0.759, 393, 443, 448, 1310,
761, 0.76, 393, 443, 448, 1310,
762, 0.761, 393, 444, 449, 1310,
763, 0.762, 393, 444, 449, 1310,
764, 0.763, 393, 444, 449, 1310,
765, 0.764, 392, 444, 449, 1311,
766, 0.765, 392, 444, 450, 1311,
767, 0.766, 392, 444, 450, 1311,
768, 0.767, 392, 444, 450, 1312,
769, 0.768, 392, 444, 450, 1312,
770, 0.769, 392, 444, 451, 1312,
771, 0.77, 391, 445, 451, 1312,
772, 0.771, 391, 445, 451, 1312,
773, 0.772, 391, 445, 451, 1313,
774, 0.773, 391, 445, 452, 1313,
775, 0.774, 391, 445, 452, 1313,
776, 0.775, 390, 445, 452, 1314,
777, 0.776, 390, 445, 452, 1314,
778, 0.777, 390, 445, 453, 1314,
779, 0.778, 390, 445, 453, 1314,
780, 0.779, 390, 445, 453, 1314,
781, 0.78, 389, 446, 453, 1315,
782, 0.781, 389, 446, 454, 1315,
783, 0.782, 389, 446, 454, 1316,
784, 0.783, 389, 446, 454, 1316,
785, 0.784, 389, 446, 455, 1316,
786, 0.785, 389, 446, 455, 1316,
787, 0.786, 388, 446, 455, 1316,
788, 0.787, 388, 446, 455, 1317,
789, 0.788, 388, 447, 456, 1317,
790, 0.789, 388, 447, 456, 1318,
791, 0.79, 388, 447, 456, 1318,
792, 0.791, 387, 447, 456, 1318,
793, 0.792, 387, 447, 457, 1318,
794, 0.793, 387, 447, 457, 1318,
795, 0.794, 387, 447, 457, 1319,
796, 0.795, 387, 447, 457, 1319,
797, 0.796, 387, 448, 458, 1319,
798, 0.797, 386, 448, 458, 1319,
799, 0.798, 386, 448, 458, 1319,
800, 0.799, 386, 448, 458, 1320,
801, 0.8, 386, 448, 459, 1321,
802, 0.801, 386, 448, 459, 1321,
803, 0.802, 385, 448, 460, 1321,
804, 0.803, 385, 448, 460, 1321,
805, 0.804, 385, 448, 460, 1321,
806, 0.805, 385, 449, 460, 1321,
807, 0.806, 385, 449, 460, 1322,
808, 0.807, 384, 449, 461, 1322,
809, 0.808, 384, 449, 461, 1322,
810, 0.809, 384, 449, 461, 1323,
811, 0.81, 384, 449, 461, 1323,
812, 0.811, 384, 449, 462, 1323,
813, 0.812, 383, 450, 462, 1324,
814, 0.813, 383, 449, 462, 1324,
815, 0.814, 383, 450, 463, 1324,
816, 0.815, 383, 450, 463, 1324,
817, 0.816, 383, 450, 463, 1324,
818, 0.817, 383, 450, 463, 1324,
819, 0.818, 382, 450, 463, 1325,
820, 0.819, 382, 450, 464, 1325,
821, 0.82, 382, 450, 464, 1325,
822, 0.821, 382, 450, 464, 1325,
823, 0.822, 382, 450, 465, 1326,
824, 0.823, 381, 451, 465, 1326,
825, 0.824, 381, 451, 465, 1326,
826, 0.825, 381, 451, 465, 1326,
827, 0.826, 381, 451, 465, 1327,
828, 0.827, 381, 451, 466, 1327,
829, 0.828, 380, 451, 466, 1327,
830, 0.829, 380, 451, 466, 1327,
831, 0.83, 380, 451, 467, 1328,
832, 0.831, 380, 451, 467, 1328,
833, 0.832, 380, 451, 467, 1328,
834, 0.833, 380, 452, 467, 1328,
835, 0.834, 379, 452, 468, 1329,
836, 0.835, 379, 452, 468, 1329,
837, 0.836, 379, 452, 468, 1329,
838, 0.837, 379, 452, 468, 1329,
839, 0.838, 379, 452, 468, 1329,
840, 0.839, 379, 452, 469, 1330,
841, 0.84, 378, 452, 469, 1330,
842, 0.841, 378, 452, 469, 1330,
843, 0.842, 378, 453, 470, 1331,
844, 0.843, 378, 453, 470, 1331,
845, 0.844, 378, 453, 470, 1331,
846, 0.845, 377, 453, 470, 1331,
847, 0.846, 377, 453, 470, 1331,
848, 0.847, 377, 453, 471, 1332,
849, 0.848, 377, 453, 471, 1332,
850, 0.849, 377, 453, 471, 1332,
851, 0.85, 376, 453, 472, 1332,
852, 0.851, 376, 454, 472, 1333,
853, 0.852, 376, 454, 472, 1333,
854, 0.853, 376, 454, 473, 1333,
855, 0.854, 376, 454, 473, 1334,
856, 0.855, 376, 454, 473, 1334,
857, 0.856, 375, 454, 473, 1334,
858, 0.857, 375, 454, 474, 1334,
859, 0.858, 375, 454, 474, 1334,
860, 0.859, 375, 454, 474, 1335,
861, 0.86, 374, 455, 474, 1335,
862, 0.861, 374, 455, 474, 1335,
863, 0.862, 374, 455, 475, 1335,
864, 0.863, 374, 455, 475, 1336,
865, 0.864, 374, 455, 475, 1336,
866, 0.865, 374, 455, 475, 1336,
867, 0.866, 373, 455, 476, 1336,
868, 0.867, 373, 455, 476, 1337,
869, 0.868, 373, 455, 476, 1337,
870, 0.869, 373, 455, 476, 1337,
871, 0.87, 373, 456, 477, 1337,
872, 0.871, 372, 456, 477, 1337,
873, 0.872, 372, 456, 477, 1338,
874, 0.873, 372, 456, 477, 1338,
875, 0.874, 372, 456, 478, 1338,
876, 0.875, 372, 456, 478, 1339,
877, 0.876, 372, 456, 478, 1339,
878, 0.877, 371, 456, 478, 1339,
879, 0.878, 371, 456, 479, 1339,
880, 0.879, 371, 456, 479, 1339,
881, 0.88, 371, 457, 479, 1340,
882, 0.881, 370, 457, 480, 1340,
883, 0.882, 370, 457, 480, 1340,
884, 0.883, 370, 457, 480, 1340,
885, 0.884, 370, 457, 480, 1340,
886, 0.885, 370, 457, 480, 1340,
887, 0.886, 370, 457, 481, 1341,
888, 0.887, 369, 457, 481, 1341,
889, 0.888, 369, 457, 481, 1341,
890, 0.889, 369, 458, 481, 1342,
891, 0.89, 369, 458, 482, 1342,
892, 0.891, 369, 458, 482, 1342,
893, 0.892, 368, 458, 482, 1342,
894, 0.893, 368, 458, 483, 1343,
895, 0.894, 368, 458, 483, 1343,
896, 0.895, 368, 458, 483, 1343,
897, 0.896, 368, 458, 483, 1343,
898, 0.897, 368, 458, 483, 1343,
899, 0.898, 367, 458, 484, 1343,
900, 0.899, 367, 459, 484, 1344,
901, 0.9, 367, 459, 484, 1344,
902, 0.901, 367, 459, 484, 1344,
903, 0.902, 367, 459, 485, 1344,
904, 0.903, 366, 459, 485, 1345,
905, 0.904, 366, 459, 485, 1345,
906, 0.905, 366, 459, 486, 1346,
907, 0.906, 366, 459, 486, 1346,
908, 0.907, 366, 459, 486, 1346,
909, 0.908, 365, 459, 486, 1346,
910, 0.909, 365, 460, 487, 1346,
911, 0.91, 365, 460, 487, 1347,
912, 0.911, 365, 460, 487, 1347,
913, 0.912, 365, 460, 487, 1347,
914, 0.913, 364, 460, 488, 1347,
915, 0.914, 364, 460, 488, 1347,
916, 0.915, 364, 460, 488, 1348,
917, 0.916, 364, 460, 488, 1348,
918, 0.917, 364, 460, 488, 1348,
919, 0.918, 363, 461, 489, 1348,
920, 0.919, 363, 461, 489, 1349,
921, 0.92, 363, 461, 489, 1349,
922, 0.921, 363, 461, 489, 1349,
923, 0.922, 363, 461, 490, 1349,
924, 0.923, 363, 461, 490, 1350,
925, 0.924, 362, 461, 490, 1350,
926, 0.925, 362, 461, 490, 1350,
927, 0.926, 362, 461, 491, 1350,
928, 0.927, 362, 461, 491, 1350,
929, 0.928, 361, 462, 491, 1351,
930, 0.929, 361, 462, 491, 1351,
931, 0.93, 361, 462, 492, 1351,
932, 0.931, 361, 462, 492, 1351,
933, 0.932, 361, 462, 492, 1351,
934, 0.933, 361, 462, 492, 1352,
935, 0.934, 361, 462, 492, 1352,
936, 0.935, 360, 462, 493, 1352,
937, 0.936, 360, 462, 493, 1352,
938, 0.937, 360, 462, 493, 1353,
939, 0.938, 360, 463, 494, 1353,
940, 0.939, 360, 463, 494, 1353,
941, 0.94, 360, 463, 494, 1353,
942, 0.941, 359, 463, 494, 1353,
943, 0.942, 359, 463, 494, 1354,
944, 0.943, 359, 463, 495, 1354,
945, 0.944, 359, 463, 495, 1354,
946, 0.945, 358, 463, 495, 1354,
947, 0.946, 358, 463, 496, 1354,
948, 0.947, 358, 463, 496, 1355,
949, 0.948, 358, 463, 496, 1355,
950, 0.949, 358, 464, 496, 1355,
951, 0.95, 358, 464, 496, 1355,
952, 0.951, 357, 464, 497, 1356,
953, 0.952, 357, 464, 497, 1356,
954, 0.953, 357, 464, 497, 1356,
955, 0.954, 357, 464, 498, 1356,
956, 0.955, 356, 464, 498, 1357,
957, 0.956, 356, 464, 498, 1357,
958, 0.957, 356, 465, 498, 1357,
959, 0.958, 356, 465, 499, 1357,
960, 0.959, 356, 465, 499, 1358,
961, 0.96, 355, 465, 499, 1358,
962, 0.961, 355, 465, 499, 1358,
963, 0.962, 355, 465, 500, 1358,
964, 0.963, 355, 465, 500, 1359,
965, 0.964, 355, 465, 500, 1359,
966, 0.965, 354, 465, 500, 1359,
967, 0.966, 354, 465, 501, 1359,
968, 0.967, 354, 465, 501, 1359,
969, 0.968, 354, 466, 501, 1360,
970, 0.969, 354, 466, 501, 1360,
971, 0.97, 354, 466, 502, 1360,
972, 0.971, 353, 466, 502, 1360,
973, 0.972, 353, 466, 502, 1360,
974, 0.973, 353, 466, 502, 1361,
975, 0.974, 353, 466, 502, 1361,
976, 0.975, 353, 466, 503, 1361,
977, 0.976, 353, 466, 503, 1361,
978, 0.977, 352, 466, 503, 1361,
979, 0.978, 352, 467, 503, 1362,
980, 0.979, 352, 467, 503, 1362,
981, 0.98, 352, 467, 504, 1362,
982, 0.981, 351, 467, 504, 1362,
983, 0.982, 351, 467, 504, 1362,
984, 0.983, 351, 467, 505, 1363,
985, 0.984, 351, 467, 505, 1363,
986, 0.985, 351, 467, 505, 1363,
987, 0.986, 351, 467, 505, 1363,
988, 0.987, 351, 467, 505, 1363,
989, 0.988, 350, 467, 506, 1364,
990, 0.989, 350, 468, 506, 1364,
991, 0.99, 350, 468, 506, 1364,
992, 0.991, 350, 468, 506, 1364,
993, 0.992, 350, 468, 507, 1365,
994, 0.993, 349, 468, 507, 1365,
995, 0.994, 349, 468, 507, 1365,
996, 0.995, 349, 468, 507, 1365,
997, 0.996, 349, 468, 508, 1365,
998, 0.997, 349, 468, 508, 1366,
999, 0.998, 348, 468, 508, 1366,
1000, 0.999, 348, 468, 508, 1366,
