1, 0.0, 15890, 13035, 8960, 37462,
2, 0.001, 20637, 17192, 11737, 49139,
3, 0.002, 20629, 17167, 11718, 49085,
4, 0.003, 20615, 17147, 11709, 49041,
5, 0.004, 20606, 17142, 11716, 49036,
6, 0.005, 20604, 17136, 11713, 49021,
7, 0.006, 20598, 17136, 11723, 49028,
8, 0.007, 20594, 17136, 11727, 49028,
9, 0.008, 20593, 17137, 11731, 49033,
10, 0.009, 20588, 17148, 11752, 49061,
11, 0.01, 20585, 17165, 11780, 49106,
12, 0.011, 20584, 17163, 11779, 49103,
13, 0.012, 20579, 17174, 11798, 49130,
14, 0.013, 20578, 17180, 11808, 49147,
15, 0.014, 20574, 17185, 11819, 49160,
16, 0.015, 20571, 17196, 11837, 49189,
17, 0.016, 20571, 17199, 11842, 49198,
18, 0.017, 20565, 17213, 11867, 49232,
19, 0.018, 20562, 17224, 11885, 49261,
20, 0.019, 20558, 17230, 11896, 49276,
21, 0.02, 20559, 17236, 11904, 49292,
22, 0.021, 20556, 17251, 11929, 49332,
23, 0.022, 20551, 17265, 11952, 49367,
24, 0.023, 20549, 17269, 11958, 49375,
25, 0.024, 20547, 17277, 11971, 49396,
26, 0.025, 20543, 17287, 11989, 49422,
27, 0.026, 20540, 17308, 12021, 49476,
28, 0.027, 20538, 17306, 12020, 49470,
29, 0.028, 20535, 17320, 12042, 49508,
30, 0.029, 20533, 17324, 12051, 49519,
31, 0.03, 20533, 17328, 12056, 49527,
32, 0.031, 20527, 17343, 12081, 49567,
33, 0.032, 20525, 17359, 12106, 49609,
34, 0.033, 20524, 17364, 12113, 49619,
35, 0.034, 20522, 17373, 12129, 49645,
36, 0.035, 20519, 17383, 12144, 49669,
37, 0.036, 20519, 17386, 12151, 49680,
38, 0.037, 20514, 17401, 12176, 49719,
39, 0.038, 20511, 17418, 12200, 49759,
40, 0.039, 20510, 17422, 12208, 49770,
41, 0.04, 20508, 17431, 12222, 49793,
42, 0.041, 20506, 17442, 12239, 49822,
43, 0.042, 20504, 17460, 12267, 49870,
44, 0.043, 20503, 17461, 12270, 49873,
45, 0.044, 20500, 17474, 12290, 49908,
46, 0.045, 20498, 17482, 12302, 49927,
47, 0.046, 20499, 17490, 12315, 49950,
48, 0.047, 20494, 17502, 12334, 49980,
49, 0.048, 20496, 17505, 12339, 49988,
50, 0.049, 20492, 17524, 12367, 50035,
51, 0.05, 20489, 17541, 12394, 50080,
52, 0.051, 20488, 17561, 12424, 50131,
53, 0.052, 20487, 17567, 12432, 50144,
54, 0.053, 20485, 17567, 12435, 50147,
55, 0.054, 20483, 17586, 12464, 50196,
56, 0.055, 20482, 17600, 12485, 50233,
57, 0.056, 20482, 17609, 12497, 50255,
58, 0.057, 20481, 17615, 12505, 50270,
59, 0.058, 20477, 17628, 12528, 50305,
60, 0.059, 20476, 17646, 12555, 50350,
61, 0.06, 20477, 17652, 12562, 50363,
62, 0.061, 20473, 17662, 12579, 50390,
63, 0.062, 20471, 17670, 12593, 50412,
64, 0.063, 20472, 17675, 12599, 50426,
65, 0.064, 20470, 17693, 12625, 50469,
66, 0.065, 20466, 17704, 12644, 50498,
67, 0.066, 20467, 17714, 12657, 50524,
68, 0.067, 20467, 17718, 12664, 50536,
69, 0.068, 20463, 17734, 12690, 50576,
70, 0.069, 20462, 17755, 12721, 50633,
71, 0.07, 20462, 17756, 12722, 50635,
72, 0.071, 20460, 17763, 12734, 50652,
73, 0.072, 20456, 17775, 12753, 50682,
74, 0.073, 20456, 17776, 12755, 50686,
75, 0.074, 20454, 17796, 12786, 50737,
76, 0.075, 20452, 17809, 12806, 50770,
77, 0.076, 20453, 17819, 12819, 50795,
78, 0.077, 20449, 17824, 12829, 50808,
79, 0.078, 20447, 17837, 12850, 50843,
80, 0.079, 20446, 17858, 12881, 50897,
81, 0.08, 20446, 17859, 12883, 50901,
82, 0.081, 20444, 17865, 12891, 50915,
83, 0.082, 20442, 17880, 12915, 50953,
84, 0.083, 20439, 17901, 12947, 51009,
85, 0.084, 20440, 17902, 12948, 51011,
86, 0.085, 20436, 17912, 12964, 51035,
87, 0.086, 20435, 17921, 12978, 51059,
88, 0.087, 20433, 17924, 12984, 51067,
89, 0.088, 20431, 17941, 13010, 51112,
90, 0.089, 20430, 17962, 13041, 51164,
91, 0.09, 20429, 17963, 13043, 51168,
92, 0.091, 20427, 17975, 13061, 51197,
93, 0.092, 20426, 17984, 13075, 51220,
94, 0.093, 20427, 17992, 13087, 51243,
95, 0.094, 20424, 18005, 13107, 51277,
96, 0.095, 20424, 18007, 13110, 51280,
97, 0.096, 20422, 18028, 13140, 51333,
98, 0.097, 20419, 18040, 13160, 51365,
99, 0.098, 20419, 18048, 13173, 51387,
100, 0.099, 20419, 18053, 13180, 51401,
101, 0.1, 20417, 18083, 13224, 51476,
102, 0.101, 20417, 18093, 13240, 51505,
103, 0.102, 20416, 18094, 13242, 51507,
104, 0.103, 20413, 18114, 13273, 51557,
105, 0.104, 20412, 18129, 13294, 51594,
106, 0.105, 20412, 18137, 13306, 51616,
107, 0.106, 20409, 18145, 13319, 51637,
108, 0.107, 20408, 18157, 13338, 51669,
109, 0.108, 20409, 18161, 13343, 51680,
110, 0.109, 20406, 18179, 13371, 51725,
111, 0.11, 20404, 18198, 13399, 51774,
112, 0.111, 20403, 18200, 13403, 51781,
113, 0.112, 20401, 18214, 13423, 51814,
114, 0.113, 20401, 18222, 13436, 51834,
115, 0.114, 20400, 18228, 13446, 51853,
116, 0.115, 20397, 18243, 13468, 51888,
117, 0.116, 20397, 18245, 13472, 51895,
118, 0.117, 20396, 18265, 13501, 51948,
119, 0.118, 20392, 18278, 13523, 51982,
120, 0.119, 20391, 18284, 13532, 51994,
121, 0.12, 20390, 18290, 13540, 52010,
122, 0.121, 20389, 18307, 13565, 52053,
123, 0.122, 20386, 18324, 13593, 52098,
124, 0.123, 20387, 18328, 13598, 52107,
125, 0.124, 20384, 18341, 13617, 52139,
126, 0.125, 20384, 18350, 13630, 52162,
127, 0.126, 20382, 18352, 13634, 52167,
128, 0.127, 20379, 18369, 13661, 52213,
129, 0.128, 20376, 18387, 13689, 52258,
130, 0.129, 20377, 18390, 13694, 52267,
131, 0.13, 20375, 18401, 13710, 52292,
132, 0.131, 20373, 18412, 13727, 52321,
133, 0.132, 20374, 18414, 13729, 52326,
134, 0.133, 20370, 18432, 13757, 52374,
135, 0.134, 20369, 18449, 13782, 52417,
136, 0.135, 20367, 18452, 13789, 52426,
137, 0.136, 20365, 18472, 13818, 52476,
138, 0.137, 20366, 18475, 13824, 52488,
139, 0.138, 20362, 18486, 13842, 52518,
140, 0.139, 20362, 18495, 13855, 52538,
141, 0.14, 20362, 18502, 13865, 52559,
142, 0.141, 20360, 18518, 13888, 52596,
143, 0.142, 20359, 18518, 13889, 52597,
144, 0.143, 20358, 18539, 13921, 52655,
145, 0.144, 20355, 18557, 13947, 52697,
146, 0.145, 20355, 18561, 13954, 52712,
147, 0.146, 20356, 18569, 13964, 52730,
148, 0.147, 20351, 18580, 13984, 52762,
149, 0.148, 20349, 18600, 14014, 52812,
150, 0.149, 20354, 18606, 14021, 52829,
151, 0.15, 20348, 18617, 14040, 52857,
152, 0.151, 20345, 18646, 14082, 52929,
153, 0.152, 20345, 18646, 14083, 52931,
154, 0.153, 20343, 18660, 14104, 52967,
155, 0.154, 20343, 18667, 14116, 52987,
156, 0.155, 20341, 18672, 14123, 52998,
157, 0.156, 20339, 18688, 14148, 53038,
158, 0.157, 20337, 18710, 14180, 53094,
159, 0.158, 20338, 18711, 14182, 53098,
160, 0.159, 20336, 18726, 14205, 53139,
161, 0.16, 20334, 18732, 14213, 53151,
162, 0.161, 20335, 18737, 14220, 53165,
163, 0.162, 20333, 18755, 14248, 53210,
164, 0.163, 20332, 18775, 14278, 53262,
165, 0.164, 20332, 18777, 14281, 53267,
166, 0.165, 20330, 18791, 14302, 53303,
167, 0.166, 20328, 18798, 14313, 53323,
168, 0.167, 20329, 18804, 14321, 53336,
169, 0.168, 20327, 18819, 14345, 53378,
170, 0.169, 20326, 18819, 14346, 53378,
171, 0.17, 20324, 18841, 14379, 53436,
172, 0.171, 20323, 18855, 14399, 53470,
173, 0.172, 20322, 18863, 14411, 53491,
174, 0.173, 20323, 18864, 14412, 53491,
175, 0.174, 20321, 18886, 14444, 53548,
176, 0.175, 20319, 18903, 14471, 53593,
177, 0.176, 20321, 18909, 14479, 53607,
178, 0.177, 20321, 18923, 14499, 53644,
179, 0.178, 20317, 18930, 14511, 53661,
180, 0.179, 20318, 18934, 14518, 53675,
181, 0.18, 20316, 18953, 14545, 53721,
182, 0.181, 20316, 18973, 14576, 53778,
183, 0.182, 20315, 18974, 14578, 53781,
184, 0.183, 20314, 18989, 14600, 53816,
185, 0.184, 20312, 18997, 14611, 53835,
186, 0.185, 20313, 18999, 14615, 53842,
187, 0.186, 20310, 19018, 14645, 53894,
188, 0.187, 20308, 19035, 14670, 53938,
189, 0.188, 20308, 19039, 14676, 53951,
190, 0.189, 20307, 19048, 14690, 53971,
191, 0.19, 20306, 19061, 14710, 54004,
192, 0.191, 20306, 19065, 14715, 54013,
193, 0.192, 20304, 19084, 14744, 54062,
194, 0.193, 20302, 19091, 14754, 54080,
195, 0.194, 20300, 19104, 14776, 54115,
196, 0.195, 20300, 19115, 14791, 54142,
197, 0.196, 20298, 19126, 14808, 54169,
198, 0.197, 20299, 19128, 14810, 54173,
199, 0.198, 20296, 19148, 14842, 54228,
200, 0.199, 20294, 19162, 14862, 54261,
201, 0.2, 20293, 19188, 14901, 54331,
202, 0.201, 20293, 19193, 14908, 54343,
203, 0.202, 20292, 19205, 14927, 54374,
204, 0.203, 20292, 19215, 14941, 54400,
205, 0.204, 20294, 19222, 14949, 54417,
206, 0.205, 20289, 19238, 14975, 54459,
207, 0.206, 20288, 19254, 14999, 54502,
208, 0.207, 20289, 19261, 15008, 54519,
209, 0.208, 20287, 19271, 15023, 54543,
210, 0.209, 20287, 19282, 15041, 54573,
211, 0.21, 20286, 19288, 15050, 54588,
212, 0.211, 20284, 19304, 15073, 54625,
213, 0.212, 20284, 19305, 15075, 54631,
214, 0.213, 20283, 19327, 15108, 54688,
215, 0.214, 20279, 19339, 15128, 54723,
216, 0.215, 20279, 19347, 15138, 54742,
217, 0.216, 20282, 19352, 15146, 54758,
218, 0.217, 20277, 19368, 15171, 54797,
219, 0.218, 20274, 19387, 15199, 54847,
220, 0.219, 20274, 19389, 15204, 54853,
221, 0.22, 20274, 19396, 15214, 54872,
222, 0.221, 20272, 19412, 15237, 54910,
223, 0.222, 20272, 19413, 15238, 54913,
224, 0.223, 20270, 19433, 15269, 54968,
225, 0.224, 20268, 19446, 15288, 54998,
226, 0.225, 20267, 19456, 15304, 55024,
227, 0.226, 20266, 19459, 15308, 55029,
228, 0.227, 20265, 19477, 15335, 55078,
229, 0.228, 20263, 19497, 15366, 55131,
230, 0.229, 20263, 19500, 15370, 55137,
231, 0.23, 20264, 19510, 15384, 55163,
232, 0.231, 20260, 19520, 15400, 55186,
233, 0.232, 20257, 19537, 15426, 55232,
234, 0.233, 20258, 19542, 15434, 55245,
235, 0.234, 20254, 19551, 15449, 55267,
236, 0.235, 20252, 19560, 15463, 55291,
237, 0.236, 20254, 19569, 15475, 55315,
238, 0.237, 20252, 19584, 15497, 55354,
239, 0.238, 20250, 19602, 15527, 55400,
240, 0.239, 20251, 19607, 15532, 55412,
241, 0.24, 20248, 19619, 15551, 55442,
242, 0.241, 20246, 19627, 15563, 55462,
243, 0.242, 20246, 19635, 15575, 55483,
244, 0.243, 20243, 19648, 15596, 55517,
245, 0.244, 20243, 19671, 15629, 55578,
246, 0.245, 20242, 19670, 15630, 55575,
247, 0.246, 20240, 19682, 15648, 55606,
248, 0.247, 20241, 19694, 15663, 55635,
249, 0.248, 20241, 19697, 15668, 55646,
250, 0.249, 20238, 19715, 15696, 55692,
251, 0.25, 20235, 19730, 15719, 55731,
252, 0.251, 20234, 19757, 15759, 55803,
253, 0.252, 20234, 19760, 15763, 55807,
254, 0.253, 20233, 19770, 15779, 55833,
255, 0.254, 20232, 19782, 15796, 55864,
256, 0.255, 20231, 19803, 15827, 55917,
257, 0.256, 20231, 19804, 15830, 55921,
258, 0.257, 20234, 19816, 15844, 55954,
259, 0.258, 20227, 19824, 15861, 55973,
260, 0.259, 20230, 19829, 15865, 55986,
261, 0.26, 20227, 19848, 15895, 56037,
262, 0.261, 20225, 19861, 15914, 56068,
263, 0.262, 20224, 19869, 15927, 56088,
264, 0.263, 20225, 19874, 15935, 56103,
265, 0.264, 20221, 19891, 15960, 56146,
266, 0.265, 20220, 19903, 15979, 56178,
267, 0.266, 20219, 19911, 15993, 56200,
268, 0.267, 20219, 19918, 16000, 56214,
269, 0.268, 20218, 19935, 16026, 56260,
270, 0.269, 20216, 19950, 16050, 56299,
271, 0.27, 20216, 19957, 16059, 56317,
272, 0.271, 20214, 19964, 16073, 56338,
273, 0.272, 20214, 19979, 16092, 56372,
274, 0.273, 20212, 20000, 16125, 56429,
275, 0.274, 20212, 20000, 16125, 56429,
276, 0.275, 20211, 20018, 16151, 56476,
277, 0.276, 20210, 20024, 16159, 56490,
278, 0.277, 20209, 20034, 16176, 56519,
279, 0.278, 20207, 20044, 16192, 56544,
280, 0.279, 20208, 20051, 16200, 56561,
281, 0.28, 20205, 20066, 16224, 56599,
282, 0.281, 20203, 20088, 16258, 56659,
283, 0.282, 20203, 20089, 16258, 56659,
284, 0.283, 20203, 20102, 16277, 56692,
285, 0.284, 20202, 20111, 16291, 56717,
286, 0.285, 20199, 20132, 16322, 56767,
287, 0.286, 20201, 20133, 16324, 56773,
288, 0.287, 20199, 20145, 16342, 56804,
289, 0.288, 20197, 20153, 16357, 56828,
290, 0.289, 20199, 20159, 16363, 56844,
291, 0.29, 20196, 20177, 16391, 56886,
292, 0.291, 20194, 20194, 16416, 56932,
293, 0.292, 20194, 20199, 16424, 56946,
294, 0.293, 20192, 20207, 16436, 56966,
295, 0.294, 20191, 20220, 16456, 57000,
296, 0.295, 20190, 20241, 16486, 57051,
297, 0.296, 20190, 20244, 16491, 57059,
298, 0.297, 20190, 20250, 16500, 57076,
299, 0.298, 20188, 20265, 16523, 57113,
300, 0.299, 20188, 20267, 16524, 57117,
301, 0.3, 20185, 20296, 16569, 57195,
302, 0.301, 20183, 20309, 16589, 57228,
303, 0.302, 20184, 20313, 16594, 57239,
304, 0.303, 20180, 20329, 16622, 57284,
305, 0.304, 20179, 20350, 16651, 57335,
306, 0.305, 20180, 20353, 16656, 57344,
307, 0.306, 20178, 20362, 16670, 57367,
308, 0.307, 20177, 20375, 16689, 57399,
309, 0.308, 20176, 20380, 16697, 57411,
310, 0.309, 20175, 20397, 16722, 57455,
311, 0.31, 20175, 20396, 16754, 57457,
312, 0.311, 20173, 20419, 16754, 57513,
313, 0.312, 20171, 20435, 16778, 57554,
314, 0.313, 20171, 20440, 16787, 57567,
315, 0.314, 20169, 20450, 16802, 57594,
316, 0.315, 20168, 20462, 16820, 57624,
317, 0.316, 20167, 20484, 16852, 57680,
318, 0.317, 20167, 20486, 16853, 57686,
319, 0.318, 20165, 20496, 16870, 57712,
320, 0.319, 20165, 20507, 16887, 57741,
321, 0.32, 20166, 20510, 16890, 57749,
322, 0.321, 20163, 20529, 16921, 57798,
323, 0.322, 20162, 20545, 16944, 57838,
324, 0.323, 20161, 20551, 16953, 57854,
325, 0.324, 20161, 20556, 16962, 57870,
326, 0.325, 20159, 20573, 16987, 57913,
327, 0.326, 20159, 20573, 17020, 57911,
328, 0.327, 20157, 20596, 17020, 57970,
329, 0.328, 20156, 20608, 17040, 58004,
330, 0.329, 20155, 20617, 17053, 58027,
331, 0.33, 20155, 20625, 17065, 58047,
332, 0.331, 20153, 20640, 17087, 58084,
333, 0.332, 20154, 20642, 17090, 58089,
334, 0.333, 20152, 20662, 17121, 58144,
335, 0.334, 20150, 20677, 17143, 58180,
336, 0.335, 20150, 20683, 17154, 58200,
337, 0.336, 20148, 20692, 17166, 58222,
338, 0.337, 20147, 20706, 17187, 58258,
339, 0.338, 20149, 20710, 17191, 58267,
340, 0.339, 20145, 20728, 17220, 58314,
341, 0.34, 20143, 20737, 17234, 58338,
342, 0.341, 20141, 20748, 17252, 58369,
343, 0.342, 20142, 20751, 17254, 58370,
344, 0.343, 20139, 20770, 17285, 58423,
345, 0.344, 20138, 20784, 17306, 58459,
346, 0.345, 20137, 20793, 17319, 58483,
347, 0.346, 20136, 20799, 17327, 58494,
348, 0.347, 20134, 20813, 17350, 58535,
349, 0.348, 20132, 20830, 17375, 58578,
350, 0.349, 20132, 20836, 17383, 58591,
351, 0.35, 20130, 20845, 17398, 58616,
352, 0.351, 20127, 20876, 17443, 58694,
353, 0.352, 20126, 20879, 17450, 58705,
354, 0.353, 20125, 20891, 17468, 58734,
355, 0.354, 20125, 20902, 17484, 58764,
356, 0.355, 20124, 20909, 17494, 58783,
357, 0.356, 20122, 20923, 17515, 58815,
358, 0.357, 20124, 20927, 17520, 58825,
359, 0.358, 20121, 20945, 17550, 58875,
360, 0.359, 20117, 20958, 17570, 58909,
361, 0.36, 20119, 20967, 17581, 58929,
362, 0.361, 20117, 20974, 17594, 58951,
363, 0.362, 20114, 20988, 17614, 58982,
364, 0.363, 20113, 21011, 17647, 59041,
365, 0.364, 20114, 21011, 17648, 59043,
366, 0.365, 20111, 21021, 17665, 59073,
367, 0.366, 20110, 21031, 17680, 59094,
368, 0.367, 20111, 21033, 17683, 59102,
369, 0.368, 20108, 21054, 17713, 59155,
370, 0.369, 20107, 21073, 17742, 59202,
371, 0.37, 20106, 21077, 17747, 59212,
372, 0.371, 20103, 21088, 17766, 59243,
373, 0.372, 20102, 21097, 17779, 59265,
374, 0.373, 20103, 21101, 17786, 59277,
375, 0.374, 20100, 21119, 17813, 59322,
376, 0.375, 20099, 21140, 17844, 59377,
377, 0.376, 20099, 21142, 17846, 59379,
378, 0.377, 20096, 21155, 17868, 59415,
379, 0.378, 20096, 21163, 17878, 59435,
380, 0.379, 20095, 21169, 17888, 59451,
381, 0.38, 20094, 21186, 17913, 59493,
382, 0.381, 20091, 21202, 17940, 59535,
383, 0.382, 20091, 21208, 17946, 59549,
384, 0.383, 20090, 21220, 17965, 59581,
385, 0.384, 20088, 21229, 17979, 59604,
386, 0.385, 20087, 21251, 18012, 59658,
387, 0.386, 20087, 21252, 18012, 59662,
388, 0.387, 20085, 21262, 18029, 59689,
389, 0.388, 20084, 21272, 18044, 59715,
390, 0.389, 20084, 21279, 18055, 59733,
391, 0.39, 20082, 21295, 18079, 59774,
392, 0.391, 20080, 21313, 18107, 59823,
393, 0.392, 20081, 21318, 18113, 59834,
394, 0.393, 20079, 21330, 18132, 59865,
395, 0.394, 20079, 21340, 18146, 59892,
396, 0.395, 20077, 21346, 18156, 59907,
397, 0.396, 20076, 21361, 18178, 59945,
398, 0.397, 20076, 21363, 18181, 59954,
399, 0.398, 20073, 21381, 18210, 59999,
400, 0.399, 20071, 21395, 18232, 60034,
401, 0.4, 20069, 21426, 18277, 60113,
402, 0.401, 20069, 21425, 18277, 60114,
403, 0.402, 20066, 21433, 18289, 60132,
404, 0.403, 20065, 21446, 18308, 60164,
405, 0.404, 20064, 21450, 18314, 60177,
406, 0.405, 20061, 21466, 18342, 60218,
407, 0.406, 20059, 21483, 18365, 60261,
408, 0.407, 20059, 21490, 18375, 60278,
409, 0.408, 20059, 21500, 18391, 60307,
410, 0.409, 20057, 21511, 18407, 60331,
411, 0.41, 20059, 21513, 18412, 60343,
412, 0.411, 20056, 21534, 18442, 60395,
413, 0.412, 20054, 21542, 18457, 60418,
414, 0.413, 20053, 21556, 18476, 60449,
415, 0.414, 20052, 21558, 18480, 60455,
416, 0.415, 20049, 21576, 18507, 60503,
417, 0.416, 20048, 21597, 18537, 60556,
418, 0.417, 20048, 21599, 18541, 60565,
419, 0.418, 20046, 21609, 18556, 60588,
420, 0.419, 20045, 21620, 18573, 60615,
421, 0.42, 20047, 21623, 18576, 60625,
422, 0.421, 20043, 21644, 18608, 60677,
423, 0.422, 20042, 21658, 18629, 60713,
424, 0.423, 20042, 21666, 18642, 60738,
425, 0.424, 20042, 21675, 18656, 60759,
426, 0.425, 20040, 21688, 18676, 60793,
427, 0.426, 20038, 21710, 18708, 60849,
428, 0.427, 20039, 21713, 18711, 60852,
429, 0.428, 20035, 21725, 18731, 60885,
430, 0.429, 20035, 21732, 18742, 60905,
431, 0.43, 20034, 21742, 18756, 60930,
432, 0.431, 20032, 21753, 18774, 60959,
433, 0.432, 20033, 21758, 18781, 60972,
434, 0.433, 20029, 21774, 18807, 61013,
435, 0.434, 20027, 21791, 18832, 61056,
436, 0.435, 20027, 21797, 18841, 61073,
437, 0.436, 20025, 21806, 18856, 61097,
438, 0.437, 20024, 21818, 18874, 61128,
439, 0.438, 20025, 21820, 18876, 61134,
440, 0.439, 20021, 21839, 18905, 61182,
441, 0.44, 20018, 21856, 18932, 61226,
442, 0.441, 20020, 21862, 18939, 61241,
443, 0.442, 20016, 21872, 18956, 61267,
444, 0.443, 20016, 21882, 18972, 61292,
445, 0.444, 20015, 21889, 18983, 61311,
446, 0.445, 20013, 21904, 19004, 61349,
447, 0.446, 20010, 21921, 19032, 61394,
448, 0.447, 20011, 21927, 19038, 61406,
449, 0.448, 20009, 21940, 19059, 61441,
450, 0.449, 20009, 21949, 19071, 61464,
451, 0.45, 20009, 21958, 19085, 61490,
452, 0.451, 20005, 21987, 19130, 61564,
453, 0.452, 20005, 21992, 19138, 61580,
454, 0.453, 20004, 22001, 19150, 61601,
455, 0.454, 20002, 22014, 19170, 61631,
456, 0.455, 20000, 22034, 19202, 61686,
457, 0.456, 20001, 22037, 19205, 61693,
458, 0.457, 19999, 22051, 19228, 61730,
459, 0.458, 19999, 22059, 19238, 61749,
460, 0.459, 19998, 22070, 19253, 61777,
461, 0.46, 19997, 22083, 19273, 61810,
462, 0.461, 19997, 22083, 19274, 61813,
463, 0.462, 19995, 22105, 19306, 61865,
464, 0.463, 19993, 22117, 19326, 61900,
465, 0.464, 19993, 22126, 19339, 61924,
466, 0.465, 19993, 22136, 19353, 61950,
467, 0.466, 19992, 22150, 19374, 61985,
468, 0.467, 19992, 22153, 19379, 61994,
469, 0.468, 19989, 22171, 19407, 62041,
470, 0.469, 19987, 22189, 19434, 62086,
471, 0.47, 19987, 22193, 19439, 62097,
472, 0.471, 19985, 22200, 19453, 62116,
473, 0.472, 19985, 22215, 19474, 62153,
474, 0.473, 19985, 22219, 19480, 62165,
475, 0.474, 19982, 22237, 19507, 62210,
476, 0.475, 19981, 22258, 19539, 62266,
477, 0.476, 19982, 22260, 19542, 62273,
478, 0.477, 19979, 22274, 19563, 62306,
479, 0.478, 19979, 22281, 19575, 62327,
480, 0.479, 19978, 22290, 19588, 62350,
481, 0.48, 19976, 22303, 19607, 62384,
482, 0.481, 19974, 22326, 19639, 62440,
483, 0.482, 19973, 22324, 19639, 62436,
484, 0.483, 19973, 22339, 19661, 62473,
485, 0.484, 19973, 22349, 19675, 62500,
486, 0.485, 19973, 22356, 19683, 62517,
487, 0.486, 19968, 22368, 19706, 62550,
488, 0.487, 19968, 22393, 19741, 62614,
489, 0.488, 19970, 22394, 19743, 62617,
490, 0.489, 19968, 22406, 19761, 62648,
491, 0.49, 19966, 22416, 19777, 62673,
492, 0.491, 19968, 22424, 19787, 62693,
493, 0.492, 19965, 22438, 19810, 62733,
494, 0.493, 19964, 22459, 19841, 62787,
495, 0.494, 19964, 22462, 19845, 62796,
496, 0.495, 19962, 22471, 19858, 62817,
497, 0.496, 19962, 22485, 19879, 62854,
498, 0.497, 19963, 22489, 19884, 62865,
499, 0.498, 19960, 22505, 19910, 62909,
500, 0.499, 19959, 22527, 19941, 62964,
501, 0.5, 19961, 22536, 19954, 62990,
502, 0.501, 19939, 22593, 20049, 63133,
503, 0.502, 19910, 22624, 20115, 63211,
504, 0.503, 19908, 22626, 20120, 63218,
505, 0.504, 19906, 22630, 20127, 63226,
506, 0.505, 19895, 22643, 20151, 63255,
507, 0.506, 19882, 22657, 20181, 63291,
508, 0.507, 19883, 22659, 20183, 63298,
509, 0.508, 19874, 22665, 20199, 63313,
510, 0.509, 19867, 22672, 20213, 63328,
511, 0.51, 19868, 22675, 20216, 63337,
512, 0.511, 19858, 22692, 20247, 63378,
513, 0.512, 19843, 22700, 20270, 63398,
514, 0.513, 19842, 22704, 20275, 63407,
515, 0.514, 19832, 22712, 20293, 63426,
516, 0.515, 19826, 22717, 20305, 63440,
517, 0.516, 19822, 22723, 20316, 63455,
518, 0.517, 19811, 22730, 20334, 63472,
519, 0.518, 19798, 22743, 20362, 63503,
520, 0.519, 19796, 22745, 20366, 63510,
521, 0.52, 19786, 22753, 20383, 63528,
522, 0.521, 19782, 22760, 20395, 63547,
523, 0.522, 19776, 22765, 20406, 63556,
524, 0.523, 19767, 22775, 20426, 63581,
525, 0.524, 19768, 22778, 20428, 63587,
526, 0.525, 19752, 22790, 20455, 63614,
527, 0.526, 19741, 22802, 20481, 63645,
528, 0.527, 19739, 22805, 20487, 63654,
529, 0.528, 19730, 22813, 20505, 63674,
530, 0.529, 19723, 22819, 20518, 63688,
531, 0.53, 19723, 22823, 20524, 63699,
532, 0.531, 19710, 22834, 20550, 63729,
533, 0.532, 19699, 22845, 20572, 63753,
534, 0.533, 19697, 22850, 20581, 63766,
535, 0.534, 19689, 22856, 20594, 63778,
536, 0.535, 19681, 22863, 20611, 63797,
537, 0.536, 19679, 22866, 20617, 63807,
538, 0.537, 19666, 22877, 20639, 63831,
539, 0.538, 19653, 22889, 20667, 63864,
540, 0.539, 19652, 22892, 20670, 63869,
541, 0.54, 19643, 22900, 20689, 63890,
542, 0.541, 19637, 22905, 20699, 63903,
543, 0.542, 19623, 22921, 20730, 63940,
544, 0.543, 19622, 22920, 20730, 63936,
545, 0.544, 19614, 22928, 20748, 63959,
546, 0.545, 19608, 22934, 20761, 63972,
547, 0.546, 19604, 22939, 20771, 63984,
548, 0.547, 19593, 22949, 20792, 64009,
549, 0.548, 19580, 22961, 20818, 64038,
550, 0.549, 19578, 22964, 20822, 64044,
551, 0.55, 19570, 22973, 20841, 64069,
552, 0.551, 19564, 22994, 20885, 64083,
553, 0.552, 19552, 22994, 20886, 64122,
554, 0.553, 19541, 23002, 20904, 64142,
555, 0.554, 19535, 23008, 20916, 64156,
556, 0.555, 19535, 23012, 20921, 64163,
557, 0.556, 19522, 23024, 20946, 64193,
558, 0.557, 19509, 23035, 20971, 64224,
559, 0.558, 19508, 23038, 20977, 64232,
560, 0.559, 19501, 23040, 20983, 64235,
561, 0.56, 19491, 23050, 21005, 64259,
562, 0.561, 19477, 23065, 21036, 64296,
563, 0.562, 19477, 23066, 21037, 64297,
564, 0.563, 19465, 23076, 21058, 64319,
565, 0.564, 19462, 23079, 21065, 64328,
566, 0.565, 19455, 23086, 21080, 64347,
567, 0.566, 19446, 23092, 21096, 64362,
568, 0.567, 19446, 23094, 21098, 64366,
569, 0.568, 19432, 23108, 21126, 64397,
570, 0.569, 19425, 23115, 21140, 64415,
571, 0.57, 19418, 23123, 21156, 64433,
572, 0.571, 19416, 23126, 21163, 64444,
573, 0.572, 19403, 23137, 21186, 64469,
574, 0.573, 19389, 23151, 21215, 64505,
575, 0.574, 19388, 23150, 21217, 64505,
576, 0.575, 19382, 23158, 21231, 64521,
577, 0.576, 19374, 23165, 21246, 64537,
578, 0.577, 19372, 23170, 21256, 64549,
579, 0.578, 19359, 23182, 21280, 64578,
580, 0.579, 19345, 23194, 21307, 64608,
581, 0.58, 19344, 23194, 21309, 64611,
582, 0.581, 19333, 23203, 21328, 64632,
583, 0.582, 19328, 23207, 21338, 64646,
584, 0.583, 19325, 23210, 21345, 64652,
585, 0.584, 19314, 23222, 21369, 64680,
586, 0.585, 19301, 23236, 21396, 64713,
587, 0.586, 19306, 23245, 21407, 64736,
588, 0.587, 19289, 23245, 21416, 64734,
589, 0.588, 19284, 23251, 21429, 64748,
590, 0.589, 19279, 23256, 21441, 64766,
591, 0.59, 19270, 23267, 21462, 64790,
592, 0.591, 19269, 23268, 21464, 64790,
593, 0.592, 19256, 23281, 21492, 64824,
594, 0.593, 19245, 23290, 21511, 64843,
595, 0.594, 19241, 23295, 21522, 64857,
596, 0.595, 19235, 23301, 21536, 64875,
597, 0.596, 19226, 23310, 21553, 64892,
598, 0.597, 19212, 23325, 21583, 64930,
599, 0.598, 19213, 23326, 21584, 64931,
600, 0.599, 19201, 23335, 21606, 64956,
601, 0.6, 19196, 23341, 21618, 64973,
602, 0.601, 19182, 23353, 21643, 65002,
603, 0.602, 19172, 23364, 21667, 65026,
604, 0.603, 19169, 23368, 21675, 65037,
605, 0.604, 19162, 23375, 21689, 65055,
606, 0.605, 19155, 23382, 21706, 65072,
607, 0.606, 19154, 23386, 21711, 65081,
608, 0.607, 19140, 23397, 21736, 65107,
609, 0.608, 19130, 23406, 21756, 65132,
610, 0.609, 19124, 23411, 21767, 65142,
611, 0.61, 19118, 23417, 21779, 65155,
612, 0.611, 19110, 23424, 21795, 65173,
613, 0.612, 19107, 23426, 21799, 65179,
614, 0.613, 19094, 23438, 21825, 65209,
615, 0.614, 19082, 23451, 21853, 65243,
616, 0.615, 19081, 23454, 21857, 65247,
617, 0.616, 19073, 23460, 21871, 65261,
618, 0.617, 19065, 23467, 21887, 65278,
619, 0.618, 19063, 23471, 21894, 65289,
620, 0.619, 19052, 23483, 21917, 65318,
621, 0.62, 19054, 23483, 21918, 65321,
622, 0.621, 19038, 23498, 21947, 65353,
623, 0.622, 19027, 23508, 21972, 65382,
624, 0.623, 19024, 23512, 21978, 65389,
625, 0.624, 19019, 23517, 21989, 65402,
626, 0.625, 19009, 23526, 22009, 65425,
627, 0.626, 19008, 23529, 22014, 65431,
628, 0.627, 18996, 23541, 22039, 65461,
629, 0.628, 18981, 23551, 22063, 65484,
630, 0.629, 18980, 23553, 22066, 65491,
631, 0.63, 18971, 23563, 22087, 65513,
632, 0.631, 18966, 23568, 22097, 65526,
633, 0.632, 18963, 23573, 22105, 65535,
634, 0.633, 18951, 23582, 22128, 65535,
635, 0.634, 18939, 23595, 22153, 65535,
636, 0.635, 18936, 23596, 22157, 65535,
637, 0.636, 18928, 23605, 22175, 65535,
638, 0.637, 18923, 23611, 22187, 65535,
639, 0.638, 18908, 23624, 22216, 65535,
640, 0.639, 18910, 23628, 22220, 65535,
641, 0.64, 18899, 23634, 22235, 65535,
642, 0.641, 18893, 23640, 22248, 65535,
643, 0.642, 18892, 23640, 22251, 65535,
644, 0.643, 18879, 23652, 22277, 65535,
645, 0.644, 18869, 23663, 22298, 65535,
646, 0.645, 18863, 23667, 22307, 65535,
647, 0.646, 18867, 23672, 22313, 65535,
648, 0.647, 18851, 23682, 22338, 65535,
649, 0.648, 18838, 23693, 22363, 65535,
650, 0.649, 18836, 23697, 22369, 65535,
651, 0.65, 18830, 23702, 22380, 65535,
652, 0.651, 18810, 23720, 22420, 65535,
653, 0.652, 18807, 23724, 22428, 65535,
654, 0.653, 18801, 23728, 22436, 65535,
655, 0.654, 18791, 23738, 22456, 65535,
656, 0.655, 18789, 23738, 22459, 65535,
657, 0.656, 18776, 23752, 22488, 65535,
658, 0.657, 18763, 23761, 22510, 65535,
659, 0.658, 18762, 23765, 22517, 65535,
660, 0.659, 18756, 23770, 22529, 65535,
661, 0.66, 18746, 23779, 22546, 65535,
662, 0.661, 18745, 23781, 22551, 65535,
663, 0.662, 18733, 23793, 22576, 65535,
664, 0.663, 18723, 23801, 22592, 65535,
665, 0.664, 18716, 23805, 22604, 65535,
666, 0.665, 18714, 23813, 22618, 65535,
667, 0.666, 18702, 23817, 22633, 65535,
668, 0.667, 18701, 23821, 22638, 65535,
669, 0.668, 18688, 23833, 22663, 65535,
670, 0.669, 18674, 23845, 22689, 65535,
671, 0.67, 18673, 23846, 22693, 65535,
672, 0.671, 18665, 23852, 22706, 65535,
673, 0.672, 18659, 23860, 22723, 65535,
674, 0.673, 18655, 23864, 22731, 65535,
675, 0.674, 18642, 23872, 22752, 65535,
676, 0.675, 18633, 23883, 22771, 65535,
677, 0.676, 18630, 23889, 22782, 65535,
678, 0.677, 18625, 23893, 22790, 65535,
679, 0.678, 18615, 23904, 22812, 65535,
680, 0.679, 18601, 23917, 22841, 65535,
681, 0.68, 18601, 23917, 22841, 65535,
682, 0.681, 18590, 23925, 22860, 65535,
683, 0.682, 18585, 23929, 22871, 65535,
684, 0.683, 18582, 23933, 22877, 65535,
685, 0.684, 18571, 23944, 22901, 65535,
686, 0.685, 18557, 23953, 22922, 65535,
687, 0.686, 18557, 23958, 22929, 65535,
688, 0.687, 18548, 23965, 22944, 65535,
689, 0.688, 18542, 23971, 22957, 65535,
690, 0.689, 18539, 23973, 22962, 65535,
691, 0.69, 18526, 23983, 22987, 65535,
692, 0.691, 18515, 23995, 23011, 65535,
693, 0.692, 18512, 23996, 23016, 65535,
694, 0.693, 18503, 24004, 23032, 65535,
695, 0.694, 18497, 24011, 23045, 65535,
696, 0.695, 18495, 24012, 23050, 65535,
697, 0.696, 18481, 24024, 23074, 65535,
698, 0.697, 18468, 24036, 23101, 65535,
699, 0.698, 18467, 24039, 23105, 65535,
700, 0.699, 18457, 24046, 23123, 65535,
701, 0.7, 18452, 24051, 23133, 65535,
702, 0.701, 18449, 24054, 23140, 65535,
703, 0.702, 18431, 24072, 23177, 65535,
704, 0.703, 18423, 24079, 23193, 65535,
705, 0.704, 18410, 24091, 23217, 65535,
706, 0.705, 18409, 24092, 23221, 65535,
707, 0.706, 18401, 24098, 23235, 65535,
708, 0.707, 18393, 24105, 23251, 65535,
709, 0.708, 18393, 24107, 23251, 65535,
710, 0.709, 18379, 24120, 23280, 65535,
711, 0.71, 18366, 24130, 23303, 65535,
712, 0.711, 18365, 24134, 23310, 65535,
713, 0.712, 18356, 24140, 23327, 65535,
714, 0.713, 18350, 24147, 23340, 65535,
715, 0.714, 18349, 24151, 23346, 65535,
716, 0.715, 18335, 24162, 23369, 65535,
717, 0.716, 18327, 24169, 23385, 65535,
718, 0.717, 18320, 24174, 23398, 65535,
719, 0.718, 18318, 24180, 23407, 65535,
720, 0.719, 18306, 24188, 23426, 65535,
721, 0.72, 18305, 24190, 23429, 65535,
722, 0.721, 18291, 24202, 23457, 65535,
723, 0.722, 18279, 24212, 23480, 65535,
724, 0.723, 18276, 24214, 23484, 65535,
725, 0.724, 18267, 24219, 23499, 65535,
726, 0.725, 18260, 24225, 23512, 65535,
727, 0.726, 18259, 24228, 23516, 65535,
728, 0.727, 18245, 24239, 23540, 65535,
729, 0.728, 18235, 24249, 23563, 65535,
730, 0.729, 18232, 24253, 23571, 65535,
731, 0.73, 18224, 24261, 23586, 65535,
732, 0.731, 18216, 24267, 23600, 65535,
733, 0.732, 18212, 24270, 23607, 65535,
734, 0.733, 18202, 24279, 23628, 65535,
735, 0.734, 18202, 24281, 23630, 65535,
736, 0.735, 18186, 24292, 23657, 65535,
737, 0.736, 18175, 24302, 23679, 65535,
738, 0.737, 18173, 24306, 23688, 65535,
739, 0.738, 18164, 24311, 23700, 65535,
740, 0.739, 18159, 24321, 23719, 65535,
741, 0.74, 18157, 24322, 23720, 65535,
742, 0.741, 18143, 24331, 23744, 65535,
743, 0.742, 18131, 24341, 23765, 65535,
744, 0.743, 18127, 24345, 23774, 65535,
745, 0.744, 18123, 24353, 23788, 65535,
746, 0.745, 18113, 24359, 23803, 65535,
747, 0.746, 18110, 24361, 23808, 65535,
748, 0.747, 18097, 24372, 23831, 65535,
749, 0.748, 18087, 24380, 23852, 65535,
750, 0.749, 18083, 24385, 23860, 65535,
751, 0.75, 18079, 24389, 23869, 65535,
752, 0.751, 18058, 24407, 23909, 65535,
753, 0.752, 18054, 24412, 23920, 65535,
754, 0.753, 18051, 24416, 23927, 65535,
755, 0.754, 18039, 24426, 23948, 65535,
756, 0.755, 18026, 24436, 23972, 65535,
757, 0.756, 18025, 24439, 23977, 65535,
758, 0.757, 18021, 24442, 23986, 65535,
759, 0.758, 18010, 24454, 24009, 65535,
760, 0.759, 17995, 24466, 24035, 65535,
761, 0.76, 17995, 24468, 24037, 65535,
762, 0.761, 17984, 24475, 24056, 65535,
763, 0.762, 17981, 24480, 24066, 65535,
764, 0.763, 17977, 24483, 24073, 65535,
765, 0.764, 17966, 24494, 24095, 65535,
766, 0.765, 17964, 24493, 24096, 65535,
767, 0.766, 17951, 24508, 24124, 65535,
768, 0.767, 17939, 24517, 24145, 65535,
769, 0.768, 17937, 24519, 24151, 65535,
770, 0.769, 17928, 24527, 24168, 65535,
771, 0.77, 17921, 24534, 24182, 65535,
772, 0.771, 17920, 24534, 24185, 65535,
773, 0.772, 17904, 24543, 24206, 65535,
774, 0.773, 17897, 24552, 24224, 65535,
775, 0.774, 17891, 24558, 24237, 65535,
776, 0.775, 17889, 24560, 24243, 65535,
777, 0.776, 17876, 24570, 24266, 65535,
778, 0.777, 17870, 24575, 24276, 65535,
779, 0.778, 17861, 24583, 24294, 65535,
780, 0.779, 17846, 24595, 24323, 65535,
781, 0.78, 17847, 24596, 24324, 65535,
782, 0.781, 17835, 24605, 24343, 65535,
783, 0.782, 17830, 24608, 24351, 65535,
784, 0.783, 17825, 24611, 24358, 65535,
785, 0.784, 17815, 24620, 24377, 65535,
786, 0.785, 17814, 24621, 24380, 65535,
787, 0.786, 17800, 24635, 24408, 65535,
788, 0.787, 17792, 24643, 24427, 65535,
789, 0.788, 17784, 24645, 24435, 65535,
790, 0.789, 17782, 24653, 24447, 65535,
791, 0.79, 17770, 24659, 24464, 65535,
792, 0.791, 17758, 24668, 24485, 65535,
793, 0.792, 17755, 24671, 24492, 65535,
794, 0.793, 17746, 24676, 24507, 65535,
795, 0.794, 17739, 24684, 24522, 65535,
796, 0.795, 17736, 24685, 24526, 65535,
797, 0.796, 17725, 24695, 24548, 65535,
798, 0.797, 17714, 24703, 24567, 65535,
799, 0.798, 17709, 24709, 24577, 65535,
800, 0.799, 17703, 24712, 24587, 65535,
801, 0.8, 17681, 24729, 24626, 65535,
802, 0.801, 17679, 24734, 24635, 65535,
803, 0.802, 17675, 24739, 24642, 65535,
804, 0.803, 17664, 24746, 24662, 65535,
805, 0.804, 17649, 24758, 24689, 65535,
806, 0.805, 17650, 24761, 24691, 65535,
807, 0.806, 17639, 24766, 24706, 65535,
808, 0.807, 17633, 24771, 24717, 65535,
809, 0.808, 17633, 24770, 24717, 65535,
810, 0.809, 17618, 24782, 24744, 65535,
811, 0.81, 17609, 24789, 24759, 65535,
812, 0.811, 17603, 24793, 24771, 65535,
813, 0.812, 17599, 24799, 24781, 65535,
814, 0.813, 17587, 24807, 24800, 65535,
815, 0.814, 17573, 24816, 24822, 65535,
816, 0.815, 17572, 24818, 24827, 65535,
817, 0.816, 17563, 24827, 24844, 65535,
818, 0.817, 17557, 24832, 24856, 65535,
819, 0.818, 17552, 24835, 24864, 65535,
820, 0.819, 17543, 24845, 24884, 65535,
821, 0.82, 17541, 24848, 24888, 65535,
822, 0.821, 17527, 24858, 24913, 65535,
823, 0.822, 17514, 24866, 24933, 65535,
824, 0.823, 17511, 24869, 24941, 65535,
825, 0.824, 17502, 24876, 24955, 65535,
826, 0.825, 17496, 24882, 24969, 65535,
827, 0.826, 17492, 24886, 24977, 65535,
828, 0.827, 17481, 24895, 24997, 65535,
829, 0.828, 17467, 24906, 25022, 65535,
830, 0.829, 17466, 24907, 25024, 65535,
831, 0.83, 17456, 24915, 25042, 65535,
832, 0.831, 17450, 24919, 25052, 65535,
833, 0.832, 17446, 24924, 25064, 65535,
834, 0.833, 17435, 24933, 25082, 65535,
835, 0.834, 17421, 24943, 25106, 65535,
836, 0.835, 17420, 24945, 25109, 65535,
837, 0.836, 17410, 24953, 25127, 65535,
838, 0.837, 17403, 24956, 25135, 65535,
839, 0.838, 17401, 24956, 25138, 65535,
840, 0.839, 17388, 24965, 25160, 65535,
841, 0.84, 17376, 24975, 25182, 65535,
842, 0.841, 17372, 24979, 25189, 65535,
843, 0.842, 17368, 24983, 25199, 65535,
844, 0.843, 17359, 24991, 25217, 65535,
845, 0.844, 17345, 25002, 25242, 65535,
846, 0.845, 17343, 25004, 25246, 65535,
847, 0.846, 17334, 25012, 25265, 65535,
848, 0.847, 17327, 25015, 25275, 65535,
849, 0.848, 17324, 25018, 25279, 65535,
850, 0.849, 17312, 25028, 25302, 65535,
851, 0.85, 17299, 25036, 25323, 65535,
852, 0.851, 17296, 25039, 25329, 65535,
853, 0.852, 17281, 25052, 25356, 65535,
854, 0.853, 17272, 25059, 25375, 65535,
855, 0.854, 17266, 25064, 25385, 65535,
856, 0.855, 17264, 25068, 25392, 65535,
857, 0.856, 17252, 25077, 25413, 65535,
858, 0.857, 17238, 25088, 25438, 65535,
859, 0.858, 17237, 25089, 25441, 65535,
860, 0.859, 17229, 25096, 25456, 65535,
861, 0.86, 17221, 25102, 25470, 65535,
862, 0.861, 17221, 25103, 25472, 65535,
863, 0.862, 17207, 25115, 25497, 65535,
864, 0.863, 17200, 25122, 25513, 65535,
865, 0.864, 17192, 25128, 25528, 65535,
866, 0.865, 17191, 25128, 25528, 65535,
867, 0.866, 17176, 25139, 25554, 65535,
868, 0.867, 17166, 25147, 25572, 65535,
869, 0.868, 17160, 25152, 25581, 65535,
870, 0.869, 17157, 25155, 25589, 65535,
871, 0.87, 17145, 25164, 25610, 65535,
872, 0.871, 17130, 25176, 25638, 65535,
873, 0.872, 17131, 25176, 25638, 65535,
874, 0.873, 17122, 25182, 25651, 65535,
875, 0.874, 17115, 25186, 25664, 65535,
876, 0.875, 17110, 25191, 25675, 65535,
877, 0.876, 17099, 25198, 25691, 65535,
878, 0.877, 17085, 25211, 25720, 65535,
879, 0.878, 17086, 25214, 25722, 65535,
880, 0.879, 17077, 25217, 25733, 65535,
881, 0.88, 17068, 25223, 25746, 65535,
882, 0.881, 17069, 25227, 25751, 65535,
883, 0.882, 17053, 25234, 25773, 65535,
884, 0.883, 17041, 25245, 25797, 65535,
885, 0.884, 17038, 25248, 25802, 65535,
886, 0.885, 17031, 25252, 25813, 65535,
887, 0.886, 17024, 25260, 25830, 65535,
888, 0.887, 17010, 25268, 25851, 65535,
889, 0.888, 17007, 25270, 25855, 65535,
890, 0.889, 16997, 25276, 25870, 65535,
891, 0.89, 16991, 25280, 25881, 65535,
892, 0.891, 16986, 25286, 25892, 65535,
893, 0.892, 16976, 25293, 25911, 65535,
894, 0.893, 16962, 25306, 25939, 65535,
895, 0.894, 16961, 25305, 25937, 65535,
896, 0.895, 16951, 25310, 25951, 65535,
897, 0.896, 16944, 25315, 25963, 65535,
898, 0.897, 16944, 25315, 25964, 65535,
899, 0.898, 16929, 25328, 25990, 65535,
900, 0.899, 16917, 25337, 26012, 65535,
901, 0.9, 16913, 25339, 26018, 65535,
902, 0.901, 16907, 25342, 26027, 65535,
903, 0.902, 16885, 25358, 26063, 65535,
904, 0.903, 16882, 25362, 26071, 65535,
905, 0.904, 16879, 25363, 26076, 65535,
906, 0.905, 16866, 25372, 26096, 65535,
907, 0.906, 16852, 25383, 26125, 65535,
908, 0.907, 16850, 25384, 26126, 65535,
909, 0.908, 16839, 25391, 26142, 65535,
910, 0.909, 16835, 25394, 26151, 65535,
911, 0.91, 16830, 25397, 26158, 65535,
912, 0.911, 16818, 25405, 26177, 65535,
913, 0.912, 16818, 25406, 26180, 65535,
914, 0.913, 16804, 25419, 26207, 65535,
915, 0.914, 16797, 25424, 26218, 65535,
916, 0.915, 16788, 25430, 26233, 65535,
917, 0.916, 16773, 25442, 26260, 65535,
918, 0.917, 16774, 25443, 26260, 65535,
919, 0.918, 16760, 25447, 26277, 65535,
920, 0.919, 16756, 25452, 26287, 65535,
921, 0.92, 16754, 25454, 26290, 65535,
922, 0.921, 16742, 25465, 26315, 65535,
923, 0.922, 16730, 25474, 26336, 65535,
924, 0.923, 16727, 25477, 26343, 65535,
925, 0.924, 16723, 25481, 26351, 65535,
926, 0.925, 16710, 25486, 26368, 65535,
927, 0.926, 16698, 25500, 26394, 65535,
928, 0.927, 16697, 25502, 26398, 65535,
929, 0.928, 16690, 25509, 26412, 65535,
930, 0.929, 16680, 25510, 26422, 65535,
931, 0.93, 16680, 25513, 26425, 65535,
932, 0.931, 16664, 25523, 26450, 65535,
933, 0.932, 16658, 25530, 26464, 65535,
934, 0.933, 16652, 25539, 26483, 65535,
935, 0.934, 16648, 25534, 26478, 65535,
936, 0.935, 16633, 25545, 26505, 65535,
937, 0.936, 16626, 25555, 26524, 65535,
938, 0.937, 16618, 25558, 26532, 65535,
939, 0.938, 16617, 25560, 26538, 65535,
940, 0.939, 16604, 25571, 26560, 65535,
941, 0.94, 16594, 25577, 26574, 65535,
942, 0.941, 16588, 25582, 26586, 65535,
943, 0.942, 16586, 25583, 26591, 65535,
944, 0.943, 16572, 25592, 26614, 65535,
945, 0.944, 16558, 25604, 26638, 65535,
946, 0.945, 16557, 25603, 26638, 65535,
947, 0.946, 16548, 25609, 26650, 65535,
948, 0.947, 16540, 25615, 26665, 65535,
949, 0.948, 16537, 25618, 26673, 65535,
950, 0.949, 16525, 25626, 26692, 65535,
951, 0.95, 16513, 25638, 26715, 65535,
952, 0.951, 16508, 25642, 26727, 65535,
953, 0.952, 16495, 25650, 26748, 65535,
954, 0.953, 16484, 25661, 26772, 65535,
955, 0.954, 16481, 25664, 26779, 65535,
956, 0.955, 16472, 25670, 26793, 65535,
957, 0.956, 16466, 25675, 26803, 65535,
958, 0.957, 16463, 25677, 26808, 65535,
959, 0.958, 16449, 25685, 26830, 65535,
960, 0.959, 16438, 25696, 26852, 65535,
961, 0.96, 16436, 25700, 26860, 65535,
962, 0.961, 16430, 25702, 26867, 65535,
963, 0.962, 16419, 25709, 26884, 65535,
964, 0.963, 16418, 25711, 26887, 65535,
965, 0.964, 16403, 25719, 26909, 65535,
966, 0.965, 16393, 25729, 26931, 65535,
967, 0.966, 16387, 25730, 26937, 65535,
968, 0.967, 16385, 25737, 26949, 65535,
969, 0.968, 16373, 25742, 26965, 65535,
970, 0.969, 16359, 25754, 26992, 65535,
971, 0.97, 16358, 25754, 26992, 65535,
972, 0.971, 16346, 25761, 27010, 65535,
973, 0.972, 16343, 25767, 27019, 65535,
974, 0.973, 16337, 25772, 27031, 65535,
975, 0.974, 16326, 25775, 27044, 65535,
976, 0.975, 16325, 25781, 27051, 65535,
977, 0.976, 16311, 25788, 27072, 65535,
978, 0.977, 16299, 25795, 27092, 65535,
979, 0.978, 16295, 25798, 27098, 65535,
980, 0.979, 16288, 25805, 27111, 65535,
981, 0.98, 16280, 25809, 27123, 65535,
982, 0.981, 16278, 25810, 27126, 65535,
983, 0.982, 16264, 25820, 27150, 65535,
984, 0.983, 16251, 25830, 27174, 65535,
985, 0.984, 16248, 25832, 27177, 65535,
986, 0.985, 16242, 25836, 27189, 65535,
987, 0.986, 16233, 25842, 27203, 65535,
988, 0.987, 16230, 25843, 27207, 65535,
989, 0.988, 16217, 25852, 27228, 65535,
990, 0.989, 16202, 25863, 27253, 65535,
991, 0.99, 16203, 25866, 27257, 65535,
992, 0.991, 16194, 25869, 27270, 65535,
993, 0.992, 16187, 25875, 27283, 65535,
994, 0.993, 16186, 25875, 27285, 65535,
995, 0.994, 16172, 25888, 27310, 65535,
996, 0.995, 16163, 25896, 27330, 65535,
997, 0.996, 16156, 25897, 27335, 65535,
998, 0.997, 16151, 25903, 27346, 65535,
999, 0.998, 16142, 25910, 27363, 65535,
1000, 0.999, 16141, 25911, 27366, 65535,
