1, 3449, 3192,
2, 3456, 4166,
3, 3453, 4155,
4, 3453, 4150,
5, 3452, 4145,
6, 3455, 4144,
7, 3454, 4140,
8, 3459, 4142,
9, 3460, 4142,
10, 3464, 4142,
11, 3468, 4144,
12, 3469, 4145,
13, 3473, 4146,
14, 3475, 4148,
15, 3477, 4149,
16, 3481, 4149,
17, 3486, 4154,
18, 3487, 4154,
19, 3490, 4156,
20, 3492, 4157,
21, 3494, 4158,
22, 3498, 4161,
23, 3505, 4163,
24, 3505, 4165,
25, 3509, 4166,
26, 3511, 4168,
27, 3514, 4168,
28, 3517, 4169,
29, 3523, 4172,
30, 3523, 4174,
31, 3526, 4176,
32, 3529, 4178,
33, 3531, 4177,
34, 3536, 4182,
35, 3541, 4172,
36, 3542, 4184,
37, 3546, 4185,
38, 3548, 4187,
39, 3551, 4190,
40, 3554, 4191,
41, 3555, 4193,
42, 3560, 4197,
43, 3566, 4199,
44, 3567, 4200,
45, 3570, 4201,
46, 3573, 4203,
47, 3575, 4205,
48, 3579, 4207,
49, 3579, 4207,
50, 3585, 4211,
51, 3588, 4213,
52, 3597, 4219,
53, 3598, 4219,
54, 3601, 4220,
55, 3604, 4223,
56, 3605, 4222,
57, 3610, 4227,
58, 3616, 4230,
59, 3616, 4231,
60, 3620, 4233,
61, 3623, 4235,
62, 3628, 4239,
63, 3629, 4237,
64, 3632, 4240,
65, 3635, 4240,
66, 3636, 4242,
67, 3641, 4244,
68, 3646, 4249,
69, 3647, 4248,
70, 3650, 4250,
71, 3654, 4252,
72, 3654, 4253,
73, 3660, 4256,
74, 3665, 4259,
75, 3666, 4260,
76, 3667, 4260,
77, 3672, 4265,
78, 3677, 4266,
79, 3679, 4268,
80, 3680, 4270,
81, 3685, 4273,
82, 3691, 4275,
83, 3691, 4276,
84, 3694, 4279,
85, 3697, 4280,
86, 3703, 4284,
87, 3703, 4282,
88, 3707, 4285,
89, 3710, 4288,
90, 3711, 4289,
91, 3716, 4292,
92, 3720, 4295,
93, 3722, 4296,
94, 3728, 4299,
95, 3729, 4300,
96, 3729, 4299,
97, 3735, 4304,
98, 3739, 4307,
99, 3741, 4306,
100, 3742, 4308,
101, 3750, 4312,
102, 3753, 4315,
103, 3758, 4317,
104, 3760, 4319,
105, 3761, 4319,
106, 3766, 4322,
107, 3771, 4326,
108, 3773, 4327,
109, 3776, 4330,
110, 3779, 4330,
111, 3780, 4331,
112, 3785, 4335,
113, 3791, 4339,
114, 3791, 4338,
115, 3794, 4341,
116, 3798, 4342,
117, 3798, 4342,
118, 3804, 4345,
119, 3808, 4348,
120, 3810, 4351,
121, 3813, 4352,
122, 3817, 4354,
123, 3817, 4355,
124, 3822, 4359,
125, 3828, 4362,
126, 3829, 4362,
127, 3832, 4364,
128, 3835, 4366,
129, 3835, 4365,
130, 3841, 4370,
131, 3845, 4372,
132, 3848, 4373,
133, 3850, 4376,
134, 3854, 4378,
135, 3860, 4381,
136, 3860, 4382,
137, 3864, 4384,
138, 3866, 4386,
139, 3868, 4387,
140, 3873, 4390,
141, 3876, 4392,
142, 3879, 4394,
143, 3879, 4394,
144, 3885, 4396,
145, 3890, 4400,
146, 3892, 4401,
147, 3895, 4404,
148, 3898, 4405,
149, 3900, 4407,
150, 3904, 4411,
151, 3910, 4414,
152, 3912, 4414,
153, 3917, 4419,
154, 3917, 4417,
155, 3923, 4422,
156, 3928, 4424,
157, 3929, 4425,
158, 3931, 4427,
159, 3936, 4430,
160, 3936, 4431,
161, 3941, 4434,
162, 3947, 4435,
163, 3948, 4438,
164, 3951, 4439,
165, 3954, 4442,
166, 3954, 4442,
167, 3960, 4446,
168, 3965, 4448,
169, 3967, 4448,
170, 3969, 4450,
171, 3973, 4453,
172, 3974, 4454,
173, 3979, 4457,
174, 3985, 4461,
175, 3986, 4461,
176, 3988, 4462,
177, 3992, 4466,
178, 3993, 4466,
179, 3999, 4469,
180, 4004, 4473,
181, 4005, 4475,
182, 4007, 4475,
183, 4011, 4477,
184, 4012, 4479,
185, 4017, 4482,
186, 4022, 4484,
187, 4023, 4485,
188, 4026, 4487,
189, 4030, 4490,
190, 4036, 4495,
191, 4036, 4493,
192, 4040, 4497,
193, 4042, 4498,
194, 4045, 4499,
195, 4049, 4503,
196, 4049, 4502,
197, 4055, 4507,
198, 4059, 4507,
199, 4061, 4511,
200, 4062, 4511,
201, 4071, 4517,
202, 4074, 4519,
203, 4075, 4520,
204, 4080, 4523,
205, 4083, 4525,
206, 4086, 4528,
207, 4088, 4528,
208, 4092, 4531,
209, 4098, 4536,
210, 4099, 4535,
211, 4103, 4537,
212, 4105, 4539,
213, 4108, 4540,
214, 4112, 4544,
215, 4117, 4547,
216, 4118, 4546,
217, 4121, 4550,
218, 4124, 4551,
219, 4125, 4551,
220, 4130, 4555,
221, 4136, 4557,
222, 4137, 4559,
223, 4139, 4561,
224, 4143, 4563,
225, 4145, 4564,
226, 4149, 4567,
227, 4149, 4567,
228, 4156, 4571,
229, 4158, 4572,
230, 4162, 4575,
231, 4162, 4575,
232, 4168, 4578,
233, 4173, 4582,
234, 4174, 4583,
235, 4178, 4585,
236, 4181, 4586,
237, 4182, 4588,
238, 4187, 4591,
239, 4193, 4594,
240, 4194, 4594,
241, 4196, 4595,
242, 4200, 4598,
243, 4206, 4602,
244, 4206, 4602,
245, 4210, 4605,
246, 4212, 4608,
247, 4214, 4608,
248, 4219, 4610,
249, 4219, 4610,
250, 4225, 4615,
251, 4229, 4618,
252, 4237, 4622,
253, 4237, 4622,
254, 4241, 4625,
255, 4244, 4626,
256, 4245, 4628,
257, 4250, 4629,
258, 4255, 4634,
259, 4256, 4634,
260, 4258, 4636,
261, 4262, 4638,
262, 4268, 4642,
263, 4269, 4642,
264, 4273, 4644,
265, 4275, 4646,
266, 4277, 4647,
267, 4282, 4650,
268, 4288, 4654,
269, 4288, 4654,
270, 4292, 4657,
271, 4294, 4658,
272, 4296, 4659,
273, 4301, 4663,
274, 4306, 4667,
275, 4307, 4668,
276, 4311, 4669,
277, 4313, 4671,
278, 4315, 4672,
279, 4319, 4674,
280, 4320, 4674,
281, 4325, 4677,
282, 4328, 4681,
283, 4332, 4683,
284, 4333, 4684,
285, 4338, 4687,
286, 4344, 4689,
287, 4344, 4691,
288, 4348, 4693,
289, 4350, 4694,
290, 4352, 4693,
291, 4358, 4698,
292, 4363, 4701,
293, 4363, 4701,
294, 4367, 4704,
295, 4370, 4705,
296, 4372, 4707,
297, 4376, 4710,
298, 4382, 4714,
299, 4382, 4714,
300, 4386, 4715,
301, 4395, 4722,
302, 4395, 4723,
303, 4398, 4722,
304, 4401, 4727,
305, 4401, 4725,
306, 4408, 4730,
307, 4412, 4733,
308, 4415, 4733,
309, 4415, 4734,
310, 4421, 4738,
311, 4426, 4741,
312, 4427, 4741,
313, 4431, 4744,
314, 4433, 4746,
315, 4434, 4745,
316, 4440, 4748,
317, 4445, 4753,
318, 4446, 4752,
319, 4450, 4755,
320, 4452, 4757,
321, 4453, 4759,
322, 4459, 4761,
323, 4465, 4764,
324, 4465, 4765,
325, 4469, 4765,
326, 4471, 4770,
327, 4473, 4770,
328, 4478, 4771,
329, 4483, 4776,
330, 4484, 4777,
331, 4487, 4778,
332, 4490, 4781,
333, 4491, 4781,
334, 4497, 4784,
335, 4503, 4789,
336, 4503, 4788,
337, 4506, 4792,
338, 4509, 4792,
339, 4512, 4794,
340, 4516, 4797,
341, 4517, 4796,
342, 4522, 4800,
343, 4527, 4804,
344, 4528, 4803,
345, 4532, 4806,
346, 4535, 4809,
347, 4537, 4809,
348, 4542, 4812,
349, 4542, 4813,
350, 4548, 4816,
351, 4552, 4818,
352, 4560, 4824,
353, 4561, 4824,
354, 4565, 4824,
355, 4567, 4828,
356, 4569, 4830,
357, 4574, 4831,
358, 4574, 4834,
359, 4580, 4836,
360, 4584, 4840,
361, 4586, 4840,
362, 4589, 4842,
363, 4592, 4844,
364, 4594, 4845,
365, 4599, 4848,
366, 4605, 4851,
367, 4605, 4852,
368, 4608, 4854,
369, 4611, 4856,
370, 4612, 4858,
371, 4617, 4860,
372, 4622, 4862,
373, 4624, 4864,
374, 4626, 4866,
375, 4630, 4868,
376, 4631, 4868,
377, 4637, 4870,
378, 4641, 4874,
379, 4643, 4876,
380, 4644, 4878,
381, 4649, 4879,
382, 4653, 4882,
383, 4656, 4884,
384, 4657, 4885,
385, 4662, 4888,
386, 4667, 4892,
387, 4668, 4892,
388, 4671, 4894,
389, 4675, 4895,
390, 4679, 4898,
391, 4681, 4900,
392, 4684, 4902,
393, 4688, 4903,
394, 4687, 4904,
395, 4693, 4908,
396, 4698, 4911,
397, 4700, 4913,
398, 4702, 4912,
399, 4706, 4916,
400, 4707, 4915,
401, 4715, 4920,
402, 4719, 4924,
403, 4726, 4926,
404, 4725, 4927,
405, 4730, 4930,
406, 4731, 4931,
407, 4734, 4934,
408, 4737, 4936,
409, 4738, 4936,
410, 4744, 4939,
411, 4748, 4943,
412, 4750, 4943,
413, 4753, 4944,
414, 4757, 4947,
415, 4763, 4952,
416, 4763, 4951,
417, 4767, 4953,
418, 4770, 4957,
419, 4771, 4957,
420, 4776, 4960,
421, 4782, 4963,
422, 4782, 4963,
423, 4784, 4965,
424, 4789, 4968,
425, 4789, 4968,
426, 4795, 4971,
427, 4799, 4974,
428, 4802, 4976,
429, 4802, 4975,
430, 4807, 4980,
431, 4812, 4982,
432, 4814, 4983,
433, 4816, 4983,
434, 4821, 4987,
435, 4827, 4991,
436, 4827, 4991,
437, 4829, 4992,
438, 4833, 4995,
439, 4839, 4998,
440, 4839, 4999,
441, 4841, 5000,
442, 4846, 5002,
443, 4852, 5006,
444, 4852, 5007,
445, 4856, 5010,
446, 4859, 5011,
447, 4861, 5013,
448, 4866, 5014,
449, 4872, 5017,
450, 4872, 5018,
451, 4877, 5021,
452, 4879, 5023,
453, 4884, 5027,
454, 4889, 5029,
455, 4890, 5030,
456, 4894, 5033,
457, 4897, 5035,
458, 4899, 5036,
459, 4903, 5039,
460, 4903, 5038,
461, 4909, 5043,
462, 4914, 5044,
463, 4915, 5044,
464, 4916, 5046,
465, 4922, 5049,
466, 4928, 5053,
467, 4929, 5054,
468, 4932, 5056,
469, 4935, 5058,
470, 4941, 5049,
471, 4942, 5064,
472, 4947, 5065,
473, 4948, 5065,
474, 4952, 5068,
475, 4955, 5069,
476, 4956, 5071,
477, 4962, 5074,
478, 4967, 5077,
479, 4967, 5077,
480, 4971, 5079,
481, 4975, 5082,
482, 4976, 5083,
483, 4981, 5086,
484, 4987, 5089,
485, 4988, 5091,
486, 4989, 5091,
487, 4994, 5094,
488, 5001, 5099,
489, 5001, 5098,
490, 5005, 5099,
491, 5007, 5101,
492, 5009, 5103,
493, 5013, 5105,
494, 5014, 5106,
495, 5020, 5109,
496, 5024, 5112,
497, 5026, 5113,
498, 5027, 5114,
499, 5033, 5116,
500, 5039, 5121,
501, 5044, 5123,
502, 5066, 5133,
503, 5072, 5134,
504, 5080, 5137,
505, 5086, 5138,
506, 5089, 5139,
507, 5089, 5139,
508, 5097, 5140,
509, 5102, 5141,
510, 5105, 5142,
511, 5107, 5143,
512, 5114, 5144,
513, 5114, 5145,
514, 5122, 5147,
515, 5127, 5149,
516, 5130, 5150,
517, 5134, 5149,
518, 5139, 5150,
519, 5139, 5150,
520, 5148, 5153,
521, 5153, 5154,
522, 5155, 5155,
523, 5159, 5156,
524, 5164, 5156,
525, 5172, 5158,
526, 5172, 5158,
527, 5177, 5159,
528, 5181, 5160,
529, 5182, 5161,
530, 5189, 5163,
531, 5197, 5163,
532, 5197, 5164,
533, 5202, 5166,
534, 5206, 5166,
535, 5208, 5166,
536, 5214, 5169,
537, 5223, 5169,
538, 5223, 5169,
539, 5228, 5172,
540, 5232, 5172,
541, 5234, 5172,
542, 5240, 5174,
543, 5248, 5175,
544, 5249, 5175,
545, 5253, 5177,
546, 5258, 5177,
547, 5259, 5179,
548, 5266, 5178,
549, 5274, 5181,
550, 5274, 5181,
551, 5280, 5184,
552, 5283, 5184,
553, 5291, 5185,
554, 5298, 5188,
555, 5300, 5188,
556, 5305, 5189,
557, 5309, 5189,
558, 5309, 5189,
559, 5317, 5191,
560, 5325, 5192,
561, 5326, 5194,
562, 5330, 5195,
563, 5335, 5194,
564, 5336, 5196,
565, 5344, 5196,
566, 5349, 5197,
567, 5352, 5197,
568, 5356, 5200,
569, 5361, 5202,
570, 5363, 5200,
571, 5370, 5202,
572, 5375, 5204,
573, 5378, 5205,
574, 5382, 5205,
575, 5387, 5206,
576, 5388, 5207,
577, 5396, 5208,
578, 5404, 5210,
579, 5404, 5211,
580, 5410, 5212,
581, 5413, 5212,
582, 5417, 5213,
583, 5421, 5215,
584, 5430, 5217,
585, 5430, 5217,
586, 5435, 5217,
587, 5440, 5219,
588, 5441, 5218,
589, 5448, 5219,
590, 5457, 5221,
591, 5457, 5222,
592, 5463, 5222,
593, 5466, 5223,
594, 5470, 5224,
595, 5475, 5224,
596, 5477, 5226,
597, 5483, 5227,
598, 5492, 5228,
599, 5492, 5229,
600, 5497, 5231,
601, 5509, 5234,
602, 5510, 5233,
603, 5514, 5234,
604, 5519, 5235,
605, 5520, 5234,
606, 5528, 5237,
607, 5534, 5237,
608, 5537, 5238,
609, 5540, 5239,
610, 5545, 5240,
611, 5546, 5240,
612, 5554, 5242,
613, 5561, 5242,
614, 5563, 5244,
615, 5568, 5243,
616, 5573, 5245,
617, 5574, 5247,
618, 5582, 5247,
619, 5589, 5249,
620, 5590, 5249,
621, 5594, 5249,
622, 5599, 5250,
623, 5600, 5251,
624, 5608, 5252,
625, 5615, 5254,
626, 5617, 5255,
627, 5623, 5256,
628, 5626, 5257,
629, 5628, 5257,
630, 5635, 5258,
631, 5644, 5260,
632, 5644, 5259,
633, 5649, 5261,
634, 5653, 5262,
635, 5662, 5264,
636, 5663, 5264,
637, 5666, 5265,
638, 5672, 5266,
639, 5680, 5268,
640, 5681, 5268,
641, 5687, 5267,
642, 5690, 5269,
643, 5692, 5269,
644, 5699, 5270,
645, 5708, 5271,
646, 5708, 5273,
647, 5714, 5273,
648, 5717, 5274,
649, 5721, 5275,
650, 5726, 5276,
651, 5727, 5275,
652, 5740, 5278,
653, 5744, 5279,
654, 5747, 5280,
655, 5754, 5280,
656, 5761, 5283,
657, 5763, 5283,
658, 5766, 5283,
659, 5772, 5284,
660, 5781, 5284,
661, 5781, 5285,
662, 5786, 5287,
663, 5791, 5288,
664, 5791, 5287,
665, 5800, 5289,
666, 5807, 5290,
667, 5809, 5291,
668, 5813, 5293,
669, 5819, 5293,
670, 5821, 5293,
671, 5828, 5293,
672, 5833, 5294,
673, 5837, 5296,
674, 5844, 5297,
675, 5847, 5299,
676, 5851, 5298,
677, 5855, 5299,
678, 5858, 5300,
679, 5865, 5301,
680, 5874, 5304,
681, 5874, 5304,
682, 5878, 5305,
683, 5883, 5305,
684, 5893, 5307,
685, 5892, 5309,
686, 5900, 5310,
687, 5902, 5309,
688, 5906, 5309,
689, 5911, 5310,
690, 5912, 5311,
691, 5921, 5311,
692, 5928, 5312,
693, 5930, 5314,
694, 5932, 5313,
695, 5940, 5314,
696, 5945, 5316,
697, 5949, 5317,
698, 5952, 5317,
699, 5959, 5318,
700, 5959, 5318,
701, 5968, 5321,
702, 5976, 5322,
703, 5978, 5321,
704, 5988, 5323,
705, 5994, 5323,
706, 5997, 5325,
707, 6000, 5326,
708, 6006, 5327,
709, 6007, 5327,
710, 6015, 5329,
711, 6024, 5330,
712, 6026, 5329,
713, 6029, 5331,
714, 6035, 5332,
715, 6042, 5333,
716, 6044, 5334,
717, 6050, 5333,
718, 6054, 5335,
719, 6057, 5335,
720, 6063, 5336,
721, 6072, 5338,
722, 6073, 5338,
723, 6077, 5339,
724, 6083, 5340,
725, 6085, 5341,
726, 6092, 5340,
727, 6101, 5342,
728, 6102, 5344,
729, 6107, 5344,
730, 6112, 5344,
731, 6112, 5345,
732, 6121, 5346,
733, 6128, 5348,
734, 6131, 5347,
735, 6136, 5350,
736, 6141, 5349,
737, 6143, 5351,
738, 6150, 5352,
739, 6158, 5353,
740, 6161, 5354,
741, 6165, 5352,
742, 6170, 5355,
743, 6170, 5356,
744, 6180, 5357,
745, 6186, 5358,
746, 6189, 5358,
747, 6193, 5359,
748, 6199, 5359,
749, 6200, 5361,
750, 6209, 5361,
751, 6217, 5363,
752, 6222, 5362,
753, 6228, 5365,
754, 6228, 5364,
755, 6238, 5366,
756, 6246, 5366,
757, 6249, 5367,
758, 6254, 5368,
759, 6257, 5370,
760, 6259, 5368,
761, 6267, 5370,
762, 6277, 5372,
763, 6278, 5371,
764, 6282, 5372,
765, 6288, 5372,
766, 6290, 5374,
767, 6298, 5375,
768, 6298, 5375,
769, 6307, 5377,
770, 6314, 5378,
771, 6317, 5379,
772, 6321, 5379,
773, 6327, 5379,
774, 6329, 5378,
775, 6337, 5381,
776, 6346, 5383,
777, 6347, 5383,
778, 6354, 5383,
779, 6357, 5385,
780, 6362, 5383,
781, 6368, 5385,
782, 6369, 5386,
783, 6378, 5387,
784, 6384, 5388,
785, 6387, 5388,
786, 6391, 5389,
787, 6398, 5390,
788, 6407, 5391,
789, 6407, 5392,
790, 6415, 5391,
791, 6417, 5393,
792, 6420, 5394,
793, 6428, 5393,
794, 6436, 5397,
795, 6438, 5396,
796, 6444, 5396,
797, 6448, 5397,
798, 6451, 5397,
799, 6458, 5399,
800, 6467, 5400,
801, 6470, 5400,
802, 6479, 5401,
803, 6485, 5403,
804, 6489, 5403,
805, 6493, 5403,
806, 6499, 5406,
807, 6508, 5407,
808, 6510, 5407,
809, 6516, 5407,
810, 6519, 5407,
811, 6523, 5407,
812, 6530, 5409,
813, 6531, 5409,
814, 6541, 5412,
815, 6549, 5412,
816, 6551, 5413,
817, 6557, 5412,
818, 6561, 5413,
819, 6563, 5414,
820, 6571, 5417,
821, 6579, 5418,
822, 6582, 5417,
823, 6586, 5417,
824, 6592, 5418,
825, 6595, 5418,
826, 6602, 5420,
827, 6611, 5420,
828, 6613, 5421,
829, 6618, 5421,
830, 6623, 5424,
831, 6634, 5424,
832, 6634, 5424,
833, 6640, 5426,
834, 6644, 5426,
835, 6646, 5425,
836, 6654, 5428,
837, 6663, 5429,
838, 6666, 5428,
839, 6670, 5429,
840, 6676, 5430,
841, 6678, 5431,
842, 6687, 5432,
843, 6696, 5433,
844, 6697, 5434,
845, 6702, 5433,
846, 6707, 5434,
847, 6710, 5436,
848, 6718, 5437,
849, 6728, 5438,
850, 6728, 5438,
851, 6736, 5438,
852, 6741, 5439,
853, 6749, 5439,
854, 6759, 5441,
855, 6761, 5440,
856, 6767, 5443,
857, 6771, 5443,
858, 6773, 5443,
859, 6781, 5445,
860, 6790, 5446,
861, 6792, 5446,
862, 6794, 5448,
863, 6803, 5448,
864, 6812, 5449,
865, 6814, 5450,
866, 6817, 5450,
867, 6825, 5449,
868, 6826, 5449,
869, 6835, 5451,
870, 6844, 5452,
871, 6846, 5454,
872, 6853, 5453,
873, 6856, 5454,
874, 6860, 5454,
875, 6868, 5455,
876, 6868, 5456,
877, 6878, 5458,
878, 6886, 5457,
879, 6889, 5457,
880, 6891, 5458,
881, 6900, 5458,
882, 6906, 5451,
883, 6912, 5461,
884, 6917, 5461,
885, 6923, 5462,
886, 6923, 5463,
887, 6932, 5463,
888, 6943, 5465,
889, 6944, 5464,
890, 6950, 5465,
891, 6955, 5465,
892, 6958, 5468,
893, 6966, 5467,
894, 6975, 5468,
895, 6977, 5468,
896, 6981, 5468,
897, 6988, 5468,
898, 6987, 5470,
899, 6998, 5470,
900, 7006, 5472,
901, 7010, 5473,
902, 7015, 5473,
903, 7030, 5475,
904, 7031, 5475,
905, 7039, 5476,
906, 7042, 5476,
907, 7047, 5477,
908, 7054, 5477,
909, 7054, 5478,
910, 7064, 5480,
911, 7068, 5480,
912, 7076, 5479,
913, 7083, 5481,
914, 7088, 5481,
915, 7092, 5482,
916, 7099, 5482,
917, 7098, 5483,
918, 7109, 5485,
919, 7116, 5485,
920, 7120, 5485,
921, 7124, 5487,
922, 7132, 5486,
923, 7132, 5487,
924, 7144, 5488,
925, 7153, 5489,
926, 7155, 5488,
927, 7159, 5489,
928, 7166, 5492,
929, 7177, 5492,
930, 7177, 5491,
931, 7185, 5492,
932, 7188, 5493,
933, 7192, 5493,
934, 7200, 5495,
935, 7210, 5495,
936, 7211, 5495,
937, 7215, 5495,
938, 7223, 5496,
939, 7223, 5497,
940, 7234, 5498,
941, 7242, 5498,
942, 7245, 5499,
943, 7250, 5500,
944, 7257, 5499,
945, 7258, 5501,
946, 7268, 5502,
947, 7278, 5504,
948, 7280, 5503,
949, 7287, 5503,
950, 7291, 5504,
951, 7295, 5504,
952, 7312, 5506,
953, 7314, 5507,
954, 7318, 5507,
955, 7326, 5508,
956, 7327, 5508,
957, 7337, 5508,
958, 7347, 5511,
959, 7350, 5511,
960, 7354, 5512,
961, 7360, 5513,
962, 7363, 5512,
963, 7372, 5512,
964, 7382, 5516,
965, 7383, 5516,
966, 7390, 5515,
967, 7396, 5516,
968, 7397, 5516,
969, 7407, 5516,
970, 7418, 5518,
971, 7419, 5519,
972, 7426, 5518,
973, 7431, 5519,
974, 7435, 5519,
975, 7442, 5520,
976, 7444, 5520,
977, 7454, 5522,
978, 7461, 5523,
979, 7466, 5522,
980, 7470, 5522,
981, 7477, 5523,
982, 7477, 5523,
983, 7490, 5525,
984, 7499, 5525,
985, 7500, 5528,
986, 7505, 5527,
987, 7512, 5527,
988, 7524, 5529,
989, 7524, 5530,
990, 7525, 5529,
991, 7537, 5530,
992, 7547, 5530,
993, 7548, 5530,
994, 7554, 5531,
995, 7560, 5531,
996, 7561, 5531,
997, 7571, 5532,
998, 7581, 5534,
999, 7583, 5535,
1000, 7588, 5534,
