1, 3610, 716,
2, 3616, 4468,
3, 3614, 4465,
4, 3615, 4463,
5, 3614, 4444,
6, 3615, 4444,
7, 3617, 4449,
8, 3622, 4453,
9, 3622, 4442,
10, 3626, 4445,
11, 3627, 4449,
12, 3629, 4446,
13, 3633, 4447,
14, 3634, 4451,
15, 3640, 4453,
16, 3644, 4452,
17, 3646, 4453,
18, 3647, 4457,
19, 3653, 4457,
20, 3658, 4459,
21, 3659, 4462,
22, 3663, 4464,
23, 3666, 4462,
24, 3668, 4466,
25, 3673, 4468,
26, 3673, 4466,
27, 3679, 4469,
28, 3685, 4474,
29, 3686, 4475,
30, 3687, 4472,
31, 3692, 4477,
32, 3698, 4480,
33, 3699, 4480,
34, 3702, 4481,
35, 3706, 4484,
36, 3707, 4484,
37, 3713, 4487,
38, 3718, 4491,
39, 3719, 4491,
40, 3723, 4492,
41, 3726, 4495,
42, 3728, 4496,
43, 3733, 4498,
44, 3733, 4499,
45, 3739, 4503,
46, 3744, 4506,
47, 3746, 4506,
48, 3749, 4509,
49, 3753, 4510,
50, 3759, 4514,
51, 3762, 4517,
52, 3767, 4519,
53, 3773, 4521,
54, 3773, 4523,
55, 3778, 4526,
56, 3779, 4527,
57, 3780, 4527,
58, 3786, 4531,
59, 3790, 4533,
60, 3793, 4534,
61, 3793, 4534,
62, 3799, 4539,
63, 3802, 4540,
64, 3807, 4541,
65, 3807, 4542,
66, 3813, 4545,
67, 3819, 4549,
68, 3820, 4550,
69, 3822, 4551,
70, 3826, 4553,
71, 3828, 4555,
72, 3834, 4558,
73, 3839, 4561,
74, 3840, 4561,
75, 3844, 4563,
76, 3847, 4564,
77, 3847, 4565,
78, 3854, 4568,
79, 3859, 4571,
80, 3860, 4572,
81, 3862, 4573,
82, 3867, 4576,
83, 3867, 4575,
84, 3874, 4579,
85, 3878, 4582,
86, 3881, 4583,
87, 3882, 4585,
88, 3887, 4588,
89, 3894, 4592,
90, 3894, 4592,
91, 3897, 4594,
92, 3901, 4596,
93, 3901, 4597,
94, 3907, 4600,
95, 3912, 4603,
96, 3914, 4603,
97, 3917, 4607,
98, 3921, 4607,
99, 3922, 4609,
100, 3931, 4614,
101, 3935, 4616,
102, 3936, 4617,
103, 3941, 4621,
104, 3947, 4623,
105, 3948, 4624,
106, 3949, 4625,
107, 3955, 4629,
108, 3961, 4632,
109, 3961, 4633,
110, 3966, 4636,
111, 3968, 4637,
112, 3970, 4637,
113, 3975, 4640,
114, 3975, 4641,
115, 3981, 4644,
116, 3987, 4648,
117, 3988, 4650,
118, 3991, 4652,
119, 3995, 4653,
120, 3997, 4652,
121, 4001, 4656,
122, 4008, 4660,
123, 4008, 4661,
124, 4013, 4663,
125, 4015, 4664,
126, 4016, 4665,
127, 4022, 4668,
128, 4028, 4672,
129, 4029, 4672,
130, 4033, 4675,
131, 4036, 4676,
132, 4037, 4678,
133, 4042, 4680,
134, 4048, 4683,
135, 4049, 4683,
136, 4053, 4686,
137, 4056, 4687,
138, 4058, 4688,
139, 4062, 4691,
140, 4064, 4692,
141, 4069, 4694,
142, 4073, 4697,
143, 4076, 4700,
144, 4081, 4701,
145, 4082, 4704,
146, 4085, 4705,
147, 4090, 4707,
148, 4090, 4708,
149, 4096, 4710,
150, 4102, 4713,
151, 4104, 4716,
152, 4110, 4718,
153, 4115, 4722,
154, 4116, 4722,
155, 4121, 4725,
156, 4123, 4726,
157, 4126, 4729,
158, 4130, 4732,
159, 4130, 4731,
160, 4136, 4736,
161, 4142, 4738,
162, 4143, 4740,
163, 4147, 4741,
164, 4150, 4742,
165, 4152, 4745,
166, 4157, 4748,
167, 4163, 4751,
168, 4163, 4752,
169, 4167, 4756,
170, 4170, 4757,
171, 4172, 4758,
172, 4177, 4760,
173, 4178, 4761,
174, 4183, 4765,
175, 4189, 4768,
176, 4190, 4769,
177, 4193, 4771,
178, 4197, 4773,
179, 4198, 4775,
180, 4203, 4777,
181, 4204, 4777,
182, 4210, 4782,
183, 4215, 4785,
184, 4217, 4785,
185, 4220, 4789,
186, 4223, 4789,
187, 4225, 4791,
188, 4230, 4794,
189, 4230, 4794,
190, 4237, 4797,
191, 4241, 4800,
192, 4244, 4801,
193, 4246, 4803,
194, 4250, 4806,
195, 4250, 4805,
196, 4257, 4810,
197, 4261, 4812,
198, 4263, 4814,
199, 4266, 4815,
200, 4275, 4820,
201, 4277, 4823,
202, 4280, 4825,
203, 4283, 4825,
204, 4284, 4827,
205, 4290, 4832,
206, 4294, 4833,
207, 4297, 4834,
208, 4297, 4835,
209, 4304, 4838,
210, 4309, 4840,
211, 4310, 4842,
212, 4314, 4845,
213, 4317, 4845,
214, 4319, 4847,
215, 4324, 4850,
216, 4324, 4850,
217, 4330, 4854,
218, 4336, 4857,
219, 4337, 4858,
220, 4341, 4858,
221, 4343, 4862,
222, 4344, 4861,
223, 4351, 4865,
224, 4356, 4868,
225, 4357, 4870,
226, 4361, 4871,
227, 4364, 4873,
228, 4365, 4875,
229, 4370, 4879,
230, 4377, 4882,
231, 4377, 4882,
232, 4380, 4884,
233, 4384, 4886,
234, 4385, 4886,
235, 4390, 4890,
236, 4397, 4894,
237, 4398, 4894,
238, 4401, 4896,
239, 4404, 4897,
240, 4407, 4900,
241, 4411, 4901,
242, 4417, 4905,
243, 4417, 4906,
244, 4422, 4908,
245, 4424, 4910,
246, 4427, 4911,
247, 4431, 4913,
248, 4437, 4918,
249, 4437, 4919,
250, 4441, 4920,
251, 4449, 4925,
252, 4451, 4928,
253, 4454, 4930,
254, 4458, 4931,
255, 4464, 4935,
256, 4465, 4935,
257, 4469, 4939,
258, 4472, 4940,
259, 4474, 4940,
260, 4478, 4944,
261, 4479, 4943,
262, 4485, 4946,
263, 4490, 4951,
264, 4492, 4951,
265, 4495, 4954,
266, 4498, 4955,
267, 4500, 4958,
268, 4505, 4960,
269, 4505, 4959,
270, 4512, 4962,
271, 4517, 4965,
272, 4519, 4966,
273, 4522, 4968,
274, 4525, 4969,
275, 4532, 4974,
276, 4532, 4974,
277, 4536, 4978,
278, 4539, 4979,
279, 4539, 4979,
280, 4546, 4982,
281, 4551, 4985,
282, 4553, 4988,
283, 4556, 4988,
284, 4559, 4990,
285, 4560, 4990,
286, 4566, 4994,
287, 4572, 4998,
288, 4572, 4998,
289, 4576, 5000,
290, 4579, 5002,
291, 4581, 5004,
292, 4586, 5005,
293, 4593, 5009,
294, 4593, 5010,
295, 4597, 5012,
296, 4600, 5014,
297, 4603, 5016,
298, 4607, 5017,
299, 4608, 5019,
300, 4617, 5025,
301, 4620, 5026,
302, 4625, 5029,
303, 4626, 5031,
304, 4629, 5032,
305, 4633, 5035,
306, 4633, 5034,
307, 4640, 5039,
308, 4646, 5040,
309, 4647, 5043,
310, 4650, 5044,
311, 4654, 5046,
312, 4655, 5048,
313, 4661, 5051,
314, 4668, 5054,
315, 4668, 5054,
316, 4671, 5057,
317, 4674, 5058,
318, 4677, 5059,
319, 4681, 5062,
320, 4687, 5065,
321, 4688, 5066,
322, 4692, 5068,
323, 4695, 5068,
324, 4698, 5071,
325, 4701, 5075,
326, 4703, 5074,
327, 4708, 5078,
328, 4714, 5081,
329, 4715, 5081,
330, 4719, 5084,
331, 4722, 5085,
332, 4724, 5087,
333, 4728, 5089,
334, 4729, 5090,
335, 4736, 5093,
336, 4740, 5096,
337, 4742, 5097,
338, 4744, 5100,
339, 4749, 5102,
340, 4756, 5107,
341, 4756, 5107,
342, 4760, 5109,
343, 4763, 5110,
344, 4765, 5112,
345, 4769, 5114,
346, 4775, 5117,
347, 4776, 5118,
348, 4779, 5120,
349, 4783, 5121,
350, 4784, 5123,
351, 4792, 5126,
352, 4797, 5130,
353, 4797, 5129,
354, 4804, 5134,
355, 4809, 5137,
356, 4810, 5139,
357, 4814, 5142,
358, 4817, 5144,
359, 4819, 5143,
360, 4824, 5146,
361, 4824, 5148,
362, 4831, 5151,
363, 4836, 5155,
364, 4837, 5156,
365, 4841, 5159,
366, 4845, 5160,
367, 4846, 5161,
368, 4851, 5164,
369, 4857, 5167,
370, 4858, 5167,
371, 4863, 5170,
372, 4865, 5172,
373, 4867, 5173,
374, 4872, 5174,
375, 4879, 5180,
376, 4879, 5178,
377, 4884, 5182,
378, 4886, 5183,
379, 4889, 5186,
380, 4893, 5187,
381, 4893, 5187,
382, 4899, 5191,
383, 4904, 5193,
384, 4906, 5194,
385, 4909, 5197,
386, 4913, 5200,
387, 4914, 5199,
388, 4919, 5204,
389, 4926, 5208,
390, 4926, 5208,
391, 4931, 5211,
392, 4933, 5212,
393, 4936, 5213,
394, 4940, 5215,
395, 4940, 5217,
396, 4947, 5220,
397, 4953, 5222,
398, 4954, 5224,
399, 4956, 5226,
400, 4966, 5230,
401, 4968, 5232,
402, 4971, 5233,
403, 4974, 5235,
404, 4976, 5236,
405, 4982, 5240,
406, 4988, 5243,
407, 4989, 5243,
408, 4992, 5245,
409, 4995, 5247,
410, 4998, 5247,
411, 5002, 5249,
412, 5002, 5250,
413, 5009, 5254,
414, 5014, 5256,
415, 5016, 5258,
416, 5020, 5260,
417, 5023, 5262,
418, 5023, 5263,
419, 5030, 5266,
420, 5036, 5268,
421, 5037, 5268,
422, 5040, 5271,
423, 5044, 5273,
424, 5045, 5274,
425, 5050, 5277,
426, 5057, 5282,
427, 5057, 5282,
428, 5060, 5282,
429, 5064, 5285,
430, 5065, 5286,
431, 5072, 5288,
432, 5077, 5293,
433, 5078, 5293,
434, 5082, 5296,
435, 5085, 5298,
436, 5086, 5299,
437, 5092, 5301,
438, 5096, 5304,
439, 5099, 5305,
440, 5100, 5305,
441, 5106, 5309,
442, 5111, 5312,
443, 5113, 5314,
444, 5117, 5315,
445, 5120, 5316,
446, 5122, 5318,
447, 5127, 5321,
448, 5127, 5321,
449, 5133, 5325,
450, 5138, 5328,
451, 5145, 5331,
452, 5147, 5333,
453, 5150, 5334,
454, 5154, 5337,
455, 5155, 5337,
456, 5161, 5340,
457, 5168, 5343,
458, 5168, 5344,
459, 5173, 5347,
460, 5175, 5349,
461, 5178, 5350,
462, 5182, 5351,
463, 5183, 5352,
464, 5188, 5354,
465, 5195, 5359,
466, 5195, 5359,
467, 5201, 5362,
468, 5202, 5363,
469, 5204, 5365,
470, 5209, 5366,
471, 5215, 5370,
472, 5216, 5371,
473, 5219, 5373,
474, 5223, 5374,
475, 5223, 5375,
476, 5230, 5379,
477, 5236, 5381,
478, 5237, 5383,
479, 5241, 5385,
480, 5244, 5386,
481, 5244, 5387,
482, 5251, 5391,
483, 5255, 5394,
484, 5257, 5396,
485, 5260, 5397,
486, 5265, 5399,
487, 5266, 5399,
488, 5271, 5403,
489, 5278, 5407,
490, 5279, 5407,
491, 5282, 5408,
492, 5286, 5411,
493, 5287, 5411,
494, 5293, 5414,
495, 5298, 5417,
496, 5300, 5419,
497, 5303, 5422,
498, 5306, 5422,
499, 5309, 5423,
500, 5323, 5432,
501, 5347, 5440,
502, 5351, 5440,
503, 5360, 5443,
504, 5368, 5444,
505, 5369, 5444,
506, 5374, 5446,
507, 5377, 5447,
508, 5379, 5447,
509, 5386, 5448,
510, 5393, 5450,
511, 5395, 5450,
512, 5400, 5452,
513, 5404, 5452,
514, 5405, 5453,
515, 5413, 5454,
516, 5421, 5456,
517, 5422, 5455,
518, 5429, 5456,
519, 5432, 5457,
520, 5435, 5457,
521, 5441, 5460,
522, 5442, 5460,
523, 5449, 5459,
524, 5458, 5461,
525, 5459, 5462,
526, 5463, 5462,
527, 5469, 5464,
528, 5469, 5463,
529, 5477, 5466,
530, 5485, 5467,
531, 5486, 5467,
532, 5492, 5468,
533, 5496, 5470,
534, 5498, 5470,
535, 5505, 5470,
536, 5505, 5470,
537, 5514, 5473,
538, 5522, 5473,
539, 5523, 5474,
540, 5527, 5477,
541, 5533, 5476,
542, 5534, 5476,
543, 5542, 5479,
544, 5550, 5480,
545, 5552, 5479,
546, 5557, 5480,
547, 5561, 5482,
548, 5563, 5482,
549, 5570, 5484,
550, 5577, 5484,
551, 5587, 5486,
552, 5589, 5487,
553, 5595, 5487,
554, 5597, 5488,
555, 5602, 5489,
556, 5607, 5490,
557, 5609, 5490,
558, 5617, 5490,
559, 5625, 5493,
560, 5626, 5493,
561, 5632, 5494,
562, 5635, 5495,
563, 5638, 5496,
564, 5645, 5496,
565, 5654, 5500,
566, 5654, 5501,
567, 5661, 5499,
568, 5664, 5501,
569, 5668, 5502,
570, 5673, 5502,
571, 5675, 5503,
572, 5682, 5505,
573, 5692, 5506,
574, 5692, 5507,
575, 5698, 5508,
576, 5701, 5508,
577, 5705, 5508,
578, 5711, 5509,
579, 5712, 5508,
580, 5720, 5511,
581, 5726, 5512,
582, 5730, 5513,
583, 5734, 5513,
584, 5739, 5514,
585, 5741, 5514,
586, 5749, 5515,
587, 5758, 5518,
588, 5759, 5519,
589, 5765, 5518,
590, 5768, 5519,
591, 5771, 5519,
592, 5778, 5520,
593, 5779, 5522,
594, 5787, 5522,
595, 5796, 5524,
596, 5797, 5525,
597, 5804, 5526,
598, 5807, 5526,
599, 5811, 5526,
600, 5823, 5529,
601, 5826, 5529,
602, 5830, 5530,
603, 5836, 5530,
604, 5845, 5533,
605, 5846, 5534,
606, 5851, 5533,
607, 5855, 5535,
608, 5858, 5535,
609, 5866, 5535,
610, 5866, 5536,
611, 5874, 5537,
612, 5882, 5538,
613, 5884, 5538,
614, 5889, 5540,
615, 5894, 5541,
616, 5895, 5540,
617, 5902, 5542,
618, 5913, 5544,
619, 5912, 5543,
620, 5918, 5545,
621, 5922, 5545,
622, 5925, 5545,
623, 5932, 5546,
624, 5941, 5549,
625, 5941, 5549,
626, 5949, 5549,
627, 5952, 5551,
628, 5955, 5551,
629, 5961, 5552,
630, 5961, 5552,
631, 5971, 5553,
632, 5978, 5554,
633, 5981, 5554,
634, 5985, 5555,
635, 5990, 5556,
636, 5992, 5556,
637, 6001, 5557,
638, 6010, 5559,
639, 6010, 5560,
640, 6017, 5561,
641, 6020, 5561,
642, 6024, 5562,
643, 6030, 5563,
644, 6030, 5564,
645, 6040, 5566,
646, 6048, 5568,
647, 6050, 5567,
648, 6055, 5568,
649, 6059, 5570,
650, 6063, 5569,
651, 6075, 5572,
652, 6080, 5572,
653, 6082, 5574,
654, 6090, 5574,
655, 6098, 5576,
656, 6099, 5576,
657, 6103, 5578,
658, 6109, 5578,
659, 6110, 5578,
660, 6119, 5580,
661, 6129, 5580,
662, 6129, 5582,
663, 6134, 5581,
664, 6139, 5582,
665, 6140, 5583,
666, 6149, 5584,
667, 6154, 5586,
668, 6159, 5585,
669, 6161, 5587,
670, 6169, 5587,
671, 6178, 5589,
672, 6179, 5588,
673, 6186, 5591,
674, 6189, 5590,
675, 6192, 5592,
676, 6198, 5592,
677, 6200, 5592,
678, 6209, 5594,
679, 6218, 5595,
680, 6219, 5597,
681, 6225, 5597,
682, 6229, 5596,
683, 6233, 5597,
684, 6239, 5598,
685, 6241, 5599,
686, 6250, 5599,
687, 6259, 5601,
688, 6260, 5601,
689, 6267, 5602,
690, 6270, 5602,
691, 6275, 5603,
692, 6281, 5605,
693, 6282, 5607,
694, 6290, 5607,
695, 6300, 5607,
696, 6302, 5608,
697, 6307, 5609,
698, 6311, 5609,
699, 6315, 5610,
700, 6321, 5610,
701, 6322, 5611,
702, 6337, 5615,
703, 6342, 5614,
704, 6344, 5614,
705, 6352, 5615,
706, 6363, 5617,
707, 6363, 5618,
708, 6370, 5619,
709, 6372, 5618,
710, 6377, 5623,
711, 6382, 5620,
712, 6384, 5621,
713, 6393, 5622,
714, 6402, 5623,
715, 6403, 5623,
716, 6410, 5624,
717, 6414, 5626,
718, 6418, 5625,
719, 6424, 5625,
720, 6425, 5626,
721, 6434, 5627,
722, 6444, 5629,
723, 6444, 5630,
724, 6451, 5630,
725, 6455, 5631,
726, 6457, 5631,
727, 6466, 5633,
728, 6476, 5633,
729, 6476, 5635,
730, 6482, 5634,
731, 6486, 5634,
732, 6490, 5635,
733, 6497, 5635,
734, 6497, 5636,
735, 6507, 5637,
736, 6515, 5638,
737, 6518, 5638,
738, 6522, 5639,
739, 6529, 5640,
740, 6530, 5640,
741, 6538, 5641,
742, 6548, 5643,
743, 6550, 5644,
744, 6557, 5644,
745, 6561, 5643,
746, 6569, 5646,
747, 6571, 5646,
748, 6576, 5646,
749, 6581, 5646,
750, 6584, 5649,
751, 6597, 5649,
752, 6602, 5651,
753, 6605, 5651,
754, 6613, 5652,
755, 6621, 5652,
756, 6624, 5652,
757, 6628, 5652,
758, 6634, 5654,
759, 6636, 5654,
760, 6646, 5656,
761, 6656, 5656,
762, 6656, 5657,
763, 6662, 5657,
764, 6667, 5659,
765, 6670, 5658,
766, 6677, 5659,
767, 6678, 5660,
768, 6688, 5661,
769, 6695, 5662,
770, 6699, 5664,
771, 6704, 5663,
772, 6709, 5663,
773, 6712, 5665,
774, 6721, 5665,
775, 6730, 5665,
776, 6730, 5666,
777, 6735, 5666,
778, 6741, 5667,
779, 6742, 5668,
780, 6752, 5669,
781, 6760, 5670,
782, 6764, 5670,
783, 6769, 5672,
784, 6775, 5671,
785, 6777, 5673,
786, 6785, 5673,
787, 6785, 5673,
788, 6796, 5675,
789, 6804, 5676,
790, 6806, 5675,
791, 6811, 5677,
792, 6818, 5677,
793, 6819, 5678,
794, 6829, 5678,
795, 6837, 5681,
796, 6840, 5681,
797, 6845, 5681,
798, 6850, 5682,
799, 6851, 5682,
800, 6867, 5684,
801, 6873, 5685,
802, 6875, 5685,
803, 6883, 5686,
804, 6894, 5687,
805, 6893, 5686,
806, 6902, 5687,
807, 6905, 5689,
808, 6910, 5689,
809, 6916, 5689,
810, 6918, 5690,
811, 6927, 5690,
812, 6935, 5692,
813, 6939, 5692,
814, 6943, 5692,
815, 6949, 5693,
816, 6952, 5694,
817, 6960, 5694,
818, 6971, 5696,
819, 6971, 5695,
820, 6980, 5695,
821, 6983, 5697,
822, 6989, 5696,
823, 6994, 5698,
824, 6997, 5698,
825, 7005, 5698,
826, 7014, 5701,
827, 7017, 5701,
828, 7020, 5701,
829, 7028, 5702,
830, 7029, 5703,
831, 7040, 5704,
832, 7049, 5705,
833, 7050, 5706,
834, 7058, 5707,
835, 7062, 5707,
836, 7066, 5707,
837, 7073, 5708,
838, 7074, 5708,
839, 7084, 5710,
840, 7090, 5710,
841, 7095, 5710,
842, 7100, 5710,
843, 7106, 5712,
844, 7108, 5712,
845, 7118, 5713,
846, 7128, 5714,
847, 7129, 5714,
848, 7137, 5714,
849, 7141, 5715,
850, 7145, 5715,
851, 7159, 5715,
852, 7165, 5716,
853, 7166, 5715,
854, 7175, 5716,
855, 7186, 5718,
856, 7187, 5719,
857, 7195, 5719,
858, 7199, 5721,
859, 7203, 5721,
860, 7211, 5720,
861, 7210, 5721,
862, 7221, 5722,
863, 7230, 5724,
864, 7232, 5723,
865, 7239, 5725,
866, 7245, 5725,
867, 7245, 5725,
868, 7255, 5726,
869, 7266, 5727,
870, 7268, 5727,
871, 7273, 5727,
872, 7279, 5728,
873, 7282, 5728,
874, 7291, 5731,
875, 7303, 5730,
876, 7302, 5731,
877, 7311, 5732,
878, 7314, 5733,
879, 7320, 5732,
880, 7326, 5733,
881, 7327, 5732,
882, 7337, 5735,
883, 7345, 5736,
884, 7349, 5735,
885, 7354, 5736,
886, 7360, 5737,
887, 7363, 5738,
888, 7373, 5738,
889, 7384, 5740,
890, 7385, 5741,
891, 7389, 5740,
892, 7396, 5743,
893, 7409, 5743,
894, 7409, 5744,
895, 7418, 5744,
896, 7420, 5745,
897, 7427, 5746,
898, 7432, 5746,
899, 7443, 5747,
900, 7444, 5747,
901, 7452, 5747,
902, 7458, 5748,
903, 7468, 5749,
904, 7478, 5749,
905, 7480, 5749,
906, 7488, 5751,
907, 7492, 5752,
908, 7496, 5752,
909, 7503, 5752,
910, 7503, 5754,
911, 7515, 5755,
912, 7524, 5756,
913, 7527, 5755,
914, 7533, 5756,
915, 7539, 5755,
916, 7542, 5756,
917, 7552, 5757,
918, 7563, 5758,
919, 7564, 5759,
920, 7572, 5758,
921, 7575, 5759,
922, 7581, 5759,
923, 7588, 5760,
924, 7591, 5760,
925, 7599, 5761,
926, 7612, 5762,
927, 7612, 5762,
928, 7618, 5764,
929, 7623, 5764,
930, 7628, 5763,
931, 7636, 5765,
932, 7647, 5765,
933, 7648, 5765,
934, 7654, 5766,
935, 7661, 5766,
936, 7662, 5767,
937, 7672, 5766,
938, 7683, 5768,
939, 7686, 5770,
940, 7693, 5769,
941, 7697, 5769,
942, 7702, 5770,
943, 7709, 5771,
944, 7710, 5772,
945, 7722, 5772,
946, 7733, 5773,
947, 7734, 5772,
948, 7742, 5773,
949, 7746, 5774,
950, 7751, 5776,
951, 7764, 5777,
952, 7771, 5777,
953, 7773, 5776,
954, 7784, 5778,
955, 7795, 5779,
956, 7795, 5779,
957, 7804, 5780,
958, 7810, 5780,
959, 7813, 5780,
960, 7820, 5782,
961, 7833, 5781,
962, 7833, 5782,
963, 7842, 5783,
964, 7846, 5783,
965, 7852, 5782,
966, 7858, 5785,
967, 7861, 5784,
968, 7870, 5785,
969, 7881, 5785,
970, 7883, 5785,
971, 7890, 5786,
972, 7895, 5786,
973, 7899, 5786,
974, 7908, 5787,
975, 7919, 5788,
976, 7921, 5789,
977, 7928, 5789,
978, 7933, 5789,
979, 7936, 5790,
980, 7946, 5790,
981, 7958, 5793,
982, 7958, 5791,
983, 7968, 5793,
984, 7971, 5793,
985, 7977, 5793,
986, 7984, 5793,
987, 7986, 5794,
988, 7997, 5794,
989, 8009, 5795,
990, 8009, 5796,
991, 8019, 5797,
992, 8022, 5797,
993, 8028, 5796,
994, 8034, 5796,
995, 8037, 5798,
996, 8047, 5800,
997, 8059, 5799,
998, 8060, 5800,
999, 8068, 5800,
1000, 7210, 5583,
