1, 3207, 160,
2, 3248, 179,
3, 3240, 180,
4, 3240, 178,
5, 3244, 179,
6, 3244, 179,
7, 3244, 179,
8, 3244, 179,
9, 3244, 179,
10, 3253, 178,
11, 3253, 179,
12, 3261, 179,
13, 3257, 180,
14, 3257, 180,
15, 3257, 180,
16, 3261, 181,
17, 3270, 181,
18, 3270, 181,
19, 3278, 181,
20, 3278, 181,
21, 3278, 181,
22, 3278, 182,
23, 3287, 181,
24, 3287, 181,
25, 3296, 181,
26, 3296, 181,
27, 3296, 181,
28, 3296, 182,
29, 3304, 182,
30, 3304, 182,
31, 3304, 182,
32, 3308, 182,
33, 3313, 182,
34, 3313, 182,
35, 3313, 182,
36, 3313, 182,
37, 3321, 182,
38, 3321, 182,
39, 3321, 183,
40, 3334, 183,
41, 3338, 183,
42, 3338, 183,
43, 3343, 184,
44, 3343, 184,
45, 3347, 184,
46, 3347, 184,
47, 3355, 183,
48, 3355, 183,
49, 3355, 183,
50, 3355, 185,
51, 3364, 184,
52, 3364, 184,
53, 3372, 183,
54, 3372, 185,
55, 3372, 185,
56, 3372, 185,
57, 3381, 184,
58, 3381, 184,
59, 3381, 186,
60, 3389, 185,
61, 3389, 185,
62, 3389, 185,
63, 3389, 185,
64, 3398, 184,
65, 3398, 186,
66, 3407, 185,
67, 3407, 185,
68, 3407, 185,
69, 3407, 185,
70, 3407, 186,
71, 3420, 186,
72, 3420, 186,
73, 3424, 186,
74, 3432, 185,
75, 3432, 185,
76, 3428, 187,
77, 3437, 186,
78, 3437, 186,
79, 3441, 186,
80, 3445, 187,
81, 3445, 187,
82, 3449, 187,
83, 3449, 187,
84, 3449, 187,
85, 3458, 186,
86, 3458, 188,
87, 3458, 188,
88, 3466, 187,
89, 3466, 187,
90, 3466, 187,
91, 3471, 188,
92, 3475, 188,
93, 3475, 188,
94, 3483, 187,
95, 3483, 187,
96, 3483, 187,
97, 3483, 189,
98, 3483, 189,
99, 3492, 188,
100, 3492, 188,
101, 3497, 189,
102, 3501, 189,
103, 3509, 188,
104, 3514, 189,
105, 3518, 189,
106, 3514, 190,
107, 3514, 190,
108, 3522, 189,
109, 3526, 189,
110, 3526, 189,
111, 3531, 190,
112, 3531, 190,
113, 3535, 190,
114, 3540, 190,
115, 3540, 191,
116, 3540, 191,
117, 3548, 190,
118, 3548, 190,
119, 3552, 190,
120, 3552, 190,
121, 3560, 190,
122, 3557, 191,
123, 3565, 190,
124, 3565, 190,
125, 3569, 190,
126, 3569, 190,
127, 3569, 192,
128, 3574, 191,
129, 3577, 191,
130, 3577, 191,
131, 3582, 192,
132, 3582, 192,
133, 3586, 192,
134, 3594, 191,
135, 3594, 191,
136, 3594, 191,
137, 3594, 193,
138, 3599, 192,
139, 3603, 192,
140, 3603, 192,
141, 3612, 192,
142, 3608, 193,
143, 3612, 193,
144, 3617, 193,
145, 3625, 193,
146, 3629, 193,
147, 3625, 194,
148, 3634, 194,
149, 3634, 194,
150, 3637, 194,
151, 3642, 193,
152, 3642, 194,
153, 3646, 194,
154, 3651, 194,
155, 3654, 194,
156, 3654, 194,
157, 3659, 195,
158, 3659, 195,
159, 3663, 195,
160, 3671, 194,
161, 3671, 194,
162, 3668, 195,
163, 3671, 195,
164, 3677, 195,
165, 3680, 195,
166, 3680, 195,
167, 3680, 196,
168, 3688, 195,
169, 3688, 195,
170, 3688, 195,
171, 3697, 195,
172, 3694, 196,
173, 3697, 196,
174, 3706, 196,
175, 3706, 196,
176, 3706, 196,
177, 3706, 197,
178, 3714, 196,
179, 3714, 196,
180, 3714, 196,
181, 3723, 196,
182, 3723, 196,
183, 3723, 197,
184, 3723, 197,
185, 3736, 197,
186, 3740, 197,
187, 3740, 197,
188, 3745, 198,
189, 3745, 198,
190, 3754, 197,
191, 3754, 197,
192, 3754, 197,
193, 3754, 199,
194, 3754, 199,
195, 3762, 198,
196, 3765, 198,
197, 3765, 198,
198, 3765, 198,
199, 3771, 199,
200, 3774, 199,
201, 3779, 198,
202, 3779, 200,
203, 3788, 199,
204, 3788, 199,
205, 3791, 199,
206, 3791, 199,
207, 3791, 199,
208, 3796, 200,
209, 3800, 200,
210, 3800, 200,
211, 3808, 199,
212, 3805, 201,
213, 3808, 201,
214, 3813, 200,
215, 3813, 200,
216, 3817, 200,
217, 3822, 201,
218, 3822, 201,
219, 3825, 201,
220, 3825, 201,
221, 3839, 200,
222, 3839, 200,
223, 3839, 202,
224, 3848, 201,
225, 3848, 201,
226, 3851, 201,
227, 3856, 202,
228, 3856, 202,
229, 3856, 202,
230, 3859, 202,
231, 3868, 201,
232, 3868, 201,
233, 3865, 203,
234, 3873, 202,
235, 3873, 202,
236, 3876, 202,
237, 3876, 202,
238, 3882, 203,
239, 3885, 203,
240, 3885, 203,
241, 3891, 202,
242, 3893, 202,
243, 3893, 202,
244, 3899, 203,
245, 3899, 203,
246, 3902, 203,
247, 3911, 202,
248, 3908, 204,
249, 3908, 204,
250, 3911, 204,
251, 3911, 204,
252, 3919, 203,
253, 3919, 205,
254, 3925, 204,
255, 3928, 204,
256, 3936, 203,
257, 3936, 203,
258, 3942, 205,
259, 3942, 205,
260, 3942, 205,
261, 3950, 204,
262, 3950, 204,
263, 3950, 206,
264, 3959, 205,
265, 3959, 205,
266, 3962, 205,
267, 3968, 204,
268, 3968, 206,
269, 3968, 206,
270, 3976, 205,
271, 3976, 205,
272, 3979, 205,
273, 3976, 207,
274, 3985, 206,
275, 3985, 206,
276, 3985, 206,
277, 3987, 206,
278, 3993, 207,
279, 3993, 207,
280, 3996, 207,
281, 4002, 206,
282, 4005, 206,
283, 4005, 206,
284, 4002, 208,
285, 4010, 207,
286, 4013, 207,
287, 4013, 207,
288, 4019, 206,
289, 4019, 208,
290, 4022, 208,
291, 4028, 207,
292, 4030, 207,
293, 4030, 207,
294, 4036, 208,
295, 4036, 208,
296, 4045, 208,
297, 4045, 208,
298, 4053, 208,
299, 4053, 209,
300, 4053, 209,
301, 4062, 209,
302, 4062, 209,
303, 4070, 209,
304, 4070, 209,
305, 4070, 209,
306, 4073, 209,
307, 4079, 209,
308, 4079, 210,
309, 4079, 210,
310, 4087, 210,
311, 4087, 210,
312, 4090, 210,
313, 4087, 211,
314, 4096, 210,
315, 4096, 210,
316, 4099, 210,
317, 4107, 210,
318, 4107, 210,
319, 4105, 211,
320, 4113, 210,
321, 4113, 210,
322, 4116, 210,
323, 4122, 211,
324, 4122, 211,
325, 4122, 211,
326, 4124, 211,
327, 4124, 211,
328, 4133, 211,
329, 4133, 211,
330, 4139, 212,
331, 4147, 212,
332, 4147, 212,
333, 4147, 212,
334, 4156, 213,
335, 4156, 213,
336, 4156, 213,
337, 4165, 212,
338, 4165, 212,
339, 4165, 213,
340, 4165, 213,
341, 4173, 213,
342, 4173, 213,
343, 4182, 212,
344, 4182, 212,
345, 4182, 214,
346, 4182, 214,
347, 4182, 214,
348, 4190, 213,
349, 4190, 213,
350, 4190, 214,
351, 4199, 214,
352, 4199, 214,
353, 4207, 213,
354, 4207, 215,
355, 4207, 215,
356, 4210, 215,
357, 4216, 214,
358, 4216, 215,
359, 4216, 215,
360, 4224, 215,
361, 4224, 215,
362, 4224, 215,
363, 4227, 215,
364, 4233, 215,
365, 4233, 215,
366, 4242, 216,
367, 4250, 215,
368, 4250, 215,
369, 4250, 217,
370, 4259, 216,
371, 4259, 216,
372, 4259, 216,
373, 4259, 216,
374, 4267, 215,
375, 4267, 217,
376, 4267, 217,
377, 4276, 216,
378, 4276, 216,
379, 4276, 216,
380, 4276, 218,
381, 4284, 217,
382, 4284, 217,
383, 4284, 217,
384, 4293, 218,
385, 4293, 218,
386, 4293, 218,
387, 4302, 217,
388, 4302, 217,
389, 4302, 217,
390, 4310, 218,
391, 4310, 218,
392, 4310, 218,
393, 4310, 218,
394, 4310, 218,
395, 4319, 219,
396, 4319, 219,
397, 4319, 219,
398, 4327, 218,
399, 4327, 218,
400, 4327, 218,
401, 4342, 219,
402, 4342, 219,
403, 4351, 218,
404, 4351, 218,
405, 4351, 220,
406, 4351, 220,
407, 4360, 219,
408, 4360, 219,
409, 4360, 219,
410, 4368, 220,
411, 4368, 220,
412, 4368, 220,
413, 4377, 219,
414, 4377, 219,
415, 4377, 221,
416, 4377, 221,
417, 4385, 220,
418, 4385, 220,
419, 4394, 221,
420, 4394, 221,
421, 4394, 221,
422, 4394, 221,
423, 4394, 221,
424, 4402, 220,
425, 4402, 220,
426, 4402, 222,
427, 4411, 221,
428, 4411, 221,
429, 4411, 221,
430, 4420, 222,
431, 4420, 222,
432, 4420, 222,
433, 4435, 222,
434, 4435, 222,
435, 4435, 223,
436, 4435, 223,
437, 4444, 222,
438, 4444, 222,
439, 4452, 222,
440, 4444, 222,
441, 4452, 223,
442, 4452, 223,
443, 4452, 223,
444, 4461, 223,
445, 4461, 224,
446, 4461, 224,
447, 4469, 223,
448, 4469, 223,
449, 4469, 223,
450, 4469, 223,
451, 4478, 224,
452, 4478, 224,
453, 4487, 224,
454, 4487, 224,
455, 4487, 225,
456, 4495, 224,
457, 4495, 224,
458, 4495, 224,
459, 4495, 224,
460, 4504, 225,
461, 4504, 225,
462, 4511, 226,
463, 4520, 225,
464, 4520, 225,
465, 4520, 225,
466, 4520, 225,
467, 4528, 226,
468, 4528, 226,
469, 4528, 226,
470, 4537, 225,
471, 4537, 225,
472, 4537, 227,
473, 4545, 226,
474, 4545, 226,
475, 4545, 226,
476, 4545, 227,
477, 4554, 227,
478, 4554, 227,
479, 4554, 227,
480, 4554, 227,
481, 4563, 226,
482, 4563, 227,
483, 4563, 227,
484, 4571, 227,
485, 4571, 227,
486, 4571, 227,
487, 4580, 228,
488, 4580, 228,
489, 4580, 228,
490, 4580, 228,
491, 4588, 227,
492, 4588, 227,
493, 4588, 228,
494, 4604, 228,
495, 4604, 228,
496, 4604, 228,
497, 4613, 227,
498, 4613, 229,
499, 4613, 229,
500, 4622, 228,
501, 4622, 230,
502, 4646, 230,
503, 4655, 229,
504, 4655, 229,
505, 4664, 229,
506, 4664, 229,
507, 4671, 229,
508, 4671, 231,
509, 4671, 231,
510, 4680, 230,
511, 4680, 230,
512, 4680, 230,
513, 4696, 229,
514, 4696, 229,
515, 4696, 231,
516, 4705, 230,
517, 4705, 230,
518, 4712, 231,
519, 4721, 230,
520, 4721, 230,
521, 4721, 230,
522, 4721, 230,
523, 4721, 231,
524, 4737, 231,
525, 4737, 231,
526, 4737, 231,
527, 4746, 230,
528, 4746, 230,
529, 4754, 231,
530, 4754, 232,
531, 4763, 232,
532, 4763, 232,
533, 4771, 231,
534, 4771, 231,
535, 4779, 231,
536, 4779, 231,
537, 4779, 231,
538, 4788, 232,
539, 4788, 232,
540, 4788, 232,
541, 4805, 232,
542, 4805, 232,
543, 4805, 232,
544, 4805, 232,
545, 4813, 232,
546, 4813, 232,
547, 4821, 233,
548, 4830, 232,
549, 4830, 232,
550, 4830, 232,
551, 4830, 232,
552, 4847, 233,
553, 4847, 233,
554, 4847, 233,
555, 4856, 232,
556, 4864, 233,
557, 4864, 233,
558, 4873, 232,
559, 4873, 232,
560, 4873, 232,
561, 4873, 234,
562, 4890, 233,
563, 4890, 233,
564, 4890, 233,
565, 4899, 232,
566, 4899, 232,
567, 4899, 232,
568, 4899, 234,
569, 4916, 234,
570, 4916, 234,
571, 4916, 234,
572, 4925, 233,
573, 4925, 233,
574, 4933, 233,
575, 4933, 235,
576, 4942, 234,
577, 4942, 234,
578, 4942, 234,
579, 4959, 234,
580, 4959, 234,
581, 4959, 234,
582, 4959, 234,
583, 4968, 235,
584, 4968, 235,
585, 4976, 235,
586, 4985, 234,
587, 4985, 234,
588, 4985, 234,
589, 4985, 234,
590, 5003, 235,
591, 5003, 235,
592, 5003, 235,
593, 5003, 235,
594, 5012, 235,
595, 5012, 235,
596, 5020, 235,
597, 5029, 234,
598, 5029, 234,
599, 5029, 236,
600, 5029, 236,
601, 5047, 235,
602, 5047, 235,
603, 5047, 235,
604, 5056, 235,
605, 5056, 235,
606, 5065, 236,
607, 5074, 236,
608, 5074, 236,
609, 5074, 236,
610, 5074, 236,
611, 5083, 235,
612, 5092, 235,
613, 5092, 237,
614, 5092, 237,
615, 5101, 236,
616, 5101, 236,
617, 5101, 236,
618, 5119, 236,
619, 5119, 236,
620, 5119, 236,
621, 5128, 237,
622, 5128, 237,
623, 5137, 237,
624, 5137, 237,
625, 5137, 237,
626, 5146, 236,
627, 5146, 236,
628, 5146, 236,
629, 5164, 236,
630, 5164, 237,
631, 5164, 237,
632, 5164, 237,
633, 5182, 237,
634, 5182, 237,
635, 5182, 237,
636, 5182, 237,
637, 5191, 236,
638, 5191, 238,
639, 5201, 238,
640, 5210, 237,
641, 5210, 237,
642, 5210, 237,
643, 5210, 237,
644, 5219, 237,
645, 5228, 239,
646, 5228, 239,
647, 5228, 239,
648, 5237, 238,
649, 5237, 238,
650, 5237, 238,
651, 5237, 238,
652, 5256, 237,
653, 5256, 239,
654, 5265, 238,
655, 5265, 238,
656, 5274, 239,
657, 5274, 239,
658, 5284, 238,
659, 5284, 238,
660, 5284, 238,
661, 5293, 240,
662, 5293, 238,
663, 5302, 239,
664, 5302, 239,
665, 5312, 238,
666, 5312, 238,
667, 5321, 239,
668, 5321, 239,
669, 5331, 238,
670, 5331, 239,
671, 5331, 239,
672, 5340, 240,
673, 5350, 239,
674, 5350, 239,
675, 5350, 239,
676, 5350, 239,
677, 5359, 238,
678, 5369, 240,
679, 5369, 240,
680, 5378, 240,
681, 5378, 240,
682, 5378, 240,
683, 5378, 240,
684, 5388, 240,
685, 5397, 239,
686, 5397, 241,
687, 5397, 241,
688, 5406, 240,
689, 5416, 240,
690, 5416, 240,
691, 5416, 240,
692, 5426, 240,
693, 5426, 240,
694, 5426, 240,
695, 5436, 240,
696, 5445, 241,
697, 5445, 241,
698, 5445, 241,
699, 5455, 240,
700, 5465, 240,
701, 5465, 240,
702, 5474, 240,
703, 5474, 240,
704, 5474, 241,
705, 5474, 241,
706, 5494, 241,
707, 5494, 241,
708, 5494, 241,
709, 5494, 241,
710, 5513, 240,
711, 5513, 240,
712, 5513, 242,
713, 5523, 241,
714, 5523, 241,
715, 5523, 241,
716, 5533, 242,
717, 5543, 241,
718, 5543, 241,
719, 5543, 241,
720, 5543, 242,
721, 5552, 242,
722, 5562, 242,
723, 5562, 242,
724, 5562, 242,
725, 5572, 241,
726, 5572, 241,
727, 5572, 241,
728, 5582, 242,
729, 5592, 242,
730, 5592, 242,
731, 5592, 242,
732, 5602, 242,
733, 5612, 242,
734, 5612, 242,
735, 5612, 242,
736, 5622, 241,
737, 5622, 243,
738, 5632, 243,
739, 5632, 243,
740, 5642, 242,
741, 5642, 242,
742, 5642, 242,
743, 5662, 242,
744, 5662, 242,
745, 5662, 242,
746, 5662, 244,
747, 5662, 244,
748, 5672, 243,
749, 5672, 243,
750, 5683, 243,
751, 5692, 242,
752, 5692, 244,
753, 5692, 244,
754, 5713, 244,
755, 5713, 244,
756, 5713, 244,
757, 5713, 244,
758, 5723, 243,
759, 5734, 243,
760, 5734, 243,
761, 5734, 243,
762, 5743, 244,
763, 5743, 244,
764, 5743, 244,
765, 5755, 244,
766, 5764, 244,
767, 5764, 244,
768, 5764, 244,
769, 5764, 244,
770, 5774, 243,
771, 5785, 245,
772, 5785, 245,
773, 5785, 245,
774, 5795, 244,
775, 5795, 244,
776, 5806, 244,
777, 5806, 244,
778, 5816, 244,
779, 5816, 244,
780, 5816, 244,
781, 5827, 246,
782, 5837, 245,
783, 5837, 245,
784, 5837, 245,
785, 5847, 244,
786, 5847, 244,
787, 5858, 244,
788, 5858, 244,
789, 5868, 245,
790, 5868, 245,
791, 5868, 245,
792, 5880, 246,
793, 5890, 245,
794, 5890, 245,
795, 5890, 245,
796, 5890, 245,
797, 5899, 246,
798, 5911, 246,
799, 5911, 246,
800, 5911, 246,
801, 5921, 245,
802, 5921, 245,
803, 5943, 245,
804, 5943, 245,
805, 5943, 245,
806, 5943, 247,
807, 5943, 247,
808, 5964, 246,
809, 5964, 246,
810, 5964, 246,
811, 5964, 246,
812, 5974, 245,
813, 5986, 247,
814, 5986, 246,
815, 5996, 247,
816, 5996, 247,
817, 5996, 247,
818, 5996, 247,
819, 6008, 247,
820, 6018, 246,
821, 6018, 246,
822, 6018, 246,
823, 6028, 245,
824, 6041, 247,
825, 6041, 247,
826, 6041, 247,
827, 6041, 247,
828, 6051, 247,
829, 6063, 247,
830, 6063, 247,
831, 6073, 246,
832, 6073, 246,
833, 6073, 246,
834, 6073, 248,
835, 6095, 247,
836, 6095, 247,
837, 6095, 247,
838, 6095, 247,
839, 6095, 247,
840, 6105, 247,
841, 6118, 247,
842, 6118, 247,
843, 6128, 248,
844, 6128, 248,
845, 6128, 248,
846, 6140, 248,
847, 6140, 248,
848, 6150, 247,
849, 6150, 247,
850, 6150, 247,
851, 6173, 247,
852, 6173, 249,
853, 6173, 249,
854, 6183, 248,
855, 6183, 248,
856, 6183, 248,
857, 6196, 248,
858, 6206, 247,
859, 6206, 247,
860, 6206, 247,
861, 6219, 249,
862, 6219, 249,
863, 6229, 249,
864, 6229, 249,
865, 6229, 249,
866, 6229, 249,
867, 6253, 248,
868, 6253, 248,
869, 6253, 248,
870, 6253, 248,
871, 6263, 249,
872, 6276, 249,
873, 6276, 249,
874, 6276, 249,
875, 6286, 249,
876, 6286, 249,
877, 6286, 249,
878, 6299, 249,
879, 6310, 248,
880, 6310, 248,
881, 6310, 250,
882, 6333, 249,
883, 6333, 249,
884, 6333, 249,
885, 6333, 249,
886, 6333, 249,
887, 6344, 249,
888, 6357, 249,
889, 6357, 249,
890, 6357, 251,
891, 6367, 250,
892, 6367, 250,
893, 6381, 250,
894, 6391, 249,
895, 6391, 249,
896, 6391, 249,
897, 6391, 249,
898, 6391, 249,
899, 6415, 249,
900, 6415, 251,
901, 6415, 251,
902, 6415, 251,
903, 6426, 250,
904, 6439, 250,
905, 6439, 250,
906, 6450, 249,
907, 6450, 249,
908, 6450, 249,
909, 6464, 250,
910, 6474, 251,
911, 6474, 251,
912, 6474, 251,
913, 6474, 251,
914, 6498, 250,
915, 6498, 250,
916, 6498, 250,
917, 6498, 250,
918, 6498, 250,
919, 6523, 251,
920, 6523, 251,
921, 6523, 251,
922, 6523, 251,
923, 6533, 251,
924, 6533, 251,
925, 6548, 251,
926, 6548, 251,
927, 6558, 250,
928, 6558, 250,
929, 6573, 252,
930, 6573, 252,
931, 6583, 251,
932, 6583, 251,
933, 6583, 251,
934, 6583, 251,
935, 6583, 251,
936, 6608, 251,
937, 6608, 251,
938, 6608, 251,
939, 6619, 252,
940, 6619, 252,
941, 6619, 252,
942, 6633, 252,
943, 6633, 252,
944, 6644, 251,
945, 6644, 251,
946, 6659, 252,
947, 6669, 251,
948, 6669, 251,
949, 6669, 251,
950, 6669, 253,
951, 6669, 253,
952, 6695, 252,
953, 6695, 252,
954, 6695, 252,
955, 6705, 251,
956, 6720, 252,
957, 6720, 252,
958, 6720, 253,
959, 6731, 253,
960, 6731, 253,
961, 6746, 253,
962, 6746, 253,
963, 6757, 252,
964, 6757, 252,
965, 6757, 252,
966, 6772, 253,
967, 6783, 252,
968, 6783, 252,
969, 6783, 253,
970, 6783, 253,
971, 6793, 253,
972, 6809, 253,
973, 6809, 253,
974, 6809, 253,
975, 6809, 253,
976, 6819, 252,
977, 6819, 252,
978, 6835, 253,
979, 6835, 254,
980, 6835, 254,
981, 6846, 253,
982, 6861, 254,
983, 6861, 254,
984, 6872, 253,
985, 6872, 253,
986, 6872, 253,
987, 6872, 253,
988, 6872, 253,
989, 6899, 253,
990, 6899, 254,
991, 6899, 254,
992, 6899, 254,
993, 6910, 253,
994, 6925, 254,
995, 6925, 254,
996, 6925, 254,
997, 6936, 253,
998, 6936, 253,
999, 6952, 253,
1000, 6952, 253,
