1, 3594, 63,
2, 3618, 2454,
3, 3614, 2445,
4, 3613, 2441,
5, 3611, 2438,
6, 3615, 2438,
7, 3618, 2437,
8, 3619, 2438,
9, 3622, 2437,
10, 3625, 2438,
11, 3626, 2437,
12, 3631, 2438,
13, 3636, 2439,
14, 3637, 2440,
15, 3640, 2441,
16, 3643, 2441,
17, 3649, 2443,
18, 3649, 2443,
19, 3654, 2445,
20, 3657, 2444,
21, 3658, 2445,
22, 3664, 2447,
23, 3669, 2449,
24, 3670, 2449,
25, 3675, 2450,
26, 3677, 2452,
27, 3680, 2451,
28, 3683, 2452,
29, 3683, 2453,
30, 3690, 2455,
31, 3696, 2457,
32, 3697, 2458,
33, 3701, 2458,
34, 3704, 2459,
35, 3705, 2459,
36, 3710, 2461,
37, 3716, 2463,
38, 3717, 2462,
39, 3722, 2465,
40, 3725, 2466,
41, 3726, 2466,
42, 3731, 2468,
43, 3730, 2467,
44, 3737, 2469,
45, 3743, 2470,
46, 3744, 2471,
47, 3747, 2472,
48, 3752, 2472,
49, 3753, 2473,
50, 3757, 2476,
51, 3764, 2478,
52, 3766, 2479,
53, 3772, 2480,
54, 3772, 2480,
55, 3779, 2481,
56, 3784, 2483,
57, 3785, 2484,
58, 3788, 2485,
59, 3792, 2486,
60, 3792, 2486,
61, 3799, 2489,
62, 3804, 2490,
63, 3805, 2491,
64, 3809, 2491,
65, 3812, 2493,
66, 3818, 2495,
67, 3819, 2494,
68, 3824, 2496,
69, 3826, 2498,
70, 3828, 2497,
71, 3832, 2499,
72, 3833, 2500,
73, 3839, 2502,
74, 3846, 2504,
75, 3846, 2504,
76, 3851, 2505,
77, 3853, 2507,
78, 3856, 2508,
79, 3860, 2508,
80, 3861, 2509,
81, 3867, 2509,
82, 3872, 2512,
83, 3873, 2513,
84, 3876, 2514,
85, 3881, 2514,
86, 3883, 2514,
87, 3887, 2517,
88, 3893, 2519,
89, 3893, 2519,
90, 3898, 2520,
91, 3901, 2521,
92, 3903, 2521,
93, 3908, 2523,
94, 3914, 2525,
95, 3914, 2525,
96, 3918, 2526,
97, 3922, 2528,
98, 3927, 2530,
99, 3928, 2530,
100, 3932, 2531,
101, 3941, 2534,
102, 3941, 2535,
103, 3946, 2536,
104, 3949, 2537,
105, 3950, 2537,
106, 3955, 2539,
107, 3963, 2540,
108, 3962, 2541,
109, 3968, 2541,
110, 3969, 2543,
111, 3972, 2544,
112, 3976, 2545,
113, 3977, 2546,
114, 3982, 2547,
115, 3990, 2551,
116, 3989, 2550,
117, 3995, 2552,
118, 3996, 2552,
119, 3998, 2553,
120, 4003, 2554,
121, 4009, 2556,
122, 4009, 2557,
123, 4011, 2557,
124, 4016, 2559,
125, 4024, 2561,
126, 4024, 2561,
127, 4027, 2562,
128, 4031, 2564,
129, 4032, 2564,
130, 4036, 2565,
131, 4042, 2567,
132, 4043, 2568,
133, 4048, 2569,
134, 4051, 2570,
135, 4053, 2571,
136, 4058, 2572,
137, 4058, 2572,
138, 4065, 2574,
139, 4069, 2576,
140, 4071, 2576,
141, 4075, 2578,
142, 4078, 2579,
143, 4085, 2580,
144, 4085, 2580,
145, 4088, 2583,
146, 4092, 2583,
147, 4092, 2583,
148, 4099, 2585,
149, 4105, 2587,
150, 4105, 2588,
151, 4109, 2589,
152, 4118, 2591,
153, 4119, 2591,
154, 4124, 2592,
155, 4126, 2594,
156, 4129, 2595,
157, 4133, 2597,
158, 4134, 2596,
159, 4140, 2598,
160, 4145, 2600,
161, 4146, 2601,
162, 4150, 2602,
163, 4153, 2603,
164, 4155, 2603,
165, 4160, 2604,
166, 4165, 2607,
167, 4167, 2607,
168, 4171, 2608,
169, 4174, 2609,
170, 4180, 2612,
171, 4180, 2612,
172, 4184, 2612,
173, 4187, 2613,
174, 4189, 2615,
175, 4195, 2616,
176, 4195, 2616,
177, 4201, 2618,
178, 4206, 2620,
179, 4207, 2621,
180, 4211, 2621,
181, 4215, 2623,
182, 4221, 2625,
183, 4221, 2625,
184, 4226, 2626,
185, 4228, 2628,
186, 4231, 2629,
187, 4235, 2630,
188, 4237, 2629,
189, 4242, 2630,
190, 4249, 2634,
191, 4249, 2633,
192, 4254, 2635,
193, 4255, 2637,
194, 4258, 2636,
195, 4262, 2638,
196, 4263, 2639,
197, 4270, 2641,
198, 4276, 2641,
199, 4277, 2642,
200, 4280, 2643,
201, 4290, 2646,
202, 4290, 2647,
203, 4295, 2648,
204, 4297, 2648,
205, 4298, 2649,
206, 4304, 2651,
207, 4309, 2654,
208, 4311, 2652,
209, 4315, 2654,
210, 4317, 2656,
211, 4320, 2657,
212, 4324, 2657,
213, 4332, 2659,
214, 4331, 2660,
215, 4337, 2661,
216, 4338, 2663,
217, 4341, 2663,
218, 4345, 2664,
219, 4345, 2664,
220, 4351, 2668,
221, 4356, 2668,
222, 4359, 2669,
223, 4361, 2669,
224, 4366, 2671,
225, 4366, 2671,
226, 4372, 2673,
227, 4376, 2675,
228, 4380, 2676,
229, 4380, 2675,
230, 4387, 2678,
231, 4392, 2680,
232, 4393, 2681,
233, 4397, 2681,
234, 4400, 2682,
235, 4401, 2682,
236, 4406, 2686,
237, 4413, 2687,
238, 4414, 2688,
239, 4418, 2690,
240, 4420, 2690,
241, 4423, 2691,
242, 4427, 2692,
243, 4429, 2692,
244, 4434, 2693,
245, 4440, 2696,
246, 4441, 2697,
247, 4446, 2698,
248, 4448, 2698,
249, 4450, 2698,
250, 4454, 2699,
251, 4454, 2701,
252, 4463, 2703,
253, 4468, 2704,
254, 4473, 2707,
255, 4476, 2705,
256, 4478, 2706,
257, 4482, 2708,
258, 4489, 2711,
259, 4488, 2710,
260, 4490, 2712,
261, 4496, 2713,
262, 4502, 2714,
263, 4503, 2714,
264, 4507, 2717,
265, 4509, 2717,
266, 4511, 2718,
267, 4516, 2719,
268, 4522, 2721,
269, 4523, 2721,
270, 4527, 2722,
271, 4530, 2724,
272, 4531, 2725,
273, 4537, 2727,
274, 4543, 2728,
275, 4543, 2728,
276, 4549, 2730,
277, 4551, 2730,
278, 4553, 2732,
279, 4557, 2733,
280, 4563, 2735,
281, 4564, 2735,
282, 4568, 2736,
283, 4571, 2737,
284, 4573, 2738,
285, 4578, 2739,
286, 4578, 2739,
287, 4585, 2742,
288, 4590, 2744,
289, 4591, 2745,
290, 4594, 2745,
291, 4598, 2747,
292, 4600, 2747,
293, 4605, 2749,
294, 4612, 2751,
295, 4613, 2752,
296, 4616, 2752,
297, 4618, 2753,
298, 4619, 2753,
299, 4626, 2755,
300, 4631, 2758,
301, 4634, 2759,
302, 4640, 2760,
303, 4646, 2761,
304, 4647, 2762,
305, 4651, 2762,
306, 4653, 2764,
307, 4655, 2764,
308, 4661, 2765,
309, 4666, 2769,
310, 4667, 2768,
311, 4672, 2769,
312, 4673, 2770,
313, 4676, 2771,
314, 4681, 2773,
315, 4681, 2772,
316, 4688, 2774,
317, 4691, 2776,
318, 4695, 2776,
319, 4696, 2777,
320, 4701, 2778,
321, 4701, 2780,
322, 4708, 2782,
323, 4714, 2784,
324, 4714, 2783,
325, 4719, 2786,
326, 4722, 2786,
327, 4724, 2787,
328, 4729, 2788,
329, 4730, 2789,
330, 4735, 2790,
331, 4741, 2792,
332, 4741, 2792,
333, 4746, 2795,
334, 4749, 2794,
335, 4751, 2796,
336, 4756, 2797,
337, 4756, 2797,
338, 4763, 2799,
339, 4767, 2800,
340, 4769, 2801,
341, 4772, 2803,
342, 4777, 2803,
343, 4777, 2804,
344, 4784, 2806,
345, 4788, 2807,
346, 4790, 2807,
347, 4793, 2808,
348, 4797, 2809,
349, 4799, 2811,
350, 4804, 2812,
351, 4811, 2813,
352, 4813, 2815,
353, 4817, 2816,
354, 4823, 2819,
355, 4825, 2819,
356, 4829, 2820,
357, 4832, 2821,
358, 4834, 2822,
359, 4838, 2823,
360, 4838, 2823,
361, 4845, 2824,
362, 4851, 2827,
363, 4852, 2828,
364, 4856, 2828,
365, 4859, 2829,
366, 4861, 2831,
367, 4866, 2832,
368, 4865, 2832,
369, 4872, 2834,
370, 4876, 2836,
371, 4879, 2837,
372, 4882, 2836,
373, 4886, 2838,
374, 4887, 2839,
375, 4893, 2839,
376, 4898, 2842,
377, 4900, 2842,
378, 4904, 2843,
379, 4908, 2845,
380, 4908, 2846,
381, 4915, 2846,
382, 4920, 2848,
383, 4921, 2848,
384, 4926, 2850,
385, 4928, 2850,
386, 4929, 2851,
387, 4935, 2854,
388, 4942, 2855,
389, 4942, 2855,
390, 4946, 2857,
391, 4949, 2858,
392, 4950, 2860,
393, 4956, 2860,
394, 4957, 2860,
395, 4963, 2862,
396, 4968, 2865,
397, 4970, 2865,
398, 4971, 2864,
399, 4976, 2867,
400, 4982, 2868,
401, 4985, 2870,
402, 4991, 2872,
403, 4991, 2870,
404, 4998, 2873,
405, 5004, 2874,
406, 5004, 2875,
407, 5008, 2877,
408, 5011, 2878,
409, 5013, 2878,
410, 5018, 2881,
411, 5018, 2879,
412, 5025, 2882,
413, 5031, 2883,
414, 5033, 2883,
415, 5035, 2885,
416, 5039, 2886,
417, 5046, 2888,
418, 5046, 2889,
419, 5051, 2891,
420, 5053, 2891,
421, 5056, 2892,
422, 5060, 2892,
423, 5062, 2894,
424, 5067, 2895,
425, 5072, 2897,
426, 5074, 2897,
427, 5077, 2899,
428, 5081, 2899,
429, 5081, 2899,
430, 5088, 2902,
431, 5095, 2902,
432, 5095, 2904,
433, 5096, 2904,
434, 5101, 2906,
435, 5108, 2908,
436, 5108, 2908,
437, 5113, 2909,
438, 5116, 2910,
439, 5119, 2912,
440, 5123, 2912,
441, 5124, 2913,
442, 5130, 2915,
443, 5135, 2916,
444, 5136, 2917,
445, 5140, 2917,
446, 5143, 2918,
447, 5145, 2920,
448, 5151, 2921,
449, 5151, 2921,
450, 5158, 2923,
451, 5162, 2924,
452, 5171, 2928,
453, 5172, 2927,
454, 5177, 2928,
455, 5178, 2930,
456, 5180, 2931,
457, 5186, 2932,
458, 5187, 2931,
459, 5193, 2933,
460, 5197, 2935,
461, 5200, 2936,
462, 5203, 2937,
463, 5207, 2937,
464, 5213, 2941,
465, 5214, 2940,
466, 5219, 2942,
467, 5220, 2944,
468, 5223, 2944,
469, 5228, 2945,
470, 5234, 2947,
471, 5235, 2948,
472, 5238, 2948,
473, 5241, 2951,
474, 5244, 2950,
475, 5249, 2952,
476, 5256, 2954,
477, 5255, 2954,
478, 5261, 2956,
479, 5263, 2956,
480, 5267, 2956,
481, 5270, 2958,
482, 5271, 2958,
483, 5277, 2960,
484, 5282, 2963,
485, 5284, 2963,
486, 5288, 2963,
487, 5291, 2965,
488, 5292, 2965,
489, 5298, 2966,
490, 5303, 2967,
491, 5305, 2969,
492, 5308, 2970,
493, 5313, 2970,
494, 5314, 2971,
495, 5319, 2973,
496, 5325, 2975,
497, 5326, 2975,
498, 5327, 2976,
499, 5333, 2977,
500, 5340, 2979,
501, 5345, 2980,
502, 5369, 2985,
503, 5378, 2986,
504, 5387, 2987,
505, 5394, 2989,
506, 5396, 2989,
507, 5400, 2990,
508, 5405, 2989,
509, 5406, 2991,
510, 5414, 2992,
511, 5421, 2992,
512, 5424, 2991,
513, 5428, 2992,
514, 5433, 2994,
515, 5434, 2993,
516, 5441, 2993,
517, 5448, 2995,
518, 5451, 2994,
519, 5453, 2995,
520, 5460, 2997,
521, 5469, 2997,
522, 5469, 2997,
523, 5474, 2997,
524, 5479, 2999,
525, 5481, 2999,
526, 5487, 3000,
527, 5496, 2999,
528, 5497, 3000,
529, 5503, 3001,
530, 5506, 3002,
531, 5509, 3002,
532, 5515, 3003,
533, 5517, 3001,
534, 5525, 3003,
535, 5534, 3004,
536, 5535, 3004,
537, 5540, 3004,
538, 5544, 3005,
539, 5546, 3005,
540, 5553, 3006,
541, 5563, 3007,
542, 5562, 3008,
543, 5569, 3008,
544, 5572, 3007,
545, 5575, 3009,
546, 5582, 3008,
547, 5583, 3009,
548, 5590, 3009,
549, 5598, 3009,
550, 5599, 3010,
551, 5603, 3012,
552, 5616, 3013,
553, 5619, 3012,
554, 5622, 3013,
555, 5627, 3013,
556, 5630, 3014,
557, 5636, 3015,
558, 5644, 3015,
559, 5646, 3015,
560, 5650, 3015,
561, 5655, 3016,
562, 5658, 3017,
563, 5665, 3018,
564, 5665, 3017,
565, 5674, 3018,
566, 5681, 3019,
567, 5685, 3020,
568, 5688, 3019,
569, 5694, 3020,
570, 5694, 3020,
571, 5702, 3021,
572, 5710, 3022,
573, 5712, 3022,
574, 5716, 3023,
575, 5721, 3023,
576, 5722, 3024,
577, 5731, 3023,
578, 5739, 3025,
579, 5740, 3025,
580, 5745, 3026,
581, 5750, 3026,
582, 5751, 3025,
583, 5759, 3027,
584, 5767, 3027,
585, 5768, 3027,
586, 5772, 3028,
587, 5778, 3029,
588, 5779, 3028,
589, 5787, 3030,
590, 5795, 3030,
591, 5798, 3031,
592, 5801, 3031,
593, 5807, 3031,
594, 5809, 3031,
595, 5816, 3033,
596, 5822, 3032,
597, 5826, 3033,
598, 5830, 3034,
599, 5835, 3034,
600, 5845, 3035,
601, 5848, 3035,
602, 5855, 3036,
603, 5865, 3036,
604, 5864, 3037,
605, 5872, 3038,
606, 5875, 3039,
607, 5879, 3038,
608, 5883, 3038,
609, 5886, 3038,
610, 5894, 3039,
611, 5894, 3039,
612, 5904, 3040,
613, 5910, 3041,
614, 5913, 3041,
615, 5917, 3042,
616, 5923, 3043,
617, 5932, 3044,
618, 5934, 3043,
619, 5939, 3044,
620, 5942, 3044,
621, 5944, 3045,
622, 5953, 3045,
623, 5962, 3045,
624, 5963, 3046,
625, 5970, 3047,
626, 5972, 3047,
627, 5976, 3048,
628, 5982, 3048,
629, 5985, 3047,
630, 5991, 3048,
631, 6001, 3049,
632, 6001, 3049,
633, 6009, 3050,
634, 6012, 3050,
635, 6015, 3050,
636, 6021, 3050,
637, 6022, 3051,
638, 6032, 3051,
639, 6040, 3053,
640, 6042, 3052,
641, 6045, 3053,
642, 6051, 3053,
643, 6060, 3054,
644, 6061, 3055,
645, 6067, 3056,
646, 6071, 3054,
647, 6075, 3056,
648, 6082, 3057,
649, 6091, 3057,
650, 6092, 3058,
651, 6098, 3057,
652, 6102, 3058,
653, 6112, 3059,
654, 6119, 3059,
655, 6120, 3060,
656, 6126, 3060,
657, 6132, 3060,
658, 6133, 3061,
659, 6141, 3061,
660, 6149, 3062,
661, 6152, 3062,
662, 6156, 3062,
663, 6162, 3061,
664, 6164, 3063,
665, 6172, 3064,
666, 6179, 3065,
667, 6181, 3065,
668, 6184, 3064,
669, 6191, 3065,
670, 6192, 3066,
671, 6200, 3067,
672, 6210, 3067,
673, 6211, 3068,
674, 6215, 3068,
675, 6222, 3067,
676, 6222, 3067,
677, 6232, 3069,
678, 6240, 3070,
679, 6242, 3070,
680, 6244, 3070,
681, 6252, 3071,
682, 6260, 3071,
683, 6262, 3072,
684, 6267, 3072,
685, 6272, 3072,
686, 6273, 3073,
687, 6283, 3073,
688, 6292, 3073,
689, 6292, 3075,
690, 6299, 3074,
691, 6304, 3074,
692, 6306, 3074,
693, 6313, 3076,
694, 6313, 3076,
695, 6323, 3075,
696, 6329, 3078,
697, 6333, 3077,
698, 6335, 3078,
699, 6344, 3078,
700, 6352, 3078,
701, 6354, 3078,
702, 6360, 3078,
703, 6374, 3080,
704, 6374, 3080,
705, 6381, 3081,
706, 6384, 3080,
707, 6389, 3081,
708, 6394, 3082,
709, 6396, 3082,
710, 6405, 3083,
711, 6414, 3084,
712, 6416, 3084,
713, 6422, 3083,
714, 6427, 3084,
715, 6429, 3084,
716, 6436, 3085,
717, 6438, 3084,
718, 6446, 3086,
719, 6456, 3086,
720, 6458, 3086,
721, 6463, 3087,
722, 6469, 3088,
723, 6471, 3087,
724, 6478, 3088,
725, 6489, 3090,
726, 6490, 3089,
727, 6497, 3088,
728, 6501, 3090,
729, 6504, 3091,
730, 6509, 3090,
731, 6512, 3091,
732, 6521, 3092,
733, 6529, 3092,
734, 6531, 3092,
735, 6537, 3092,
736, 6541, 3093,
737, 6545, 3093,
738, 6552, 3094,
739, 6553, 3093,
740, 6563, 3094,
741, 6571, 3094,
742, 6573, 3095,
743, 6580, 3095,
744, 6583, 3096,
745, 6588, 3095,
746, 6595, 3096,
747, 6605, 3098,
748, 6605, 3098,
749, 6613, 3097,
750, 6616, 3098,
751, 6620, 3098,
752, 6635, 3099,
753, 6637, 3099,
754, 6643, 3100,
755, 6648, 3100,
756, 6651, 3100,
757, 6658, 3100,
758, 6659, 3101,
759, 6669, 3101,
760, 6679, 3103,
761, 6680, 3102,
762, 6683, 3103,
763, 6690, 3103,
764, 6692, 3103,
765, 6701, 3104,
766, 6711, 3105,
767, 6712, 3104,
768, 6718, 3105,
769, 6723, 3105,
770, 6724, 3104,
771, 6734, 3105,
772, 6741, 3106,
773, 6745, 3106,
774, 6749, 3107,
775, 6753, 3108,
776, 6766, 3108,
777, 6765, 3108,
778, 6773, 3107,
779, 6776, 3109,
780, 6781, 3108,
781, 6787, 3109,
782, 6788, 3109,
783, 6797, 3109,
784, 6806, 3110,
785, 6808, 3111,
786, 6813, 3110,
787, 6819, 3112,
788, 6820, 3111,
789, 6831, 3112,
790, 6838, 3112,
791, 6842, 3113,
792, 6843, 3114,
793, 6852, 3113,
794, 6863, 3113,
795, 6863, 3115,
796, 6870, 3115,
797, 6875, 3114,
798, 6877, 3115,
799, 6884, 3115,
800, 6886, 3116,
801, 6902, 3117,
802, 6907, 3115,
803, 6909, 3117,
804, 6917, 3117,
805, 6925, 3118,
806, 6929, 3118,
807, 6933, 3119,
808, 6940, 3120,
809, 6941, 3119,
810, 6952, 3119,
811, 6959, 3120,
812, 6962, 3121,
813, 6967, 3121,
814, 6973, 3121,
815, 6975, 3122,
816, 6985, 3121,
817, 6991, 3122,
818, 6996, 3124,
819, 7000, 3123,
820, 7008, 3124,
821, 7017, 3124,
822, 7018, 3125,
823, 7027, 3124,
824, 7029, 3126,
825, 7036, 3126,
826, 7041, 3126,
827, 7042, 3125,
828, 7052, 3126,
829, 7063, 3127,
830, 7063, 3127,
831, 7071, 3128,
832, 7075, 3127,
833, 7080, 3128,
834, 7087, 3127,
835, 7087, 3128,
836, 7098, 3128,
837, 7105, 3130,
838, 7109, 3130,
839, 7114, 3130,
840, 7122, 3131,
841, 7122, 3131,
842, 7132, 3131,
843, 7140, 3132,
844, 7144, 3133,
845, 7146, 3131,
846, 7156, 3132,
847, 7165, 3132,
848, 7166, 3133,
849, 7172, 3134,
850, 7178, 3134,
851, 7181, 3134,
852, 7197, 3134,
853, 7202, 3135,
854, 7203, 3136,
855, 7212, 3136,
856, 7223, 3137,
857, 7224, 3136,
858, 7231, 3136,
859, 7235, 3138,
860, 7247, 3138,
861, 7248, 3139,
862, 7256, 3139,
863, 7260, 3138,
864, 7264, 3139,
865, 7271, 3139,
866, 7274, 3140,
867, 7283, 3140,
868, 7293, 3140,
869, 7294, 3141,
870, 7301, 3141,
871, 7306, 3140,
872, 7308, 3142,
873, 7318, 3142,
874, 7325, 3142,
875, 7330, 3143,
876, 7333, 3142,
877, 7342, 3143,
878, 7344, 3143,
879, 7353, 3143,
880, 7364, 3144,
881, 7364, 3144,
882, 7374, 3145,
883, 7376, 3144,
884, 7380, 3144,
885, 7388, 3145,
886, 7399, 3146,
887, 7400, 3145,
888, 7408, 3146,
889, 7412, 3146,
890, 7416, 3147,
891, 7425, 3148,
892, 7425, 3146,
893, 7436, 3148,
894, 7442, 3149,
895, 7447, 3149,
896, 7451, 3149,
897, 7459, 3148,
898, 7459, 3150,
899, 7472, 3150,
900, 7480, 3151,
901, 7484, 3149,
902, 7489, 3151,
903, 7507, 3152,
904, 7508, 3153,
905, 7515, 3153,
906, 7519, 3152,
907, 7519, 3153,
908, 7531, 3153,
909, 7540, 3154,
910, 7544, 3153,
911, 7549, 3154,
912, 7556, 3154,
913, 7556, 3154,
914, 7568, 3155,
915, 7577, 3156,
916, 7580, 3156,
917, 7589, 3157,
918, 7593, 3156,
919, 7594, 3156,
920, 7604, 3156,
921, 7614, 3156,
922, 7617, 3157,
923, 7624, 3156,
924, 7628, 3158,
925, 7634, 3158,
926, 7641, 3158,
927, 7652, 3159,
928, 7653, 3159,
929, 7659, 3160,
930, 7667, 3160,
931, 7668, 3160,
932, 7680, 3160,
933, 7680, 3160,
934, 7689, 3162,
935, 7701, 3161,
936, 7702, 3161,
937, 7708, 3161,
938, 7716, 3161,
939, 7718, 3161,
940, 7728, 3162,
941, 7728, 3162,
942, 7740, 3164,
943, 7750, 3164,
944, 7753, 3164,
945, 7758, 3164,
946, 7765, 3164,
947, 7767, 3163,
948, 7778, 3164,
949, 7789, 3164,
950, 7790, 3166,
951, 7797, 3166,
952, 7814, 3166,
953, 7814, 3166,
954, 7823, 3167,
955, 7827, 3166,
956, 7832, 3166,
957, 7839, 3168,
958, 7839, 3168,
959, 7852, 3168,
960, 7861, 3169,
961, 7865, 3168,
962, 7870, 3168,
963, 7877, 3170,
964, 7880, 3168,
965, 7890, 3169,
966, 7889, 3170,
967, 7902, 3170,
968, 7910, 3170,
969, 7914, 3170,
970, 7919, 3171,
971, 7928, 3172,
972, 7929, 3171,
973, 7940, 3172,
974, 7952, 3173,
975, 7953, 3172,
976, 7962, 3171,
977, 7965, 3172,
978, 7971, 3172,
979, 7978, 3174,
980, 7980, 3173,
981, 7991, 3174,
982, 8004, 3174,
983, 8004, 3174,
984, 8013, 3175,
985, 8017, 3175,
986, 8024, 3174,
987, 8030, 3174,
988, 8030, 3176,
989, 8042, 3176,
990, 8052, 3176,
991, 8055, 3177,
992, 8061, 3176,
993, 8068, 3178,
994, 8070, 3178,
995, 8081, 3178,
996, 8091, 3178,
997, 8093, 3178,
998, 8102, 3177,
999, 8106, 3179,
1000, 8107, 3178,
1000, 3579, 1991,
