1, 3590, 2292,
2, 3615, 2899,
3, 3611, 2883,
4, 3611, 2879,
5, 3612, 2879,
6, 3612, 2878,
7, 3612, 2870,
8, 3616, 2873,
9, 3621, 2875,
10, 3621, 2869,
11, 3624, 2869,
12, 3628, 2873,
13, 3633, 2874,
14, 3634, 2869,
15, 3637, 2873,
16, 3640, 2875,
17, 3642, 2872,
18, 3646, 2871,
19, 3652, 2874,
20, 3653, 2875,
21, 3656, 2875,
22, 3659, 2876,
23, 3661, 2877,
24, 3666, 2877,
25, 3672, 2878,
26, 3672, 2881,
27, 3677, 2881,
28, 3679, 2880,
29, 3682, 2882,
30, 3685, 2882,
31, 3686, 2882,
32, 3692, 2883,
33, 3698, 2886,
34, 3698, 2884,
35, 3703, 2886,
36, 3705, 2887,
37, 3708, 2888,
38, 3712, 2888,
39, 3713, 2890,
40, 3718, 2890,
41, 3724, 2893,
42, 3724, 2895,
43, 3728, 2896,
44, 3731, 2896,
45, 3733, 2896,
46, 3738, 2898,
47, 3738, 2896,
48, 3744, 2899,
49, 3748, 2899,
50, 3752, 2901,
51, 3751, 2900,
52, 3761, 2903,
53, 3764, 2906,
54, 3765, 2905,
55, 3771, 2908,
56, 3777, 2909,
57, 3778, 2909,
58, 3782, 2910,
59, 3785, 2912,
60, 3787, 2912,
61, 3791, 2913,
62, 3798, 2915,
63, 3798, 2915,
64, 3801, 2917,
65, 3804, 2918,
66, 3805, 2919,
67, 3812, 2919,
68, 3816, 2923,
69, 3818, 2924,
70, 3821, 2924,
71, 3825, 2925,
72, 3825, 2925,
73, 3831, 2926,
74, 3837, 2929,
75, 3838, 2928,
76, 3840, 2931,
77, 3845, 2931,
78, 3846, 2931,
79, 3851, 2933,
80, 3856, 2935,
81, 3857, 2935,
82, 3861, 2937,
83, 3865, 2937,
84, 3866, 2937,
85, 3871, 2940,
86, 3877, 2942,
87, 3878, 2942,
88, 3881, 2943,
89, 3884, 2944,
90, 3886, 2944,
91, 3891, 2946,
92, 3897, 2948,
93, 3897, 2949,
94, 3903, 2950,
95, 3904, 2952,
96, 3908, 2953,
97, 3911, 2953,
98, 3915, 2956,
99, 3918, 2955,
100, 3921, 2957,
101, 3930, 2961,
102, 3931, 2961,
103, 3935, 2961,
104, 3938, 2963,
105, 3940, 2963,
106, 3945, 2966,
107, 3950, 2967,
108, 3951, 2968,
109, 3955, 2968,
110, 3957, 2971,
111, 3958, 2970,
112, 3964, 2972,
113, 3968, 2975,
114, 3972, 2974,
115, 3974, 2975,
116, 3978, 2978,
117, 3979, 2977,
118, 3985, 2979,
119, 3990, 2982,
120, 3991, 2983,
121, 3994, 2984,
122, 3998, 2985,
123, 4000, 2985,
124, 4004, 2988,
125, 4012, 2989,
126, 4011, 2990,
127, 4017, 2991,
128, 4018, 2993,
129, 4020, 2993,
130, 4025, 2995,
131, 4025, 2995,
132, 4032, 2998,
133, 4035, 2998,
134, 4038, 3000,
135, 4040, 3000,
136, 4045, 3002,
137, 4050, 3004,
138, 4052, 3005,
139, 4054, 3005,
140, 4058, 3007,
141, 4064, 3008,
142, 4065, 3009,
143, 4067, 3010,
144, 4071, 3012,
145, 4078, 3013,
146, 4078, 3014,
147, 4080, 3015,
148, 4085, 3017,
149, 4091, 3020,
150, 4092, 3020,
151, 4097, 3022,
152, 4099, 3021,
153, 4105, 3024,
154, 4110, 3025,
155, 4112, 3026,
156, 4115, 3027,
157, 4118, 3029,
158, 4120, 3029,
159, 4125, 3031,
160, 4131, 3034,
161, 4132, 3035,
162, 4138, 3037,
163, 4138, 3037,
164, 4141, 3038,
165, 4146, 3039,
166, 4150, 3041,
167, 4152, 3042,
168, 4154, 3044,
169, 4159, 3043,
170, 4160, 3044,
171, 4166, 3045,
172, 4172, 3048,
173, 4173, 3049,
174, 4176, 3051,
175, 4179, 3052,
176, 4182, 3053,
177, 4186, 3054,
178, 4187, 3053,
179, 4192, 3057,
180, 4198, 3058,
181, 4199, 3059,
182, 4202, 3061,
183, 4206, 3062,
184, 4212, 3063,
185, 4213, 3064,
186, 4216, 3065,
187, 4219, 3066,
188, 4220, 3067,
189, 4226, 3069,
190, 4232, 3071,
191, 4232, 3071,
192, 4236, 3073,
193, 4239, 3073,
194, 4241, 3075,
195, 4246, 3075,
196, 4246, 3077,
197, 4252, 3078,
198, 4258, 3081,
199, 4259, 3080,
200, 4263, 3082,
201, 4272, 3087,
202, 4272, 3087,
203, 4276, 3087,
204, 4279, 3089,
205, 4281, 3089,
206, 4286, 3091,
207, 4286, 3091,
208, 4293, 3093,
209, 4298, 3095,
210, 4300, 3096,
211, 4303, 3097,
212, 4305, 3098,
213, 4308, 3100,
214, 4313, 3102,
215, 4313, 3102,
216, 4319, 3104,
217, 4324, 3106,
218, 4326, 3107,
219, 4329, 3108,
220, 4333, 3110,
221, 4340, 3112,
222, 4340, 3112,
223, 4344, 3113,
224, 4346, 3115,
225, 4349, 3115,
226, 4353, 3117,
227, 4355, 3117,
228, 4359, 3119,
229, 4366, 3122,
230, 4367, 3123,
231, 4372, 3123,
232, 4373, 3125,
233, 4375, 3125,
234, 4380, 3127,
235, 4386, 3129,
236, 4387, 3131,
237, 4391, 3131,
238, 4394, 3131,
239, 4396, 3133,
240, 4400, 3134,
241, 4400, 3134,
242, 4407, 3136,
243, 4412, 3138,
244, 4414, 3140,
245, 4417, 3141,
246, 4421, 3142,
247, 4427, 3146,
248, 4427, 3144,
249, 4431, 3146,
250, 4434, 3148,
251, 4436, 3148,
252, 4445, 3151,
253, 4448, 3152,
254, 4449, 3154,
255, 4454, 3155,
256, 4454, 3156,
257, 4461, 3158,
258, 4466, 3161,
259, 4468, 3161,
260, 4471, 3161,
261, 4474, 3163,
262, 4476, 3164,
263, 4481, 3165,
264, 4481, 3165,
265, 4488, 3169,
266, 4493, 3169,
267, 4494, 3170,
268, 4498, 3172,
269, 4501, 3172,
270, 4502, 3174,
271, 4507, 3174,
272, 4508, 3176,
273, 4515, 3178,
274, 4520, 3180,
275, 4521, 3180,
276, 4524, 3181,
277, 4528, 3183,
278, 4529, 3183,
279, 4534, 3185,
280, 4540, 3187,
281, 4541, 3188,
282, 4546, 3190,
283, 4547, 3191,
284, 4549, 3191,
285, 4555, 3193,
286, 4561, 3195,
287, 4561, 3195,
288, 4566, 3196,
289, 4568, 3198,
290, 4571, 3198,
291, 4575, 3201,
292, 4576, 3200,
293, 4582, 3202,
294, 4588, 3204,
295, 4588, 3206,
296, 4592, 3208,
297, 4595, 3208,
298, 4597, 3209,
299, 4601, 3212,
300, 4607, 3212,
301, 4609, 3213,
302, 4615, 3216,
303, 4621, 3219,
304, 4622, 3218,
305, 4625, 3220,
306, 4629, 3222,
307, 4630, 3222,
308, 4635, 3224,
309, 4641, 3226,
310, 4642, 3226,
311, 4646, 3228,
312, 4649, 3228,
313, 4651, 3228,
314, 4655, 3231,
315, 4656, 3230,
316, 4662, 3233,
317, 4666, 3234,
318, 4669, 3237,
319, 4670, 3236,
320, 4676, 3239,
321, 4681, 3240,
322, 4682, 3241,
323, 4684, 3241,
324, 4689, 3243,
325, 4696, 3245,
326, 4695, 3246,
327, 4700, 3249,
328, 4702, 3250,
329, 4705, 3250,
330, 4709, 3251,
331, 4709, 3253,
332, 4716, 3254,
333, 4722, 3257,
334, 4723, 3256,
335, 4727, 3258,
336, 4730, 3259,
337, 4732, 3261,
338, 4735, 3261,
339, 4741, 3263,
340, 4742, 3265,
341, 4746, 3266,
342, 4749, 3267,
343, 4750, 3266,
344, 4756, 3269,
345, 4761, 3272,
346, 4763, 3271,
347, 4767, 3274,
348, 4770, 3274,
349, 4772, 3276,
350, 4776, 3277,
351, 4783, 3279,
352, 4785, 3280,
353, 4790, 3283,
354, 4790, 3282,
355, 4797, 3284,
356, 4800, 3285,
357, 4804, 3287,
358, 4804, 3288,
359, 4811, 3289,
360, 4816, 3291,
361, 4817, 3292,
362, 4820, 3292,
363, 4824, 3294,
364, 4829, 3296,
365, 4831, 3298,
366, 4833, 3297,
367, 4836, 3299,
368, 4838, 3300,
369, 4844, 3301,
370, 4849, 3303,
371, 4850, 3304,
372, 4854, 3306,
373, 4858, 3308,
374, 4859, 3308,
375, 4864, 3310,
376, 4870, 3312,
377, 4871, 3313,
378, 4875, 3314,
379, 4877, 3314,
380, 4878, 3315,
381, 4885, 3317,
382, 4890, 3319,
383, 4891, 3319,
384, 4895, 3319,
385, 4898, 3321,
386, 4899, 3322,
387, 4905, 3324,
388, 4912, 3327,
389, 4912, 3327,
390, 4917, 3329,
391, 4918, 3329,
392, 4922, 3331,
393, 4925, 3332,
394, 4927, 3332,
395, 4932, 3335,
396, 4937, 3337,
397, 4939, 3337,
398, 4942, 3339,
399, 4946, 3339,
400, 4948, 3341,
401, 4957, 3344,
402, 4959, 3345,
403, 4962, 3346,
404, 4966, 3348,
405, 4968, 3348,
406, 4973, 3351,
407, 4979, 3351,
408, 4980, 3352,
409, 4982, 3354,
410, 4987, 3356,
411, 4994, 3357,
412, 4994, 3358,
413, 4996, 3358,
414, 5001, 3360,
415, 5001, 3360,
416, 5008, 3363,
417, 5014, 3364,
418, 5015, 3365,
419, 5019, 3367,
420, 5022, 3367,
421, 5023, 3367,
422, 5028, 3371,
423, 5035, 3372,
424, 5034, 3373,
425, 5039, 3374,
426, 5042, 3376,
427, 5043, 3376,
428, 5048, 3378,
429, 5048, 3378,
430, 5055, 3381,
431, 5061, 3382,
432, 5062, 3382,
433, 5064, 3384,
434, 5069, 3386,
435, 5070, 3386,
436, 5076, 3387,
437, 5081, 3390,
438, 5084, 3391,
439, 5087, 3391,
440, 5090, 3393,
441, 5091, 3393,
442, 5097, 3396,
443, 5103, 3398,
444, 5104, 3398,
445, 5106, 3399,
446, 5110, 3400,
447, 5111, 3401,
448, 5118, 3402,
449, 5124, 3405,
450, 5124, 3406,
451, 5129, 3407,
452, 5132, 3408,
453, 5138, 3410,
454, 5143, 3412,
455, 5145, 3414,
456, 5147, 3415,
457, 5152, 3416,
458, 5152, 3416,
459, 5158, 3419,
460, 5162, 3420,
461, 5165, 3421,
462, 5167, 3422,
463, 5172, 3423,
464, 5178, 3426,
465, 5179, 3427,
466, 5183, 3428,
467, 5186, 3428,
468, 5187, 3428,
469, 5192, 3432,
470, 5198, 3433,
471, 5200, 3434,
472, 5201, 3434,
473, 5206, 3435,
474, 5207, 3436,
475, 5214, 3439,
476, 5219, 3441,
477, 5220, 3441,
478, 5224, 3443,
479, 5227, 3444,
480, 5166, 3494,
481, 5232, 3442,
482, 5239, 3438,
483, 5241, 3446,
484, 5244, 3445,
485, 5248, 3443,
486, 5248, 3448,
487, 5254, 3451,
488, 5258, 3449,
489, 5261, 3448,
490, 5267, 3451,
491, 5268, 3454,
492, 5271, 3452,
493, 5274, 3454,
494, 5274, 3457,
495, 5282, 3457,
496, 5287, 3458,
497, 5288, 3462,
498, 5293, 3462,
499, 5309, 3466,
500, 5315, 3469,
501, 5341, 3476,
502, 5345, 3474,
503, 5347, 3474,
504, 5355, 3477,
505, 5362, 3475,
506, 5364, 3476,
507, 5368, 3479,
508, 5373, 3480,
509, 5373, 3477,
510, 5383, 3479,
511, 5388, 3480,
512, 5392, 3480,
513, 5396, 3480,
514, 5402, 3483,
515, 5410, 3484,
516, 5411, 3483,
517, 5413, 3484,
518, 5419, 3485,
519, 5421, 3484,
520, 5428, 3486,
521, 5435, 3487,
522, 5440, 3487,
523, 5440, 3487,
524, 5448, 3488,
525, 5457, 3490,
526, 5458, 3489,
527, 5462, 3489,
528, 5467, 3491,
529, 5476, 3492,
530, 5477, 3490,
531, 5483, 3492,
532, 5486, 3493,
533, 5490, 3493,
534, 5495, 3494,
535, 5501, 3494,
536, 5506, 3496,
537, 5507, 3495,
538, 5516, 3498,
539, 5522, 3498,
540, 5530, 3498,
541, 5532, 3499,
542, 5540, 3502,
543, 5547, 3501,
544, 5552, 3501,
545, 5562, 3504,
546, 5565, 3504,
547, 5568, 3505,
548, 5575, 3505,
549, 5575, 3505,
550, 5589, 3506,
551, 5593, 3507,
552, 5594, 3507,
553, 5601, 3507,
554, 5608, 3508,
555, 5612, 3510,
556, 5620, 3511,
557, 5621, 3511,
558, 5626, 3511,
559, 5631, 3512,
560, 5633, 3512,
561, 5641, 3513,
562, 5646, 3514,
563, 5651, 3514,
564, 5653, 3516,
565, 5659, 3517,
566, 5659, 3517,
567, 5670, 3517,
568, 5675, 3518,
569, 5679, 3519,
570, 5682, 3518,
571, 5689, 3520,
572, 5698, 3520,
573, 5698, 3521,
574, 5702, 3520,
575, 5707, 3522,
576, 5709, 3521,
577, 5716, 3522,
578, 5723, 3524,
579, 5726, 3523,
580, 5731, 3523,
581, 5735, 3525,
582, 5737, 3525,
583, 5745, 3526,
584, 5753, 3526,
585, 5755, 3528,
586, 5759, 3528,
587, 5765, 3527,
588, 5770, 3528,
589, 5775, 3528,
590, 5777, 3528,
591, 5784, 3530,
592, 5792, 3530,
593, 5794, 3530,
594, 5796, 3532,
595, 5804, 3533,
596, 5810, 3531,
597, 5812, 3532,
598, 5817, 3533,
599, 5831, 3534,
600, 5832, 3535,
601, 5837, 3536,
602, 5841, 3535,
603, 5842, 3536,
604, 5851, 3538,
605, 5856, 3537,
606, 5861, 3538,
607, 5864, 3538,
608, 5869, 3539,
609, 5870, 3538,
610, 5881, 3540,
611, 5887, 3541,
612, 5890, 3541,
613, 5892, 3542,
614, 5900, 3543,
615, 5909, 3543,
616, 5909, 3545,
617, 5915, 3543,
618, 5921, 3545,
619, 5923, 3545,
620, 5931, 3547,
621, 5933, 3546,
622, 5938, 3546,
623, 5939, 3547,
624, 5950, 3547,
625, 5958, 3549,
626, 5960, 3549,
627, 5960, 3547,
628, 5969, 3549,
629, 5978, 3550,
630, 5979, 3550,
631, 5980, 3551,
632, 5989, 3550,
633, 5996, 3551,
634, 5998, 3552,
635, 6002, 3552,
636, 6009, 3553,
637, 6017, 3553,
638, 6019, 3554,
639, 6020, 3554,
640, 6030, 3555,
641, 6036, 3556,
642, 6038, 3556,
643, 6043, 3556,
644, 6050, 3557,
645, 6051, 3557,
646, 6059, 3559,
647, 6068, 3560,
648, 6069, 3559,
649, 6073, 3559,
650, 6087, 3561,
651, 6089, 3562,
652, 6094, 3562,
653, 6099, 3562,
654, 6100, 3563,
655, 6109, 3563,
656, 6116, 3565,
657, 6118, 3565,
658, 6122, 3564,
659, 6128, 3565,
660, 6129, 3565,
661, 6137, 3565,
662, 6144, 3565,
663, 6148, 3567,
664, 6153, 3567,
665, 6156, 3568,
666, 6166, 3568,
667, 6168, 3568,
668, 6174, 3569,
669, 6179, 3569,
670, 6179, 3570,
671, 6187, 3571,
672, 6198, 3571,
673, 6198, 3572,
674, 6206, 3572,
675, 6208, 3571,
676, 6213, 3572,
677, 6218, 3573,
678, 6218, 3573,
679, 6228, 3573,
680, 6234, 3574,
681, 6238, 3575,
682, 6241, 3576,
683, 6248, 3576,
684, 6257, 3576,
685, 6259, 3576,
686, 6265, 3577,
687, 6269, 3578,
688, 6274, 3578,
689, 6280, 3578,
690, 6280, 3579,
691, 6289, 3580,
692, 6297, 3580,
693, 6299, 3580,
694, 6303, 3581,
695, 6308, 3581,
696, 6313, 3582,
697, 6322, 3583,
698, 6330, 3584,
699, 6332, 3584,
700, 6334, 3583,
701, 6346, 3585,
702, 6350, 3586,
703, 6353, 3586,
704, 6362, 3586,
705, 6371, 3588,
706, 6374, 3588,
707, 6378, 3587,
708, 6383, 3588,
709, 6387, 3588,
710, 6395, 3589,
711, 6404, 3590,
712, 6404, 3589,
713, 6410, 3590,
714, 6413, 3591,
715, 6416, 3592,
716, 6421, 3591,
717, 6428, 3591,
718, 6431, 3591,
719, 6434, 3592,
720, 6442, 3592,
721, 6453, 3594,
722, 6453, 3593,
723, 6462, 3595,
724, 6464, 3595,
725, 6469, 3595,
726, 6475, 3596,
727, 6477, 3596,
728, 6485, 3596,
729, 6497, 3598,
730, 6496, 3597,
731, 6503, 3597,
732, 6506, 3598,
733, 6512, 3599,
734, 6518, 3599,
735, 6520, 3600,
736, 6529, 3600,
737, 6537, 3600,
738, 6539, 3602,
739, 6543, 3601,
740, 6549, 3601,
741, 6551, 3602,
742, 6560, 3602,
743, 6569, 3604,
744, 6571, 3604,
745, 6575, 3605,
746, 6582, 3605,
747, 6584, 3604,
748, 6593, 3606,
749, 6603, 3607,
750, 6606, 3606,
751, 6614, 3608,
752, 6623, 3610,
753, 6626, 3609,
754, 6630, 3609,
755, 6636, 3608,
756, 6647, 3611,
757, 6647, 3611,
758, 6655, 3611,
759, 6659, 3610,
760, 6662, 3612,
761, 6669, 3611,
762, 6680, 3613,
763, 6680, 3613,
764, 6688, 3613,
765, 6690, 3613,
766, 6697, 3614,
767, 6702, 3614,
768, 6702, 3614,
769, 6713, 3615,
770, 6723, 3616,
771, 6723, 3616,
772, 6731, 3617,
773, 6735, 3617,
774, 6738, 3617,
775, 6746, 3617,
776, 6757, 3618,
777, 6757, 3618,
778, 6763, 3620,
779, 6767, 3619,
780, 6770, 3620,
781, 6779, 3620,
782, 6788, 3620,
783, 6789, 3621,
784, 6794, 3622,
785, 6800, 3621,
786, 6810, 3622,
787, 6812, 3622,
788, 6818, 3623,
789, 6823, 3623,
790, 6825, 3624,
791, 6834, 3623,
792, 6843, 3626,
793, 6845, 3626,
794, 6848, 3624,
795, 6857, 3625,
796, 6866, 3627,
797, 6869, 3627,
798, 6873, 3627,
799, 6885, 3628,
800, 6889, 3628,
801, 6892, 3629,
802, 6901, 3629,
803, 6911, 3628,
804, 6912, 3629,
805, 6917, 3629,
806, 6924, 3631,
807, 6925, 3632,
808, 6935, 3632,
809, 6945, 3632,
810, 6945, 3632,
811, 6950, 3632,
812, 6957, 3632,
813, 6968, 3633,
814, 6969, 3633,
815, 6975, 3633,
816, 6980, 3634,
817, 6983, 3634,
818, 6991, 3636,
819, 7002, 3636,
820, 7003, 3635,
821, 7009, 3635,
822, 7014, 3636,
823, 7018, 3638,
824, 7025, 3636,
825, 7037, 3638,
826, 7037, 3639,
827, 7044, 3638,
828, 7047, 3638,
829, 7052, 3640,
830, 7059, 3640,
831, 7061, 3640,
832, 7071, 3639,
833, 7079, 3641,
834, 7082, 3641,
835, 7086, 3641,
836, 7094, 3642,
837, 7095, 3642,
838, 7105, 3642,
839, 7115, 3643,
840, 7116, 3644,
841, 7121, 3644,
842, 7127, 3644,
843, 7130, 3645,
844, 7140, 3645,
845, 7148, 3646,
846, 7151, 3646,
847, 7156, 3646,
848, 7163, 3647,
849, 7163, 3647,
850, 7180, 3647,
851, 7186, 3647,
852, 7189, 3648,
853, 7197, 3649,
854, 7197, 3649,
855, 7210, 3649,
856, 7215, 3651,
857, 7221, 3651,
858, 7226, 3650,
859, 7232, 3650,
860, 7244, 3651,
861, 7244, 3651,
862, 7254, 3653,
863, 7256, 3653,
864, 7260, 3653,
865, 7267, 3653,
866, 7279, 3654,
867, 7279, 3653,
868, 7287, 3655,
869, 7291, 3655,
870, 7295, 3655,
871, 7303, 3655,
872, 7304, 3654,
873, 7316, 3656,
874, 7324, 3658,
875, 7327, 3657,
876, 7339, 3657,
877, 7339, 3657,
878, 7348, 3658,
879, 7352, 3658,
880, 7355, 3658,
881, 7362, 3659,
882, 7372, 3661,
883, 7375, 3660,
884, 7379, 3660,
885, 7386, 3661,
886, 7389, 3660,
887, 7399, 3662,
888, 7410, 3661,
889, 7411, 3662,
890, 7419, 3662,
891, 7424, 3663,
892, 7427, 3664,
893, 7435, 3663,
894, 7435, 3665,
895, 7448, 3664,
896, 7456, 3667,
897, 7460, 3665,
898, 7464, 3665,
899, 7471, 3666,
900, 7475, 3667,
901, 7492, 3668,
902, 7495, 3668,
903, 7500, 3668,
904, 7508, 3669,
905, 7515, 3669,
906, 7520, 3670,
907, 7520, 3670,
908, 7532, 3670,
909, 7539, 3669,
910, 7543, 3670,
911, 7548, 3671,
912, 7555, 3671,
913, 7567, 3672,
914, 7568, 3673,
915, 7571, 3672,
916, 7581, 3673,
917, 7591, 3672,
918, 7592, 3673,
919, 7599, 3673,
920, 7606, 3674,
921, 7608, 3675,
922, 7618, 3674,
923, 7618, 3674,
924, 7629, 3676,
925, 7640, 3675,
926, 7643, 3677,
927, 7650, 3676,
928, 7653, 3676,
929, 7658, 3678,
930, 7667, 3677,
931, 7667, 3677,
932, 7680, 3677,
933, 7687, 3678,
934, 7692, 3678,
935, 7692, 3678,
936, 7705, 3679,
937, 7716, 3680,
938, 7716, 3680,
939, 7722, 3680,
940, 7729, 3680,
941, 7743, 3681,
942, 7743, 3681,
943, 7751, 3681,
944, 7754, 3682,
945, 7761, 3682,
946, 7767, 3682,
947, 7769, 3682,
948, 7778, 3683,
949, 7791, 3685,
950, 7796, 3684,
951, 7805, 3684,
952, 7806, 3683,
953, 7816, 3685,
954, 7828, 3686,
955, 7830, 3686,
956, 7838, 3685,
957, 7841, 3686,
958, 7847, 3685,
959, 7854, 3686,
960, 7858, 3686,
961, 7868, 3687,
962, 7876, 3688,
963, 7879, 3688,
964, 7886, 3688,
965, 7892, 3688,
966, 7896, 3689,
967, 7907, 3689,
968, 7918, 3691,
969, 7919, 3690,
970, 7925, 3690,
971, 7932, 3690,
972, 7933, 3689,
973, 7945, 3691,
974, 7953, 3691,
975, 7956, 3691,
976, 7963, 3691,
977, 7972, 3691,
978, 7972, 3691,
979, 7982, 3692,
980, 7991, 3693,
981, 7996, 3693,
982, 8000, 3693,
983, 8009, 3693,
984, 8011, 3694,
985, 8021, 3694,
986, 8032, 3695,
987, 8035, 3695,
988, 8040, 3695,
989, 8048, 3696,
990, 8051, 3695,
991, 8060, 3696,
992, 8061, 3696,
993, 8073, 3697,
994, 8083, 3696,
995, 8087, 3696,
996, 8089, 3697,
997, 8100, 3697,
998, 8111, 3697,
999, 6396, 3413,
1000, 3583, 2804,
