1, 3517, 8857,
2, 3540, 11844,
3, 3537, 11821,
4, 3537, 11801,
5, 3540, 11791,
6, 3539, 11784,
7, 3542, 11779,
8, 3543, 11777,
9, 3544, 11776,
10, 3548, 11780,
11, 3554, 11787,
12, 3554, 11785,
13, 3558, 11790,
14, 3560, 11793,
15, 3563, 11794,
16, 3566, 11799,
17, 3567, 11800,
18, 3573, 11806,
19, 3577, 11811,
20, 3579, 11814,
21, 3581, 11817,
22, 3586, 11823,
23, 3591, 11830,
24, 3592, 11833,
25, 3595, 11837,
26, 3599, 11840,
27, 3605, 11851,
28, 3605, 11849,
29, 3610, 11856,
30, 3612, 11857,
31, 3612, 11859,
32, 3618, 11867,
33, 3623, 11874,
34, 3624, 11877,
35, 3628, 11881,
36, 3631, 11886,
37, 3632, 11886,
38, 3638, 11893,
39, 3643, 11903,
40, 3644, 11904,
41, 3647, 11909,
42, 3651, 11914,
43, 3656, 11923,
44, 3657, 11922,
45, 3661, 11929,
46, 3664, 11934,
47, 3666, 11937,
48, 3670, 11943,
49, 3671, 11944,
50, 3677, 11954,
51, 3682, 11962,
52, 3688, 11972,
53, 3690, 11976,
54, 3691, 11975,
55, 3697, 11984,
56, 3701, 11991,
57, 3703, 11997,
58, 3705, 12001,
59, 3710, 12006,
60, 3715, 12015,
61, 3716, 12019,
62, 3720, 12023,
63, 3723, 12026,
64, 3724, 12029,
65, 3729, 12039,
66, 3733, 12044,
67, 3735, 12050,
68, 3737, 12051,
69, 3742, 12059,
70, 3748, 12070,
71, 3749, 12070,
72, 3751, 12073,
73, 3755, 12080,
74, 3756, 12080,
75, 3762, 12089,
76, 3766, 12096,
77, 3768, 12102,
78, 3770, 12104,
79, 3775, 12110,
80, 3781, 12120,
81, 3781, 12120,
82, 3783, 12125,
83, 3788, 12131,
84, 3794, 12142,
85, 3794, 12143,
86, 3798, 12148,
87, 3801, 12152,
88, 3802, 12153,
89, 3807, 12162,
90, 3813, 12173,
91, 3814, 12173,
92, 3818, 12179,
93, 3820, 12184,
94, 3823, 12187,
95, 3827, 12194,
96, 3827, 12195,
97, 3833, 12207,
98, 3838, 12212,
99, 3840, 12215,
100, 3841, 12218,
101, 3850, 12234,
102, 3853, 12238,
103, 3854, 12238,
104, 3860, 12248,
105, 3864, 12257,
106, 3866, 12261,
107, 3869, 12265,
108, 3873, 12270,
109, 3874, 12272,
110, 3880, 12281,
111, 3885, 12291,
112, 3886, 12292,
113, 3890, 12300,
114, 3893, 12303,
115, 3895, 12306,
116, 3899, 12314,
117, 3900, 12314,
118, 3906, 12325,
119, 3910, 12331,
120, 3912, 12334,
121, 3914, 12338,
122, 3919, 12347,
123, 3925, 12354,
124, 3925, 12357,
125, 3929, 12364,
126, 3932, 12369,
127, 3933, 12370,
128, 3938, 12378,
129, 3944, 12387,
130, 3945, 12387,
131, 3948, 12394,
132, 3952, 12399,
133, 3952, 12401,
134, 3958, 12410,
135, 3963, 12419,
136, 3964, 12419,
137, 3970, 12430,
138, 3971, 12430,
139, 3975, 12435,
140, 3978, 12440,
141, 3980, 12444,
142, 3984, 12453,
143, 3985, 12453,
144, 3991, 12463,
145, 3996, 12473,
146, 3998, 12474,
147, 3999, 12479,
148, 4004, 12483,
149, 4010, 12494,
150, 4011, 12496,
151, 4015, 12502,
152, 4023, 12518,
153, 4024, 12517,
154, 4028, 12524,
155, 4030, 12527,
156, 4032, 12530,
157, 4037, 12538,
158, 4043, 12550,
159, 4044, 12549,
160, 4048, 12557,
161, 4050, 12561,
162, 4051, 12564,
163, 4057, 12572,
164, 4063, 12582,
165, 4063, 12583,
166, 4067, 12591,
167, 4070, 12594,
168, 4071, 12597,
169, 4076, 12604,
170, 4076, 12604,
171, 4083, 12615,
172, 4087, 12623,
173, 4089, 12627,
174, 4089, 12628,
175, 4096, 12639,
176, 4101, 12647,
177, 4102, 12650,
178, 4106, 12658,
179, 4109, 12661,
180, 4110, 12662,
181, 4116, 12673,
182, 4122, 12682,
183, 4122, 12682,
184, 4127, 12690,
185, 4129, 12695,
186, 4130, 12695,
187, 4136, 12704,
188, 4141, 12713,
189, 4142, 12715,
190, 4145, 12720,
191, 4149, 12726,
192, 4150, 12729,
193, 4155, 12738,
194, 4158, 12742,
195, 4162, 12747,
196, 4165, 12754,
197, 4168, 12759,
198, 4169, 12761,
199, 4175, 12770,
200, 4179, 12778,
201, 4187, 12791,
202, 4188, 12794,
203, 4192, 12799,
204, 4195, 12804,
205, 4196, 12809,
206, 4202, 12817,
207, 4206, 12825,
208, 4208, 12829,
209, 4211, 12834,
210, 4214, 12839,
211, 4216, 12842,
212, 4221, 12851,
213, 4221, 12851,
214, 4228, 12862,
215, 4232, 12867,
216, 4234, 12873,
217, 4235, 12874,
218, 4241, 12882,
219, 4246, 12893,
220, 4247, 12892,
221, 4249, 12896,
222, 4254, 12905,
223, 4254, 12906,
224, 4260, 12916,
225, 4264, 12923,
226, 4267, 12927,
227, 4268, 12929,
228, 4274, 12938,
229, 4280, 12948,
230, 4280, 12950,
231, 4283, 12955,
232, 4287, 12960,
233, 4292, 12969,
234, 4293, 12971,
235, 4297, 12975,
236, 4300, 12980,
237, 4302, 12985,
238, 4306, 12993,
239, 4312, 13000,
240, 4313, 13004,
241, 4317, 13010,
242, 4319, 13014,
243, 4321, 13018,
244, 4326, 13024,
245, 4332, 13037,
246, 4332, 13035,
247, 4336, 13041,
248, 4339, 13049,
249, 4340, 13050,
250, 4345, 13059,
251, 4350, 13066,
252, 4358, 13080,
253, 4359, 13082,
254, 4362, 13086,
255, 4365, 13093,
256, 4371, 13104,
257, 4372, 13103,
258, 4374, 13111,
259, 4378, 13113,
260, 4378, 13117,
261, 4385, 13126,
262, 4388, 13134,
263, 4391, 13137,
264, 4392, 13139,
265, 4398, 13149,
266, 4401, 13154,
267, 4404, 13157,
268, 4405, 13163,
269, 4411, 13171,
270, 4415, 13177,
271, 4417, 13182,
272, 4420, 13183,
273, 4424, 13193,
274, 4430, 13203,
275, 4430, 13203,
276, 4435, 13213,
277, 4437, 13216,
278, 4440, 13220,
279, 4443, 13225,
280, 4445, 13230,
281, 4450, 13237,
282, 4457, 13247,
283, 4457, 13249,
284, 4460, 13255,
285, 4463, 13260,
286, 4469, 13271,
287, 4469, 13271,
288, 4473, 13277,
289, 4476, 13279,
290, 4477, 13284,
291, 4483, 13293,
292, 4488, 13302,
293, 4489, 13304,
294, 4492, 13308,
295, 4496, 13315,
296, 4502, 13326,
297, 4502, 13327,
298, 4504, 13330,
299, 4509, 13338,
300, 4509, 13340,
301, 4518, 13354,
302, 4522, 13360,
303, 4523, 13363,
304, 4529, 13369,
305, 4534, 13381,
306, 4535, 13382,
307, 4538, 13386,
308, 4542, 13393,
309, 4544, 13396,
310, 4548, 13404,
311, 4554, 13379,
312, 4555, 13416,
313, 4560, 13425,
314, 4561, 13426,
315, 4564, 13432,
316, 4568, 13438,
317, 4574, 13449,
318, 4574, 13452,
319, 4578, 13456,
320, 4581, 13461,
321, 4582, 13463,
322, 4588, 13471,
323, 4592, 13480,
324, 4594, 13483,
325, 4596, 13484,
326, 4601, 13494,
327, 4607, 13469,
328, 4608, 13506,
329, 4611, 13511,
330, 4614, 13516,
331, 4616, 13520,
332, 4621, 13528,
333, 4621, 13529,
334, 4627, 13538,
335, 4632, 13546,
336, 4634, 13548,
337, 4637, 13554,
338, 4641, 13561,
339, 4641, 13564,
340, 4647, 13572,
341, 4650, 13577,
342, 4654, 13582,
343, 4654, 13585,
344, 4661, 13593,
345, 4665, 13600,
346, 4667, 13605,
347, 4669, 13609,
348, 4674, 13615,
349, 4679, 13624,
350, 4680, 13628,
351, 4683, 13631,
352, 4692, 13648,
353, 4694, 13648,
354, 4697, 13654,
355, 4701, 13660,
356, 4703, 13664,
357, 4707, 13672,
358, 4707, 13674,
359, 4714, 13681,
360, 4718, 13688,
361, 4720, 13694,
362, 4723, 13696,
363, 4727, 13704,
364, 4733, 13717,
365, 4733, 13716,
366, 4737, 13720,
367, 4740, 13725,
368, 4741, 13726,
369, 4747, 13738,
370, 4752, 13747,
371, 4753, 13750,
372, 4758, 13754,
373, 4760, 13759,
374, 4761, 13760,
375, 4767, 13770,
376, 4773, 13781,
377, 4773, 13782,
378, 4778, 13788,
379, 4780, 13793,
380, 4782, 13796,
381, 4787, 13804,
382, 4793, 13811,
383, 4794, 13816,
384, 4798, 13821,
385, 4800, 13826,
386, 4807, 13837,
387, 4807, 13838,
388, 4810, 13842,
389, 4814, 13848,
390, 4816, 13851,
391, 4820, 13859,
392, 4826, 13867,
393, 4827, 13871,
394, 4831, 13876,
395, 4834, 13882,
396, 4836, 13885,
397, 4840, 13893,
398, 4841, 13893,
399, 4847, 13902,
400, 4851, 13908,
401, 4860, 13925,
402, 4860, 13923,
403, 4863, 13928,
404, 4867, 13935,
405, 4868, 13937,
406, 4874, 13943,
407, 4879, 13954,
408, 4881, 13957,
409, 4884, 13962,
410, 4887, 13968,
411, 4888, 13967,
412, 4894, 13979,
413, 4897, 13981,
414, 4901, 13990,
415, 4902, 13990,
416, 4907, 14000,
417, 4913, 14011,
418, 4914, 14012,
419, 4917, 14017,
420, 4921, 14022,
421, 4921, 14024,
422, 4928, 14035,
423, 4932, 14042,
424, 4934, 14045,
425, 4937, 14049,
426, 4941, 14056,
427, 4948, 14068,
428, 4948, 14070,
429, 4953, 14076,
430, 4955, 14079,
431, 4957, 14084,
432, 4961, 14089,
433, 4962, 14092,
434, 4968, 14099,
435, 4973, 14108,
436, 4975, 14111,
437, 4978, 14115,
438, 4982, 14121,
439, 4982, 14123,
440, 4988, 14133,
441, 4994, 14141,
442, 4995, 14144,
443, 4999, 14149,
444, 5002, 14153,
445, 5004, 14157,
446, 5008, 14165,
447, 5014, 14173,
448, 5015, 14178,
449, 5020, 14183,
450, 5022, 14189,
451, 5025, 14193,
452, 5034, 14207,
453, 5035, 14209,
454, 5038, 14215,
455, 5042, 14221,
456, 5048, 14230,
457, 5049, 14232,
458, 5054, 14238,
459, 5056, 14243,
460, 5059, 14250,
461, 5063, 14256,
462, 5063, 14256,
463, 5069, 14268,
464, 5073, 14272,
465, 5076, 14277,
466, 5079, 14283,
467, 5083, 14290,
468, 5084, 14291,
469, 5090, 14300,
470, 5095, 14309,
471, 5096, 14312,
472, 5099, 14313,
473, 5103, 14321,
474, 5104, 14323,
475, 5110, 14333,
476, 5116, 14343,
477, 5117, 14344,
478, 5121, 14351,
479, 5123, 14354,
480, 5126, 14359,
481, 5130, 14366,
482, 5137, 14379,
483, 5137, 14377,
484, 5141, 14384,
485, 5144, 14390,
486, 5145, 14395,
487, 5151, 14399,
488, 5157, 14412,
489, 5157, 14412,
490, 5161, 14418,
491, 5164, 14423,
492, 5166, 14428,
493, 5171, 14434,
494, 5177, 14445,
495, 5178, 14447,
496, 5181, 14452,
497, 5185, 14459,
498, 5185, 14461,
499, 5191, 14468,
500, 5197, 14481,
501, 5199, 14485,
502, 5222, 14512,
503, 5240, 14522,
504, 5241, 14522,
505, 5243, 14524,
506, 5250, 14531,
507, 5258, 14535,
508, 5258, 14536,
509, 5263, 14537,
510, 5267, 14540,
511, 5267, 14542,
512, 5275, 14550,
513, 5282, 14550,
514, 5284, 14553,
515, 5289, 14556,
516, 5293, 14557,
517, 5295, 14560,
518, 5301, 14561,
519, 5309, 14566,
520, 5310, 14566,
521, 5315, 14570,
522, 5319, 14573,
523, 5322, 14575,
524, 5328, 14579,
525, 5328, 14582,
526, 5336, 14587,
527, 5343, 14590,
528, 5345, 14591,
529, 5350, 14594,
530, 5354, 14596,
531, 5355, 14598,
532, 5363, 14600,
533, 5369, 14605,
534, 5371, 14607,
535, 5376, 14610,
536, 5381, 14611,
537, 5382, 14612,
538, 5389, 14617,
539, 5397, 14620,
540, 5398, 14623,
541, 5403, 14624,
542, 5407, 14627,
543, 5415, 14634,
544, 5416, 14633,
545, 5421, 14635,
546, 5425, 14637,
547, 5427, 14639,
548, 5434, 14643,
549, 5441, 14647,
550, 5443, 14649,
551, 5448, 14652,
552, 5458, 14655,
553, 5460, 14658,
554, 5466, 14661,
555, 5470, 14664,
556, 5471, 14666,
557, 5478, 14671,
558, 5486, 14675,
559, 5487, 14675,
560, 5490, 14676,
561, 5496, 14679,
562, 5505, 14685,
563, 5506, 14686,
564, 5512, 14690,
565, 5514, 14690,
566, 5519, 14693,
567, 5524, 14694,
568, 5524, 14695,
569, 5533, 14701,
570, 5537, 14704,
571, 5542, 14708,
572, 5543, 14708,
573, 5551, 14713,
574, 5559, 14718,
575, 5560, 14715,
576, 5564, 14720,
577, 5569, 14722,
578, 5571, 14724,
579, 5579, 14729,
580, 5587, 14733,
581, 5588, 14732,
582, 5594, 14736,
583, 5597, 14736,
584, 5599, 14737,
585, 5606, 14742,
586, 5614, 14748,
587, 5615, 14753,
588, 5621, 14752,
589, 5624, 14753,
590, 5628, 14754,
591, 5634, 14759,
592, 5635, 14759,
593, 5643, 14764,
594, 5649, 14768,
595, 5652, 14769,
596, 5656, 14770,
597, 5662, 14775,
598, 5671, 14781,
599, 5671, 14781,
600, 5678, 14783,
601, 5681, 14786,
602, 5689, 14791,
603, 5696, 14794,
604, 5699, 14795,
605, 5703, 14798,
606, 5708, 14799,
607, 5709, 14802,
608, 5717, 14806,
609, 5724, 14809,
610, 5727, 14810,
611, 5731, 14813,
612, 5736, 14815,
613, 5737, 14816,
614, 5745, 14820,
615, 5754, 14824,
616, 5755, 14826,
617, 5759, 14828,
618, 5764, 14830,
619, 5766, 14832,
620, 5773, 14838,
621, 5773, 14836,
622, 5783, 14844,
623, 5790, 14845,
624, 5792, 14848,
625, 5795, 14849,
626, 5802, 14852,
627, 5803, 14854,
628, 5811, 14858,
629, 5819, 14861,
630, 5820, 14862,
631, 5826, 14866,
632, 5829, 14868,
633, 0, 14871,
634, 0, 14872,
635, 0, 14878,
636, 0, 14878,
637, 0, 14882,
638, 0, 14884,
639, 0, 14888,
640, 0, 14891,
641, 0, 14893,
642, 0, 14895,
643, 0, 14893,
644, 0, 14897,
645, 0, 14902,
646, 0, 14904,
647, 0, 14906,
648, 0, 14909,
649, 0, 14912,
650, 0, 14915,
651, 0, 14917,
652, 0, 14922,
653, 0, 14924,
654, 0, 14926,
655, 0, 14930,
656, 0, 14929,
657, 0, 14934,
658, 0, 14936,
659, 0, 14938,
660, 0, 14939,
661, 0, 14944,
662, 0, 14944,
663, 0, 14948,
664, 0, 14952,
665, 0, 14952,
666, 0, 14955,
667, 0, 14954,
668, 0, 14957,
669, 0, 14962,
670, 0, 14967,
671, 0, 14966,
672, 0, 14968,
673, 0, 14970,
674, 0, 14972,
675, 0, 14974,
676, 0, 14980,
677, 0, 14982,
678, 0, 14984,
679, 0, 14989,
680, 0, 14993,
681, 0, 14993,
682, 0, 14995,
683, 0, 14995,
684, 0, 14998,
685, 0, 15001,
686, 0, 15005,
687, 0, 15007,
688, 0, 15010,
689, 0, 15012,
690, 0, 15013,
691, 0, 15014,
692, 0, 15019,
693, 0, 15018,
694, 0, 15022,
695, 0, 15026,
696, 0, 15024,
697, 0, 15030,
698, 0, 15034,
699, 0, 15036,
700, 0, 15037,
701, 0, 15039,
702, 0, 15040,
703, 0, 15047,
704, 0, 15049,
705, 0, 15054,
706, 0, 15053,
707, 0, 15055,
708, 0, 15057,
709, 0, 15060,
710, 0, 15064,
711, 0, 15067,
712, 0, 15069,
713, 0, 15069,
714, 0, 15072,
715, 0, 15074,
716, 0, 15079,
717, 0, 15081,
718, 0, 15082,
719, 0, 15086,
720, 0, 15088,
721, 0, 15089,
722, 0, 15092,
723, 0, 15095,
724, 0, 15096,
725, 0, 15096,
726, 0, 15099,
727, 0, 15101,
728, 0, 15105,
729, 0, 15107,
730, 0, 15109,
731, 0, 15113,
732, 0, 15115,
733, 0, 15116,
734, 0, 15118,
735, 0, 15119,
736, 0, 15122,
737, 0, 15125,
738, 0, 15126,
739, 0, 15128,
740, 0, 15131,
741, 0, 15133,
742, 0, 15134,
743, 0, 15138,
744, 0, 15139,
745, 0, 15143,
746, 0, 15145,
747, 0, 15145,
748, 0, 15150,
749, 0, 15151,
750, 0, 15154,
751, 0, 15155,
752, 0, 15161,
753, 0, 15162,
754, 0, 15164,
755, 0, 15168,
756, 0, 15171,
757, 0, 15172,
758, 0, 15172,
759, 0, 15177,
760, 0, 15182,
761, 0, 15184,
762, 0, 15185,
763, 0, 15186,
764, 0, 15187,
765, 0, 15192,
766, 0, 15190,
767, 0, 15198,
768, 0, 15200,
769, 0, 15200,
770, 0, 15203,
771, 0, 15206,
772, 0, 15204,
773, 0, 15208,
774, 0, 15211,
775, 0, 15213,
776, 0, 15213,
777, 0, 15216,
778, 0, 15218,
779, 0, 15221,
780, 0, 15223,
781, 0, 15224,
782, 0, 15228,
783, 0, 15229,
784, 0, 15230,
785, 0, 15233,
786, 0, 15233,
787, 0, 15239,
788, 0, 15241,
789, 0, 15240,
790, 0, 15245,
791, 0, 15246,
792, 0, 15249,
793, 0, 15249,
794, 0, 15249,
795, 0, 15253,
796, 0, 15253,
797, 0, 15256,
798, 0, 15258,
799, 0, 15262,
800, 0, 15261,
801, 0, 15267,
802, 0, 15269,
803, 0, 15273,
804, 0, 15273,
805, 0, 15277,
806, 0, 15280,
807, 0, 15280,
808, 0, 15282,
809, 0, 15280,
810, 0, 15284,
811, 0, 15287,
812, 0, 15287,
813, 0, 15290,
814, 0, 15293,
815, 0, 15296,
816, 0, 15295,
817, 0, 15300,
818, 0, 15301,
819, 0, 15302,
820, 0, 15306,
821, 0, 15308,
822, 0, 15310,
823, 0, 15312,
824, 0, 15312,
825, 0, 15316,
826, 0, 15317,
827, 0, 15319,
828, 0, 15322,
829, 0, 15326,
830, 0, 15326,
831, 0, 15329,
832, 0, 15330,
833, 0, 15330,
834, 0, 15335,
835, 0, 15338,
836, 0, 15339,
837, 0, 15342,
838, 0, 15343,
839, 0, 15341,
840, 0, 15343,
841, 0, 15347,
842, 0, 15350,
843, 0, 15350,
844, 0, 15352,
845, 0, 15356,
846, 0, 15357,
847, 0, 15358,
848, 0, 15358,
849, 0, 15361,
850, 0, 15364,
851, 0, 15365,
852, 0, 15366,
853, 0, 15372,
854, 0, 15372,
855, 0, 15375,
856, 0, 15376,
857, 0, 15379,
858, 0, 15383,
859, 0, 15383,
860, 0, 15385,
861, 0, 15387,
862, 0, 15387,
863, 0, 15392,
864, 0, 15394,
865, 0, 15395,
866, 0, 15395,
867, 0, 15399,
868, 0, 15401,
869, 0, 15405,
870, 0, 15404,
871, 0, 15407,
872, 0, 15410,
873, 0, 15410,
874, 0, 15413,
875, 0, 15412,
876, 0, 15413,
877, 0, 15416,
878, 0, 15420,
879, 0, 15423,
880, 0, 15423,
881, 0, 15426,
882, 0, 15428,
883, 0, 15428,
884, 0, 15432,
885, 0, 15434,
886, 0, 15434,
887, 0, 15437,
888, 0, 15439,
889, 0, 15440,
890, 0, 15442,
891, 0, 15442,
892, 0, 15445,
893, 0, 15445,
894, 0, 15450,
895, 0, 15450,
896, 0, 15451,
897, 0, 15452,
898, 0, 15452,
899, 0, 15458,
900, 0, 15460,
901, 0, 15460,
902, 0, 15460,
903, 0, 15466,
904, 0, 15468,
905, 0, 15466,
906, 0, 15470,
907, 0, 15471,
908, 0, 15472,
909, 0, 15475,
910, 0, 15475,
911, 0, 15476,
912, 0, 15479,
913, 0, 15478,
914, 0, 15483,
915, 0, 15485,
916, 0, 15487,
917, 0, 15491,
918, 0, 15492,
919, 0, 15491,
920, 0, 15492,
921, 0, 15494,
922, 0, 15497,
923, 0, 15500,
924, 0, 15500,
925, 0, 15502,
926, 0, 15502,
927, 0, 15509,
928, 0, 15509,
929, 0, 15512,
930, 0, 15510,
931, 0, 15512,
932, 0, 15515,
933, 0, 15518,
934, 0, 15520,
935, 0, 15517,
936, 0, 15520,
937, 0, 15524,
938, 0, 15525,
939, 0, 15524,
940, 0, 15530,
941, 0, 15532,
942, 0, 15533,
943, 0, 15532,
944, 0, 15534,
945, 0, 15540,
946, 0, 15538,
947, 0, 15542,
948, 0, 15543,
949, 0, 15543,
950, 0, 15546,
951, 0, 15552,
952, 0, 15551,
953, 0, 15552,
954, 0, 15556,
955, 0, 15556,
956, 0, 15558,
957, 0, 15561,
958, 0, 15561,
959, 0, 15562,
960, 0, 15567,
961, 0, 15568,
962, 0, 15568,
963, 0, 15571,
964, 0, 15572,
965, 0, 15573,
966, 0, 15576,
967, 0, 15575,
968, 0, 15578,
969, 0, 15578,
970, 0, 15582,
971, 0, 15582,
972, 0, 15584,
973, 0, 15588,
974, 0, 15589,
975, 0, 15588,
976, 0, 15592,
977, 0, 15593,
978, 0, 15593,
979, 0, 15595,
980, 0, 15598,
981, 0, 15599,
982, 0, 15599,
983, 0, 15601,
984, 0, 15604,
985, 0, 15606,
986, 0, 15605,
987, 0, 15607,
988, 0, 15607,
989, 0, 15610,
990, 0, 15614,
991, 0, 15615,
992, 0, 15614,
993, 0, 15616,
994, 0, 15615,
995, 0, 15621,
996, 0, 15622,
997, 0, 15623,
998, 0, 15626,
999, 0, 15627,
1000, 0, 15627,
