1, 3429, 497,
2, 3444, 3481,
3, 3441, 3469,
4, 3439, 3463,
5, 3438, 3460,
6, 3441, 3460,
7, 3444, 3459,
8, 3444, 3458,
9, 3446, 3459,
10, 3450, 3459,
11, 3449, 3458,
12, 3455, 3461,
13, 3459, 3463,
14, 3461, 3464,
15, 3463, 3466,
16, 3467, 3467,
17, 3467, 3467,
18, 3473, 3469,
19, 3475, 3471,
20, 3478, 3472,
21, 3480, 3473,
22, 3484, 3476,
23, 3489, 3479,
24, 3491, 3479,
25, 3493, 3480,
26, 3497, 3482,
27, 3497, 3482,
28, 3503, 3485,
29, 3508, 3488,
30, 3509, 3488,
31, 3512, 3490,
32, 3515, 3492,
33, 3517, 3492,
34, 3521, 3496,
35, 3525, 3498,
36, 3527, 3499,
37, 3529, 3500,
38, 3533, 3501,
39, 3539, 3504,
40, 3539, 3505,
41, 3542, 3506,
42, 3545, 3508,
43, 3546, 3509,
44, 3551, 3512,
45, 3556, 3514,
46, 3558, 3515,
47, 3560, 3517,
48, 3564, 3519,
49, 3565, 3519,
50, 3570, 3521,
51, 3575, 3523,
52, 3576, 3524,
53, 3582, 3527,
54, 3586, 3531,
55, 3589, 3531,
56, 3591, 3532,
57, 3595, 3533,
58, 3595, 3534,
59, 3601, 3537,
60, 3606, 3540,
61, 3607, 3541,
62, 3609, 3541,
63, 3613, 3544,
64, 3619, 3548,
65, 3620, 3547,
66, 3623, 3548,
67, 3625, 3550,
68, 3627, 3552,
69, 3632, 3555,
70, 3637, 3558,
71, 3638, 3557,
72, 3642, 3560,
73, 3644, 3560,
74, 3646, 3561,
75, 3650, 3562,
76, 3655, 3565,
77, 3656, 3566,
78, 3658, 3567,
79, 3663, 3570,
80, 3668, 3574,
81, 3669, 3573,
82, 3672, 3576,
83, 3675, 3576,
84, 3677, 3579,
85, 3682, 3580,
86, 3682, 3580,
87, 3688, 3583,
88, 3691, 3586,
89, 3694, 3587,
90, 3696, 3589,
91, 3700, 3591,
92, 3701, 3590,
93, 3706, 3593,
94, 3711, 3596,
95, 3712, 3597,
96, 3717, 3599,
97, 3719, 3600,
98, 3720, 3600,
99, 3725, 3604,
100, 3730, 3606,
101, 3732, 3607,
102, 3737, 3609,
103, 3741, 3613,
104, 3743, 3615,
105, 3747, 3615,
106, 3750, 3616,
107, 3750, 3616,
108, 3756, 3620,
109, 3760, 3622,
110, 3761, 3624,
111, 3765, 3626,
112, 3768, 3627,
113, 3770, 3628,
114, 3774, 3629,
115, 3774, 3631,
116, 3781, 3634,
117, 3785, 3636,
118, 3787, 3637,
119, 3789, 3638,
120, 3793, 3641,
121, 3793, 3641,
122, 3799, 3643,
123, 3804, 3646,
124, 3805, 3646,
125, 3808, 3647,
126, 3811, 3650,
127, 3812, 3650,
128, 3817, 3654,
129, 3822, 3657,
130, 3824, 3656,
131, 3826, 3659,
132, 3830, 3661,
133, 3837, 3664,
134, 3836, 3664,
135, 3840, 3667,
136, 3842, 3667,
137, 3844, 3668,
138, 3848, 3670,
139, 3854, 3674,
140, 3854, 3675,
141, 3857, 3675,
142, 3861, 3678,
143, 3862, 3678,
144, 3867, 3680,
145, 3873, 3684,
146, 3873, 3685,
147, 3876, 3687,
148, 3880, 3688,
149, 3880, 3688,
150, 3885, 3691,
151, 3892, 3694,
152, 3893, 3695,
153, 3898, 3699,
154, 3904, 3701,
155, 3905, 3701,
156, 3905, 3703,
157, 3911, 3705,
158, 3915, 3707,
159, 3917, 3708,
160, 3920, 3710,
161, 3923, 3711,
162, 3924, 3712,
163, 3929, 3714,
164, 3934, 3718,
165, 3935, 3720,
166, 3937, 3720,
167, 3942, 3721,
168, 3947, 3724,
169, 3948, 3726,
170, 3952, 3728,
171, 3954, 3729,
172, 3955, 3730,
173, 3960, 3732,
174, 3960, 3733,
175, 3966, 3736,
176, 3972, 3739,
177, 3973, 3739,
178, 3976, 3741,
179, 3979, 3743,
180, 3981, 3743,
181, 3985, 3747,
182, 3991, 3748,
183, 3991, 3750,
184, 3994, 3751,
185, 3998, 3753,
186, 4000, 3753,
187, 4004, 3756,
188, 4010, 3759,
189, 4011, 3759,
190, 4014, 3763,
191, 4016, 3763,
192, 4019, 3765,
193, 4023, 3767,
194, 4024, 3767,
195, 4028, 3771,
196, 4035, 3773,
197, 4035, 3774,
198, 4039, 3776,
199, 4041, 3778,
200, 4043, 3778,
201, 4052, 3782,
202, 4054, 3783,
203, 4056, 3784,
204, 4060, 3786,
205, 4066, 3790,
206, 4067, 3791,
207, 4070, 3792,
208, 4073, 3793,
209, 4075, 3794,
210, 4079, 3797,
211, 4079, 3797,
212, 4085, 3800,
213, 4090, 3803,
214, 4091, 3804,
215, 4094, 3806,
216, 4097, 3808,
217, 4099, 3807,
218, 4104, 3811,
219, 4110, 3814,
220, 4110, 3814,
221, 4115, 3816,
222, 4116, 3817,
223, 4119, 3820,
224, 4123, 3820,
225, 4124, 3822,
226, 4129, 3823,
227, 4133, 3826,
228, 4135, 3827,
229, 4139, 3829,
230, 4141, 3831,
231, 4143, 3831,
232, 4148, 3834,
233, 4148, 3835,
234, 4154, 3838,
235, 4159, 3840,
236, 4160, 3840,
237, 4163, 3843,
238, 4167, 3845,
239, 4167, 3845,
240, 4173, 3848,
241, 4177, 3851,
242, 4179, 3852,
243, 4181, 3852,
244, 4185, 3854,
245, 4190, 3858,
246, 4192, 3857,
247, 4193, 3859,
248, 4197, 3861,
249, 4203, 3864,
250, 4204, 3865,
251, 4208, 3866,
252, 4216, 3872,
253, 4217, 3872,
254, 4221, 3874,
255, 4222, 3875,
256, 4225, 3876,
257, 4229, 3879,
258, 4229, 3879,
259, 4235, 3881,
260, 4240, 3885,
261, 4242, 3886,
262, 4243, 3887,
263, 4247, 3889,
264, 4248, 3889,
265, 4254, 3892,
266, 4260, 3895,
267, 4260, 3895,
268, 4265, 3898,
269, 4267, 3898,
270, 4270, 3900,
271, 4273, 3902,
272, 4273, 3902,
273, 4279, 3904,
274, 4284, 3908,
275, 4286, 3909,
276, 4289, 3911,
277, 4292, 3912,
278, 4293, 3913,
279, 4299, 3916,
280, 4304, 3918,
281, 4305, 3920,
282, 4307, 3920,
283, 4311, 3922,
284, 4317, 3925,
285, 4317, 3925,
286, 4321, 3927,
287, 4324, 3929,
288, 4325, 3929,
289, 4331, 3933,
290, 4335, 3934,
291, 4336, 3936,
292, 4339, 3936,
293, 4343, 3938,
294, 4343, 3938,
295, 4350, 3942,
296, 4355, 3945,
297, 4356, 3944,
298, 4360, 3947,
299, 4362, 3948,
300, 4363, 3949,
301, 4372, 3953,
302, 4374, 3955,
303, 4376, 3956,
304, 4381, 3959,
305, 4381, 3958,
306, 4387, 3962,
307, 4391, 3964,
308, 4393, 3965,
309, 4395, 3965,
310, 4400, 3967,
311, 4405, 3972,
312, 4406, 3971,
313, 4409, 3973,
314, 4412, 3974,
315, 4414, 3976,
316, 4418, 3978,
317, 4419, 3979,
318, 4425, 3982,
319, 4430, 3984,
320, 4431, 3984,
321, 4434, 3986,
322, 4437, 3987,
323, 4439, 3989,
324, 4444, 3990,
325, 4450, 3993,
326, 4450, 3994,
327, 4455, 3996,
328, 4456, 3998,
329, 4458, 3998,
330, 4463, 4001,
331, 4468, 4005,
332, 4468, 4005,
333, 4472, 4004,
334, 4475, 4007,
335, 4477, 4008,
336, 4481, 4011,
337, 4487, 4015,
338, 4488, 4013,
339, 4492, 4017,
340, 4494, 4019,
341, 4497, 4018,
342, 4500, 4021,
343, 4501, 4021,
344, 4507, 4022,
345, 4512, 4026,
346, 4513, 4027,
347, 4516, 4028,
348, 4520, 4030,
349, 4521, 4030,
350, 4526, 4034,
351, 4530, 4037,
352, 4532, 4037,
353, 4538, 4040,
354, 4544, 4042,
355, 4544, 4044,
356, 4548, 4046,
357, 4551, 4048,
358, 4552, 4048,
359, 4557, 4049,
360, 4563, 4053,
361, 4563, 4053,
362, 4567, 4055,
363, 4569, 4057,
364, 4571, 4056,
365, 4576, 4059,
366, 4580, 4062,
367, 4582, 4063,
368, 4585, 4064,
369, 4589, 4066,
370, 4590, 4066,
371, 4594, 4071,
372, 4599, 4071,
373, 4601, 4073,
374, 4604, 4074,
375, 4607, 4077,
376, 4608, 4077,
377, 4613, 4080,
378, 4618, 4082,
379, 4620, 4083,
380, 4622, 4083,
381, 4626, 4086,
382, 4626, 4087,
383, 4633, 4090,
384, 4637, 4092,
385, 4639, 4093,
386, 4639, 4094,
387, 4645, 4096,
388, 4651, 4099,
389, 4651, 4100,
390, 4655, 4102,
391, 4658, 4102,
392, 4660, 4104,
393, 4664, 4108,
394, 4670, 4110,
395, 4671, 4111,
396, 4673, 4113,
397, 4677, 4114,
398, 4679, 4115,
399, 4683, 4117,
400, 4689, 4120,
401, 4691, 4122,
402, 4696, 4122,
403, 4702, 4127,
404, 4702, 4126,
405, 4706, 4129,
406, 4709, 4130,
407, 4709, 4130,
408, 4715, 4134,
409, 4720, 4136,
410, 4722, 4137,
411, 4725, 4139,
412, 4727, 4141,
413, 4730, 4142,
414, 4734, 4144,
415, 4740, 4148,
416, 4740, 4147,
417, 4744, 4148,
418, 4747, 4151,
419, 4749, 4152,
420, 4753, 4155,
421, 4759, 4157,
422, 4760, 4158,
423, 4764, 4159,
424, 4766, 4161,
425, 4768, 4160,
426, 4772, 4163,
427, 4773, 4164,
428, 4778, 4167,
429, 4783, 4170,
430, 4785, 4170,
431, 4788, 4172,
432, 4791, 4173,
433, 4791, 4174,
434, 4798, 4176,
435, 4803, 4180,
436, 4804, 4180,
437, 4808, 4182,
438, 4811, 4183,
439, 4812, 4184,
440, 4817, 4187,
441, 4817, 4186,
442, 4824, 4189,
443, 4828, 4192,
444, 4829, 4194,
445, 4832, 4194,
446, 4836, 4196,
447, 4837, 4197,
448, 4842, 4199,
449, 4847, 4202,
450, 4849, 4203,
451, 4852, 4204,
452, 4861, 4210,
453, 4861, 4211,
454, 4865, 4212,
455, 4868, 4213,
456, 4869, 4213,
457, 4874, 4217,
458, 4880, 4219,
459, 4880, 4220,
460, 4885, 4221,
461, 4887, 4223,
462, 4889, 4223,
463, 4893, 4226,
464, 4898, 4230,
465, 4900, 4230,
466, 4903, 4231,
467, 4906, 4233,
468, 4908, 4233,
469, 4913, 4237,
470, 4918, 4240,
471, 4919, 4240,
472, 4923, 4241,
473, 4925, 4242,
474, 4927, 4245,
475, 4932, 4246,
476, 4937, 4249,
477, 4938, 4249,
478, 4942, 4251,
479, 4945, 4253,
480, 4947, 4254,
481, 4952, 4255,
482, 4958, 4259,
483, 4958, 4260,
484, 4962, 4262,
485, 4964, 4262,
486, 4966, 4264,
487, 4970, 4266,
488, 4971, 4266,
489, 4977, 4269,
490, 4982, 4272,
491, 4983, 4272,
492, 4987, 4274,
493, 4989, 4276,
494, 4992, 4276,
495, 4996, 4279,
496, 4996, 4279,
497, 5003, 4282,
498, 5008, 4284,
499, 5009, 4286,
500, 5013, 4288,
501, 5027, 4295,
502, 5031, 4298,
503, 5053, 4301,
504, 5059, 4302,
505, 5059, 4302,
506, 5066, 4304,
507, 5072, 4304,
508, 5074, 4306,
509, 5076, 4306,
510, 5082, 4307,
511, 5082, 4307,
512, 5092, 4310,
513, 5098, 4310,
514, 5100, 4311,
515, 5106, 4312,
516, 5108, 4312,
517, 5111, 4312,
518, 5116, 4313,
519, 5116, 4313,
520, 5124, 4314,
521, 5130, 4317,
522, 5133, 4316,
523, 5135, 4318,
524, 5142, 4318,
525, 5150, 4320,
526, 5150, 4319,
527, 5154, 4322,
528, 5159, 4321,
529, 5159, 4322,
530, 5167, 4323,
531, 5172, 4324,
532, 5177, 4325,
533, 5177, 4325,
534, 5185, 4326,
535, 5192, 4327,
536, 5194, 4328,
537, 5195, 4328,
538, 5203, 4329,
539, 5207, 4331,
540, 5212, 4332,
541, 5213, 4331,
542, 5220, 4333,
543, 5227, 4337,
544, 5230, 4335,
545, 5232, 4336,
546, 5239, 4337,
547, 5239, 4336,
548, 5248, 4338,
549, 5253, 4339,
550, 5256, 4341,
551, 5259, 4341,
552, 5272, 4343,
553, 5273, 4344,
554, 5279, 4345,
555, 5282, 4345,
556, 5284, 4345,
557, 5291, 4346,
558, 5297, 4347,
559, 5300, 4347,
560, 5301, 4347,
561, 5309, 4350,
562, 5315, 4351,
563, 5318, 4353,
564, 5320, 4352,
565, 5326, 4352,
566, 5333, 4354,
567, 5333, 4355,
568, 5337, 4355,
569, 5342, 4356,
570, 5345, 4357,
571, 5352, 4357,
572, 5352, 4357,
573, 5359, 4358,
574, 5367, 4360,
575, 5370, 4360,
576, 5374, 4361,
577, 5378, 4361,
578, 5378, 4363,
579, 5389, 4365,
580, 5398, 4367,
581, 5398, 4368,
582, 5405, 4367,
583, 5407, 4368,
584, 5412, 4368,
585, 5416, 4370,
586, 5418, 4370,
587, 5425, 4371,
588, 5434, 4374,
589, 5434, 4372,
590, 5441, 4373,
591, 5443, 4375,
592, 5448, 4375,
593, 5453, 4376,
594, 5454, 4377,
595, 5461, 4379,
596, 5469, 4380,
597, 5470, 4380,
598, 5474, 4379,
599, 5479, 4381,
600, 5480, 4380,
601, 5491, 4383,
602, 5499, 4385,
603, 5507, 4386,
604, 5507, 4386,
605, 5513, 4387,
606, 5517, 4387,
607, 5518, 4388,
608, 5526, 4389,
609, 5535, 4390,
610, 5535, 4392,
611, 5538, 4392,
612, 5543, 4392,
613, 5545, 4394,
614, 5553, 4394,
615, 5558, 4395,
616, 5561, 4396,
617, 5564, 4395,
618, 5571, 4396,
619, 5572, 4396,
620, 5580, 4398,
621, 5587, 4399,
622, 5590, 4401,
623, 5592, 4400,
624, 5598, 4401,
625, 5608, 4403,
626, 5609, 4402,
627, 5614, 4404,
628, 5617, 4405,
629, 5618, 4406,
630, 5625, 4407,
631, 5634, 4408,
632, 5636, 4409,
633, 5641, 4409,
634, 5644, 4410,
635, 5644, 4410,
636, 5653, 4411,
637, 5659, 4411,
638, 5661, 4412,
639, 5667, 4412,
640, 5671, 4415,
641, 5673, 4414,
642, 5680, 4415,
643, 5690, 4418,
644, 5692, 4419,
645, 5695, 4419,
646, 5701, 4421,
647, 5711, 4422,
648, 5710, 4421,
649, 5717, 4422,
650, 5718, 4422,
651, 5723, 4424,
652, 5735, 4425,
653, 5737, 4426,
654, 5739, 4427,
655, 5745, 4428,
656, 5756, 4430,
657, 5756, 4429,
658, 5759, 4429,
659, 5765, 4431,
660, 5771, 4431,
661, 5778, 4434,
662, 5779, 4433,
663, 5788, 4434,
664, 5794, 4437,
665, 5797, 4437,
666, 5800, 4437,
667, 5804, 4438,
668, 5815, 4438,
669, 5815, 4439,
670, 5819, 4440,
671, 5820, 4439,
672, 5821, 4440,
673, 5837, 4442,
674, 5844, 4445,
675, 5845, 4443,
676, 5852, 4445,
677, 5855, 4445,
678, 5858, 4446,
679, 5863, 4446,
680, 5863, 4447,
681, 5872, 4448,
682, 5880, 4448,
683, 5881, 4450,
684, 5888, 4450,
685, 5891, 4450,
686, 5894, 4452,
687, 5902, 4452,
688, 5910, 4453,
689, 5910, 4454,
690, 5915, 4455,
691, 5921, 4455,
692, 5921, 4455,
693, 5928, 4456,
694, 5938, 4459,
695, 5938, 4457,
696, 5946, 4460,
697, 5951, 4461,
698, 5952, 4460,
699, 5960, 4462,
700, 5969, 4463,
701, 5969, 4463,
702, 5978, 4465,
703, 5981, 4464,
704, 5990, 4466,
705, 5997, 4467,
706, 6000, 4467,
707, 6003, 4468,
708, 6010, 4469,
709, 6017, 4470,
710, 6019, 4470,
711, 6026, 4472,
712, 6029, 4472,
713, 6033, 4473,
714, 6039, 4473,
715, 6048, 4475,
716, 6049, 4475,
717, 6055, 4476,
718, 6058, 4476,
719, 6060, 4476,
720, 6068, 4477,
721, 6078, 4479,
722, 6079, 4479,
723, 6085, 4480,
724, 6087, 4479,
725, 6091, 4482,
726, 6097, 4481,
727, 6096, 4482,
728, 6108, 4483,
729, 6114, 4484,
730, 6117, 4484,
731, 6120, 4485,
732, 6127, 4486,
733, 6129, 4486,
734, 6138, 4486,
735, 6146, 4488,
736, 6148, 4489,
737, 6152, 4489,
738, 6158, 4490,
739, 6158, 4489,
740, 6169, 4491,
741, 6176, 4493,
742, 6179, 4492,
743, 6181, 4493,
744, 6187, 4493,
745, 6187, 4493,
746, 6196, 4494,
747, 6207, 4495,
748, 6208, 4496,
749, 6214, 4497,
750, 6218, 4497,
751, 6223, 4499,
752, 6234, 4499,
753, 6240, 4500,
754, 6241, 4501,
755, 6250, 4501,
756, 6259, 4503,
757, 6259, 4503,
758, 6263, 4504,
759, 6270, 4504,
760, 6270, 4504,
761, 6279, 4506,
762, 6287, 4507,
763, 6291, 4507,
764, 6294, 4508,
765, 6300, 4508,
766, 6311, 4510,
767, 6311, 4510,
768, 6317, 4511,
769, 6320, 4511,
770, 6325, 4512,
771, 6331, 4512,
772, 6333, 4512,
773, 6341, 4513,
774, 6353, 4516,
775, 6353, 4516,
776, 6360, 4516,
777, 6361, 4516,
778, 6365, 4517,
779, 6373, 4518,
780, 6373, 4516,
781, 6383, 4518,
782, 6392, 4520,
783, 6394, 4519,
784, 6400, 4521,
785, 6404, 4521,
786, 6408, 4522,
787, 6414, 4522,
788, 6415, 4523,
789, 6426, 4524,
790, 6435, 4524,
791, 6435, 4524,
792, 6443, 4526,
793, 6447, 4527,
794, 6450, 4526,
795, 6455, 4527,
796, 6467, 4528,
797, 6467, 4529,
798, 6474, 4528,
799, 6476, 4529,
800, 6478, 4529,
801, 6491, 4533,
802, 6499, 4533,
803, 6500, 4532,
804, 6507, 4534,
805, 6518, 4534,
806, 6520, 4536,
807, 6527, 4536,
808, 6530, 4536,
809, 6535, 4537,
810, 6542, 4537,
811, 6551, 4539,
812, 6552, 4538,
813, 6560, 4540,
814, 6565, 4541,
815, 6565, 4541,
816, 6574, 4541,
817, 6585, 4543,
818, 6587, 4544,
819, 6593, 4545,
820, 6598, 4545,
821, 6598, 4545,
822, 6608, 4547,
823, 6617, 4547,
824, 6619, 4548,
825, 6623, 4548,
826, 6629, 4548,
827, 6632, 4549,
828, 6641, 4550,
829, 6651, 4551,
830, 6652, 4551,
831, 6656, 4551,
832, 6661, 4552,
833, 6672, 4554,
834, 6672, 4554,
835, 6679, 4554,
836, 6684, 4555,
837, 6687, 4555,
838, 6694, 4556,
839, 6696, 4556,
840, 6706, 4556,
841, 6714, 4557,
842, 6716, 4557,
843, 6719, 4558,
844, 6726, 4559,
845, 6726, 4559,
846, 6739, 4561,
847, 6746, 4562,
848, 6750, 4562,
849, 6753, 4563,
850, 6759, 4563,
851, 6771, 4565,
852, 6775, 4565,
853, 6781, 4567,
854, 6793, 4568,
855, 6794, 4566,
856, 6802, 4568,
857, 6804, 4568,
858, 6809, 4568,
859, 6815, 4570,
860, 6817, 4568,
861, 6827, 4571,
862, 6835, 4571,
863, 6836, 4572,
864, 6841, 4571,
865, 6849, 4571,
866, 6859, 4574,
867, 6860, 4574,
868, 6867, 4574,
869, 6871, 4576,
870, 6874, 4575,
871, 6882, 4577,
872, 6891, 4579,
873, 6893, 4577,
874, 6898, 4579,
875, 6904, 4579,
876, 6916, 4580,
877, 6916, 4582,
878, 6924, 4582,
879, 6927, 4583,
880, 6933, 4582,
881, 6939, 4583,
882, 6949, 4584,
883, 6950, 4585,
884, 6958, 4584,
885, 6962, 4585,
886, 6966, 4587,
887, 6973, 4587,
888, 6974, 4588,
889, 6984, 4588,
890, 6995, 4589,
891, 6996, 4589,
892, 7003, 4590,
893, 7009, 4592,
894, 7012, 4591,
895, 7019, 4592,
896, 7019, 4592,
897, 7030, 4592,
898, 7039, 4595,
899, 7041, 4595,
900, 7045, 4596,
901, 7054, 4596,
902, 7054, 4595,
903, 7070, 4597,
904, 7077, 4597,
905, 7080, 4599,
906, 7089, 4599,
907, 7101, 4602,
908, 7101, 4602,
909, 7110, 4601,
910, 7113, 4602,
911, 7116, 4603,
912, 7125, 4603,
913, 7125, 4603,
914, 7135, 4604,
915, 7143, 4605,
916, 7148, 4607,
917, 7151, 4605,
918, 7159, 4607,
919, 7169, 4608,
920, 7172, 4607,
921, 7177, 4607,
922, 7183, 4609,
923, 7185, 4609,
924, 7194, 4610,
925, 7205, 4611,
926, 7207, 4610,
927, 7214, 4612,
928, 7219, 4612,
929, 7222, 4613,
930, 7232, 4613,
931, 7242, 4614,
932, 7244, 4614,
933, 7251, 4616,
934, 7256, 4615,
935, 7260, 4617,
936, 7268, 4616,
937, 7279, 4618,
938, 7280, 4618,
939, 7286, 4618,
940, 7291, 4618,
941, 7293, 4618,
942, 7303, 4621,
943, 7314, 4619,
944, 7316, 4621,
945, 7324, 4622,
946, 7328, 4621,
947, 7333, 4621,
948, 7341, 4622,
949, 7350, 4623,
950, 7353, 4622,
951, 7357, 4623,
952, 7374, 4626,
953, 7377, 4625,
954, 7381, 4626,
955, 7389, 4626,
956, 7399, 4628,
957, 7401, 4627,
958, 7409, 4627,
959, 7414, 4628,
960, 7416, 4629,
961, 7426, 4628,
962, 7438, 4631,
963, 7438, 4629,
964, 7445, 4630,
965, 7450, 4630,
966, 7453, 4632,
967, 7463, 4631,
968, 7464, 4633,
969, 7476, 4633,
970, 7486, 4635,
971, 7488, 4635,
972, 7495, 4635,
973, 7500, 4635,
974, 7504, 4636,
975, 7512, 4637,
976, 7514, 4637,
977, 7525, 4638,
978, 7535, 4639,
979, 7537, 4639,
980, 7545, 4639,
981, 7551, 4639,
982, 7551, 4640,
983, 7563, 4641,
984, 7572, 4642,
985, 7576, 4643,
986, 7582, 4641,
987, 7587, 4642,
988, 7588, 4643,
989, 7600, 4643,
990, 7612, 4645,
991, 7613, 4646,
992, 7618, 4644,
993, 7625, 4646,
994, 7628, 4647,
995, 7638, 4647,
996, 7650, 4648,
997, 7651, 4649,
998, 7658, 4649,
999, 7664, 4648,
1000, 7666, 4648,
