1, 0.0, 103, 89, 60, 250,
2, 0.001, 4013, 3478, 2367, 9760,
3, 0.002, 4006, 3467, 2358, 9734,
4, 0.003, 4004, 3463, 2356, 9724,
5, 0.004, 4004, 3460, 2354, 9720,
6, 0.005, 4002, 3461, 2357, 9722,
7, 0.006, 4002, 3462, 2360, 9727,
8, 0.007, 4002, 3463, 2361, 9728,
9, 0.008, 4000, 3463, 2363, 9728,
10, 0.009, 3999, 3464, 2365, 9731,
11, 0.01, 3999, 3464, 2366, 9732,
12, 0.011, 3999, 3467, 2371, 9740,
13, 0.012, 3998, 3470, 2376, 9749,
14, 0.013, 3998, 3471, 2377, 9750,
15, 0.014, 3998, 3473, 2380, 9755,
16, 0.015, 3997, 3474, 2383, 9758,
17, 0.016, 3997, 3478, 2389, 9769,
18, 0.017, 3997, 3478, 2389, 9769,
19, 0.018, 3996, 3481, 2393, 9776,
20, 0.019, 3996, 3482, 2396, 9780,
21, 0.02, 3996, 3483, 2397, 9782,
22, 0.021, 3995, 3486, 2402, 9790,
23, 0.022, 3995, 3490, 2408, 9800,
24, 0.023, 3995, 3491, 2409, 9802,
25, 0.024, 3994, 3493, 2413, 9807,
26, 0.025, 3994, 3495, 2415, 9812,
27, 0.026, 3994, 3496, 2418, 9816,
28, 0.027, 3994, 3498, 2421, 9822,
29, 0.028, 3994, 3499, 2422, 9823,
30, 0.029, 3993, 3503, 2428, 9834,
31, 0.03, 3993, 3507, 2434, 9843,
32, 0.031, 3993, 3508, 2435, 9845,
33, 0.032, 3992, 3510, 2439, 9851,
34, 0.033, 3992, 3512, 2442, 9856,
35, 0.034, 3992, 3512, 2442, 9857,
36, 0.035, 3992, 3516, 2448, 9867,
37, 0.036, 3992, 3520, 2454, 9877,
38, 0.037, 3992, 3520, 2455, 9878,
39, 0.038, 3991, 3523, 2459, 9885,
40, 0.039, 3991, 3525, 2462, 9889,
41, 0.04, 3991, 3526, 2463, 9892,
42, 0.041, 3990, 3529, 2468, 9900,
43, 0.042, 3991, 3529, 2468, 9900,
44, 0.043, 3991, 3533, 2475, 9912,
45, 0.044, 3990, 3536, 2480, 9920,
46, 0.045, 3990, 3537, 2481, 9922,
47, 0.046, 3990, 3539, 2484, 9926,
48, 0.047, 3989, 3541, 2488, 9933,
49, 0.048, 3989, 3542, 2489, 9935,
50, 0.049, 3989, 3546, 2494, 9944,
51, 0.05, 3988, 3550, 2500, 9954,
52, 0.051, 3989, 3552, 2503, 9959,
53, 0.052, 3988, 3555, 2508, 9967,
54, 0.053, 3988, 3555, 2508, 9968,
55, 0.054, 3988, 3559, 2515, 9979,
56, 0.055, 3987, 3562, 2520, 9988,
57, 0.056, 3987, 3563, 2521, 9990,
58, 0.057, 3987, 3565, 2524, 9994,
59, 0.058, 3987, 3568, 2528, 10001,
60, 0.059, 3987, 3568, 2528, 10002,
61, 0.06, 3987, 3573, 2535, 10015,
62, 0.061, 3986, 3575, 2539, 10021,
63, 0.062, 3986, 3577, 2541, 10024,
64, 0.063, 3986, 3578, 2544, 10029,
65, 0.064, 3986, 3581, 2548, 10036,
66, 0.065, 3986, 3585, 2554, 10046,
67, 0.066, 3986, 3585, 2555, 10047,
68, 0.067, 3985, 3588, 2559, 10054,
69, 0.068, 3985, 3590, 2561, 10059,
70, 0.069, 3985, 3591, 2564, 10062,
71, 0.07, 3985, 3594, 2568, 10069,
72, 0.071, 3985, 3595, 2569, 10071,
73, 0.072, 3985, 3599, 2575, 10081,
74, 0.073, 3984, 3603, 2581, 10091,
75, 0.074, 3985, 3604, 2582, 10093,
76, 0.075, 3984, 3606, 2586, 10100,
77, 0.076, 3984, 3608, 2588, 10105,
78, 0.077, 3984, 3610, 2591, 10109,
79, 0.078, 3984, 3612, 2595, 10116,
80, 0.079, 3983, 3613, 2596, 10117,
81, 0.08, 3983, 3616, 2602, 10127,
82, 0.081, 3983, 3620, 2607, 10136,
83, 0.082, 3983, 3621, 2608, 10139,
84, 0.083, 3983, 3623, 2611, 10144,
85, 0.084, 3982, 3625, 2615, 10149,
86, 0.085, 3982, 3626, 2617, 10152,
87, 0.086, 3982, 3630, 2622, 10161,
88, 0.087, 3982, 3634, 2628, 10171,
89, 0.088, 3982, 3634, 2628, 10172,
90, 0.089, 3982, 3637, 2633, 10180,
91, 0.09, 3981, 3638, 2635, 10184,
92, 0.091, 3981, 3639, 2637, 10186,
93, 0.092, 3981, 3643, 2642, 10195,
94, 0.093, 3981, 3647, 2648, 10207,
95, 0.094, 3981, 3647, 2649, 10207,
96, 0.095, 3980, 3649, 2652, 10212,
97, 0.096, 3980, 3652, 2656, 10218,
98, 0.097, 3980, 3656, 2661, 10229,
99, 0.098, 3980, 3656, 2662, 10231,
100, 0.099, 3980, 3659, 2666, 10237,
101, 0.1, 3980, 3665, 2675, 10253,
102, 0.101, 3980, 3666, 2676, 10254,
103, 0.102, 3979, 3668, 2680, 10261,
104, 0.103, 3979, 3670, 2683, 10265,
105, 0.104, 3979, 3671, 2684, 10268,
106, 0.105, 3979, 3674, 2689, 10276,
107, 0.106, 3978, 3678, 2696, 10287,
108, 0.107, 3979, 3679, 2696, 10288,
109, 0.108, 3978, 3681, 2701, 10296,
110, 0.109, 3978, 3683, 2703, 10300,
111, 0.11, 3978, 3685, 2706, 10305,
112, 0.111, 3978, 3687, 2709, 10311,
113, 0.112, 3978, 3689, 2711, 10314,
114, 0.113, 3978, 3692, 2716, 10323,
115, 0.114, 3977, 3697, 2723, 10335,
116, 0.115, 3978, 3697, 2723, 10335,
117, 0.116, 3977, 3700, 2728, 10343,
118, 0.117, 3977, 3701, 2730, 10346,
119, 0.118, 3977, 3703, 2732, 10350,
120, 0.119, 3977, 3705, 2736, 10357,
121, 0.12, 3977, 3710, 2743, 10368,
122, 0.121, 3978, 3711, 2744, 10371,
123, 0.122, 3977, 3711, 2745, 10373,
124, 0.123, 3977, 3715, 2750, 10381,
125, 0.124, 3976, 3719, 2757, 10392,
126, 0.125, 3976, 3719, 2757, 10394,
127, 0.126, 3976, 3721, 2760, 10398,
128, 0.127, 3976, 3724, 2764, 10405,
129, 0.128, 3976, 3725, 2765, 10407,
130, 0.129, 3976, 3728, 2770, 10416,
131, 0.13, 3976, 3732, 2776, 10427,
132, 0.131, 3976, 3733, 2777, 10428,
133, 0.132, 3975, 3735, 2781, 10435,
134, 0.133, 3975, 3737, 2784, 10440,
135, 0.134, 3975, 3739, 2786, 10444,
136, 0.135, 3975, 3742, 2791, 10452,
137, 0.136, 3975, 3742, 2791, 10453,
138, 0.137, 3975, 3746, 2798, 10464,
139, 0.138, 3975, 3750, 2803, 10473,
140, 0.139, 3975, 3751, 2805, 10476,
141, 0.14, 3974, 3753, 2808, 10481,
142, 0.141, 3974, 3755, 2811, 10487,
143, 0.142, 3974, 3759, 2818, 10497,
144, 0.143, 3974, 3759, 2818, 10498,
145, 0.144, 3973, 3762, 2821, 10503,
146, 0.145, 3973, 3764, 2825, 10509,
147, 0.146, 3973, 3764, 2825, 10510,
148, 0.147, 3972, 3768, 2831, 10520,
149, 0.148, 3972, 3772, 2837, 10529,
150, 0.149, 3973, 3773, 2838, 10532,
151, 0.15, 3972, 3775, 2841, 10537,
152, 0.151, 3972, 3781, 2851, 10554,
153, 0.152, 3972, 3781, 2851, 10555,
154, 0.153, 3971, 3784, 2856, 10562,
155, 0.154, 3971, 3786, 2858, 10567,
156, 0.155, 3971, 3788, 2861, 10570,
157, 0.156, 3971, 3791, 2865, 10579,
158, 0.157, 3971, 3791, 2866, 10579,
159, 0.158, 3971, 3795, 2872, 10589,
160, 0.159, 3971, 3799, 2878, 10600,
161, 0.16, 3971, 3800, 2879, 10602,
162, 0.161, 3970, 3802, 2882, 10608,
163, 0.162, 3970, 3804, 2885, 10613,
164, 0.163, 3970, 3805, 2887, 10615,
165, 0.164, 3970, 3808, 2892, 10624,
166, 0.165, 3970, 3812, 2897, 10633,
167, 0.166, 3970, 3813, 2899, 10636,
168, 0.167, 3969, 3815, 2902, 10641,
169, 0.168, 3969, 3817, 2906, 10647,
170, 0.169, 3969, 3822, 2912, 10659,
171, 0.17, 3969, 3822, 2912, 10660,
172, 0.171, 3969, 3824, 2916, 10666,
173, 0.172, 3969, 3826, 2919, 10671,
174, 0.173, 3969, 3828, 2921, 10675,
175, 0.174, 3968, 3831, 2926, 10682,
176, 0.175, 3968, 3831, 2926, 10682,
177, 0.176, 3968, 3835, 2933, 10694,
178, 0.177, 3968, 3839, 2938, 10702,
179, 0.178, 3968, 3840, 2939, 10705,
180, 0.179, 3967, 3841, 2942, 10709,
181, 0.18, 3967, 3844, 2946, 10715,
182, 0.181, 3967, 3848, 2952, 10726,
183, 0.182, 3967, 3848, 2952, 10727,
184, 0.183, 3966, 3851, 2957, 10734,
185, 0.184, 3966, 3853, 2959, 10738,
186, 0.185, 3966, 3855, 2962, 10744,
187, 0.186, 3966, 3858, 2966, 10751,
188, 0.187, 3966, 3858, 2968, 10753,
189, 0.188, 3966, 3861, 2973, 10762,
190, 0.189, 3965, 3866, 2979, 10773,
191, 0.19, 3966, 3866, 2980, 10774,
192, 0.191, 3965, 3869, 2984, 10782,
193, 0.192, 3965, 3871, 2986, 10786,
194, 0.193, 3965, 3872, 2989, 10790,
195, 0.194, 3965, 3875, 2993, 10797,
196, 0.195, 3965, 3876, 2994, 10798,
197, 0.196, 3964, 3880, 3000, 10809,
198, 0.197, 3964, 3883, 3006, 10818,
199, 0.198, 3964, 3884, 3007, 10820,
200, 0.199, 3963, 3886, 3010, 10825,
201, 0.2, 3963, 3892, 3020, 10842,
202, 0.201, 3963, 3893, 3020, 10842,
203, 0.202, 3963, 3896, 3025, 10850,
204, 0.203, 3963, 3897, 3027, 10853,
205, 0.204, 3963, 3898, 3028, 10856,
206, 0.205, 3963, 3902, 3034, 10867,
207, 0.206, 3962, 3906, 3039, 10875,
208, 0.207, 3963, 3906, 3041, 10878,
209, 0.208, 3962, 3909, 3045, 10885,
210, 0.209, 3962, 3911, 3047, 10889,
211, 0.21, 3962, 3913, 3050, 10894,
212, 0.211, 3962, 3915, 3054, 10901,
213, 0.212, 3961, 3919, 3061, 10912,
214, 0.213, 3962, 3920, 3061, 10912,
215, 0.214, 3961, 3923, 3066, 10921,
216, 0.215, 3961, 3925, 3068, 10924,
217, 0.216, 3961, 3926, 3071, 10929,
218, 0.217, 3961, 3929, 3075, 10936,
219, 0.218, 3961, 3929, 3075, 10936,
220, 0.219, 3961, 3934, 3081, 10948,
221, 0.22, 3960, 3936, 3085, 10954,
222, 0.221, 3960, 3938, 3088, 10959,
223, 0.222, 3960, 3939, 3090, 10962,
224, 0.223, 3960, 3942, 3095, 10970,
225, 0.224, 3960, 3942, 3095, 10971,
226, 0.225, 3960, 3947, 3102, 10982,
227, 0.226, 3959, 3949, 3105, 10987,
228, 0.227, 3959, 3952, 3109, 10994,
229, 0.228, 3960, 3952, 3110, 10996,
230, 0.229, 3959, 3956, 3116, 11007,
231, 0.23, 3959, 3960, 3121, 11016,
232, 0.231, 3959, 3961, 3122, 11018,
233, 0.232, 3959, 3963, 3126, 11025,
234, 0.233, 3959, 3965, 3129, 11030,
235, 0.234, 3959, 3966, 3131, 11033,
236, 0.235, 3958, 3970, 3135, 11041,
237, 0.236, 3958, 3974, 3142, 11053,
238, 0.237, 3958, 3975, 3143, 11054,
239, 0.238, 3958, 3978, 3147, 11061,
240, 0.239, 3958, 3979, 3149, 11064,
241, 0.24, 3957, 3981, 3152, 11070,
242, 0.241, 3957, 3983, 3156, 11076,
243, 0.242, 3957, 3984, 3158, 11079,
244, 0.243, 3957, 3987, 3163, 11087,
245, 0.244, 3957, 3992, 3169, 11098,
246, 0.245, 3956, 3992, 3169, 11098,
247, 0.246, 3956, 3995, 3174, 11107,
248, 0.247, 3956, 3996, 3176, 11109,
249, 0.248, 3956, 3997, 3178, 11113,
250, 0.249, 3956, 4000, 3183, 11121,
251, 0.25, 3956, 4001, 3183, 11121,
252, 0.251, 3955, 4006, 3191, 11135,
253, 0.252, 3955, 4009, 3196, 11144,
254, 0.253, 3954, 4013, 3201, 11152,
255, 0.254, 3954, 4013, 3203, 11155,
256, 0.255, 3954, 4015, 3206, 11160,
257, 0.256, 3954, 4018, 3210, 11166,
258, 0.257, 3953, 4022, 3216, 11176,
259, 0.258, 3954, 4022, 3216, 11178,
260, 0.259, 3954, 4024, 3218, 11181,
261, 0.26, 3953, 4027, 3223, 11189,
262, 0.261, 3953, 4030, 3229, 11199,
263, 0.262, 3953, 4031, 3230, 11201,
264, 0.263, 3952, 4034, 3234, 11207,
265, 0.264, 3952, 4035, 3236, 11212,
266, 0.265, 3952, 4037, 3238, 11214,
267, 0.266, 3952, 4040, 3243, 11223,
268, 0.267, 3952, 4044, 3249, 11233,
269, 0.268, 3952, 4044, 3250, 11234,
270, 0.269, 3951, 4046, 3253, 11239,
271, 0.27, 3951, 4049, 3257, 11246,
272, 0.271, 3951, 4050, 3258, 11249,
273, 0.272, 3951, 4054, 3264, 11258,
274, 0.273, 3951, 4058, 3270, 11270,
275, 0.274, 3951, 4058, 3270, 11270,
276, 0.275, 3950, 4061, 3275, 11278,
277, 0.276, 3950, 4062, 3277, 11281,
278, 0.277, 3950, 4064, 3279, 11285,
279, 0.278, 3950, 4067, 3284, 11293,
280, 0.279, 3950, 4071, 3290, 11304,
281, 0.28, 3950, 4072, 3291, 11306,
282, 0.281, 3950, 4074, 3295, 11312,
283, 0.282, 3950, 4076, 3298, 11318,
284, 0.283, 3950, 4078, 3300, 11321,
285, 0.284, 3950, 4081, 3305, 11329,
286, 0.285, 3950, 4081, 3305, 11330,
287, 0.286, 3949, 4085, 3311, 11340,
288, 0.287, 3949, 4089, 3317, 11350,
289, 0.288, 3950, 4091, 3319, 11354,
290, 0.289, 3949, 4092, 3321, 11358,
291, 0.29, 3949, 4095, 3325, 11364,
292, 0.291, 3949, 4096, 3327, 11368,
293, 0.292, 3948, 4099, 3331, 11375,
294, 0.293, 3948, 4103, 3338, 11386,
295, 0.294, 3948, 4104, 3339, 11388,
296, 0.295, 3948, 4106, 3343, 11395,
297, 0.296, 3948, 4108, 3345, 11399,
298, 0.297, 3948, 4108, 3346, 11400,
299, 0.298, 3947, 4112, 3352, 11410,
300, 0.299, 3947, 4116, 3357, 11419,
301, 0.3, 3947, 4118, 3360, 11425,
302, 0.301, 3946, 4121, 3365, 11433,
303, 0.302, 3946, 4125, 3372, 11445,
304, 0.303, 3946, 4126, 3373, 11446,
305, 0.304, 3946, 4128, 3377, 11452,
306, 0.305, 3946, 4130, 3379, 11457,
307, 0.306, 3946, 4131, 3381, 11459,
308, 0.307, 3945, 4134, 3386, 11469,
309, 0.308, 3945, 4139, 3392, 11479,
310, 0.309, 3946, 4139, 3393, 11480,
311, 0.31, 3945, 4142, 3398, 11487,
312, 0.311, 3945, 4143, 3399, 11490,
313, 0.312, 3945, 4145, 3402, 11495,
314, 0.313, 3944, 4148, 3406, 11503,
315, 0.314, 3945, 4148, 3407, 11504,
316, 0.315, 3944, 4152, 3413, 11514,
317, 0.316, 3944, 4155, 3417, 11521,
318, 0.317, 3943, 4156, 3420, 11525,
319, 0.318, 3944, 4158, 3422, 11530,
320, 0.319, 3944, 4161, 3427, 11538,
321, 0.32, 3944, 4162, 3427, 11539,
322, 0.321, 3943, 4166, 3433, 11549,
323, 0.322, 3943, 4170, 3439, 11558,
324, 0.323, 3943, 4170, 3440, 11561,
325, 0.324, 3942, 4173, 3444, 11567,
326, 0.325, 3942, 4175, 3447, 11572,
327, 0.326, 3942, 4176, 3449, 11576,
328, 0.327, 3942, 4179, 3454, 11584,
329, 0.328, 3942, 4180, 3455, 11586,
330, 0.329, 3942, 4183, 3460, 11594,
331, 0.33, 3942, 4188, 3467, 11606,
332, 0.331, 3942, 4188, 3467, 11607,
333, 0.332, 3941, 4191, 3471, 11614,
334, 0.333, 3941, 4192, 3474, 11617,
335, 0.334, 3941, 4194, 3476, 11623,
336, 0.335, 3941, 4197, 3481, 11629,
337, 0.336, 3941, 4197, 3481, 11631,
338, 0.337, 3941, 4202, 3488, 11642,
339, 0.338, 3940, 4204, 3492, 11649,
340, 0.339, 3941, 4206, 3495, 11654,
341, 0.34, 3940, 4208, 3497, 11658,
342, 0.341, 3939, 4210, 3501, 11664,
343, 0.342, 3940, 4211, 3502, 11666,
344, 0.343, 3939, 4215, 3508, 11676,
345, 0.344, 3939, 4218, 3513, 11683,
346, 0.345, 3939, 4219, 3515, 11687,
347, 0.346, 3939, 4221, 3518, 11692,
348, 0.347, 3938, 4223, 3521, 11698,
349, 0.348, 3938, 4225, 3523, 11701,
350, 0.349, 3938, 4228, 3528, 11710,
351, 0.35, 3938, 4232, 3535, 11721,
352, 0.351, 3938, 4234, 3537, 11726,
353, 0.352, 3938, 4237, 3542, 11733,
354, 0.353, 3937, 4241, 3547, 11743,
355, 0.354, 3937, 4242, 3549, 11746,
356, 0.355, 3936, 4244, 3552, 11750,
357, 0.356, 3936, 4246, 3555, 11755,
358, 0.357, 3936, 4247, 3557, 11758,
359, 0.358, 3936, 4250, 3562, 11767,
360, 0.359, 3936, 4250, 3562, 11767,
361, 0.36, 3936, 4254, 3569, 11778,
362, 0.361, 3935, 4258, 3574, 11788,
363, 0.362, 3936, 4260, 3576, 11792,
364, 0.363, 3935, 4261, 3579, 11796,
365, 0.364, 3935, 4263, 3582, 11800,
366, 0.365, 3935, 4265, 3584, 11805,
367, 0.366, 3934, 4268, 3589, 11812,
368, 0.367, 3935, 4268, 3589, 11813,
369, 0.368, 3935, 4273, 3596, 11826,
370, 0.369, 3934, 4275, 3599, 11831,
371, 0.37, 3934, 4277, 3602, 11836,
372, 0.371, 3934, 4278, 3605, 11840,
373, 0.372, 3934, 4281, 3609, 11848,
374, 0.373, 3934, 4282, 3610, 11850,
375, 0.374, 3933, 4285, 3616, 11859,
376, 0.375, 3933, 4289, 3621, 11868,
377, 0.376, 3933, 4290, 3623, 11872,
378, 0.377, 3932, 4292, 3626, 11875,
379, 0.378, 3932, 4295, 3630, 11883,
380, 0.379, 3933, 4296, 3631, 11885,
381, 0.38, 3932, 4299, 3637, 11894,
382, 0.381, 3932, 4303, 3643, 11905,
383, 0.382, 3932, 4303, 3644, 11906,
384, 0.383, 3931, 4306, 3648, 11913,
385, 0.384, 3932, 4308, 3651, 11918,
386, 0.385, 3932, 4309, 3652, 11919,
387, 0.386, 3931, 4313, 3657, 11929,
388, 0.387, 3931, 4317, 3664, 11940,
389, 0.388, 3931, 4317, 3664, 11940,
390, 0.389, 3931, 4320, 3668, 11948,
391, 0.39, 3930, 4322, 3671, 11953,
392, 0.391, 3931, 4324, 3673, 11957,
393, 0.392, 3930, 4326, 3678, 11964,
394, 0.393, 3930, 4327, 3679, 11965,
395, 0.394, 3930, 4331, 3685, 11976,
396, 0.395, 3929, 4334, 3689, 11984,
397, 0.396, 3929, 4335, 3691, 11987,
398, 0.397, 3930, 4336, 3693, 11990,
399, 0.398, 3929, 4340, 3698, 11999,
400, 0.399, 3929, 4343, 3704, 12009,
401, 0.4, 3929, 4346, 3707, 12015,
402, 0.401, 3928, 4349, 3712, 12022,
403, 0.402, 3928, 4348, 3712, 12022,
404, 0.403, 3928, 4353, 3719, 12034,
405, 0.404, 3927, 4356, 3724, 12042,
406, 0.405, 3928, 4357, 3725, 12045,
407, 0.406, 3927, 4360, 3729, 12051,
408, 0.407, 3927, 4362, 3732, 12056,
409, 0.408, 3927, 4363, 3734, 12060,
410, 0.409, 3927, 4367, 3739, 12068,
411, 0.41, 3927, 4366, 3739, 12068,
412, 0.411, 3927, 4371, 3746, 12080,
413, 0.412, 3926, 4374, 3751, 12089,
414, 0.413, 3926, 4375, 3753, 12092,
415, 0.414, 3926, 4377, 3755, 12096,
416, 0.415, 3926, 4380, 3760, 12103,
417, 0.416, 3925, 4384, 3766, 12115,
418, 0.417, 3926, 4385, 3767, 12116,
419, 0.418, 3925, 4388, 3771, 12124,
420, 0.419, 3925, 4389, 3773, 12127,
421, 0.42, 3925, 4391, 3776, 12131,
422, 0.421, 3925, 4393, 3780, 12138,
423, 0.422, 3924, 4394, 3781, 12140,
424, 0.423, 3924, 4398, 3787, 12149,
425, 0.424, 3924, 4401, 3792, 12158,
426, 0.425, 3924, 4402, 3794, 12161,
427, 0.426, 3924, 4405, 3797, 12167,
428, 0.427, 3924, 4407, 3801, 12173,
429, 0.428, 3924, 4407, 3801, 12174,
430, 0.429, 3923, 4411, 3807, 12184,
431, 0.43, 3922, 4414, 3813, 12193,
432, 0.431, 3923, 4416, 3814, 12196,
433, 0.432, 3923, 4416, 3815, 12198,
434, 0.433, 3923, 4420, 3821, 12207,
435, 0.434, 3922, 4424, 3827, 12218,
436, 0.435, 3922, 4424, 3827, 12219,
437, 0.436, 3922, 4427, 3832, 12227,
438, 0.437, 3922, 4429, 3835, 12231,
439, 0.438, 3921, 4431, 3837, 12235,
440, 0.439, 3921, 4433, 3841, 12242,
441, 0.44, 3921, 4434, 3842, 12244,
442, 0.441, 3921, 4438, 3848, 12253,
443, 0.442, 3920, 4441, 3853, 12261,
444, 0.443, 3920, 4442, 3854, 12264,
445, 0.444, 3920, 4444, 3858, 12270,
446, 0.445, 3920, 4446, 3861, 12275,
447, 0.446, 3920, 4448, 3863, 12278,
448, 0.447, 3919, 4451, 3868, 12287,
449, 0.448, 3919, 4451, 3868, 12286,
450, 0.449, 3919, 4455, 3875, 12298,
451, 0.45, 3919, 4458, 3879, 12306,
452, 0.451, 3918, 4464, 3888, 12322,
453, 0.452, 3918, 4464, 3889, 12322,
454, 0.453, 3918, 4467, 3894, 12330,
455, 0.454, 3918, 4469, 3895, 12333,
456, 0.455, 3918, 4470, 3897, 12336,
457, 0.456, 3917, 4473, 3902, 12344,
458, 0.457, 3917, 4473, 3903, 12346,
459, 0.458, 3917, 4477, 3909, 12355,
460, 0.459, 3917, 4480, 3913, 12364,
461, 0.46, 3917, 4482, 3916, 12368,
462, 0.461, 3916, 4484, 3919, 12373,
463, 0.462, 3916, 4486, 3923, 12379,
464, 0.463, 3916, 4491, 3929, 12391,
465, 0.464, 3916, 4491, 3930, 12391,
466, 0.465, 3915, 4494, 3934, 12399,
467, 0.466, 3916, 4496, 3936, 12403,
468, 0.467, 3915, 4497, 3938, 12405,
469, 0.468, 3915, 4500, 3943, 12414,
470, 0.469, 3915, 4504, 3949, 12424,
471, 0.47, 3915, 4505, 3950, 12427,
472, 0.471, 3915, 4507, 3954, 12432,
473, 0.472, 3915, 4510, 3957, 12439,
474, 0.473, 3914, 4510, 3959, 12441,
475, 0.474, 3914, 4514, 3964, 12450,
476, 0.475, 3913, 4518, 3970, 12460,
477, 0.476, 3914, 4518, 3970, 12460,
478, 0.477, 3913, 4521, 3975, 12469,
479, 0.478, 3913, 4522, 3977, 12472,
480, 0.479, 3913, 4524, 3981, 12478,
481, 0.48, 3913, 4527, 3984, 12484,
482, 0.481, 3913, 4527, 3985, 12485,
483, 0.482, 3912, 4531, 3991, 12494,
484, 0.483, 3912, 4535, 3996, 12504,
485, 0.484, 3912, 4536, 3998, 12507,
486, 0.485, 3912, 4538, 4002, 12513,
487, 0.486, 3911, 4540, 4004, 12517,
488, 0.487, 3912, 4541, 4006, 12520,
489, 0.488, 3911, 4544, 4011, 12530,
490, 0.489, 3911, 4547, 4016, 12537,
491, 0.49, 3911, 4549, 4018, 12541,
492, 0.491, 3911, 4551, 4021, 12546,
493, 0.492, 3910, 4553, 4025, 12553,
494, 0.493, 3910, 4554, 4026, 12554,
495, 0.494, 3910, 4558, 4032, 12563,
496, 0.495, 3909, 4561, 4037, 12572,
497, 0.496, 3909, 4562, 4038, 12574,
498, 0.497, 3909, 4563, 4039, 12577,
499, 0.498, 3909, 4566, 4045, 12586,
500, 0.499, 3909, 4571, 4052, 12597,
501, 0.5, 3908, 4573, 4056, 12604,
502, 0.501, 3904, 4585, 4077, 12634,
503, 0.502, 3901, 4588, 4083, 12642,
504, 0.503, 3898, 4591, 4089, 12650,
505, 0.504, 3896, 4594, 4094, 12656,
506, 0.505, 3895, 4594, 4095, 12658,
507, 0.506, 3894, 4596, 4098, 12661,
508, 0.507, 3893, 4597, 4102, 12665,
509, 0.508, 3892, 4598, 4102, 12666,
510, 0.509, 3890, 4601, 4108, 12673,
511, 0.51, 3888, 4603, 4113, 12679,
512, 0.511, 3887, 4603, 4115, 12681,
513, 0.512, 3886, 4605, 4118, 12684,
514, 0.513, 3884, 4607, 4121, 12688,
515, 0.514, 3884, 4607, 4122, 12689,
516, 0.515, 3882, 4609, 4127, 12695,
517, 0.516, 3880, 4612, 4132, 12701,
518, 0.517, 3879, 4612, 4134, 12703,
519, 0.518, 3878, 4613, 4135, 12704,
520, 0.519, 3876, 4616, 4140, 12711,
521, 0.52, 3873, 4618, 4146, 12718,
522, 0.521, 3874, 4619, 4147, 12719,
523, 0.522, 3872, 4620, 4150, 12723,
524, 0.523, 3870, 4622, 4153, 12726,
525, 0.524, 3870, 4623, 4155, 12729,
526, 0.525, 3868, 4625, 4159, 12734,
527, 0.526, 3865, 4627, 4165, 12740,
528, 0.527, 3865, 4628, 4166, 12741,
529, 0.528, 3863, 4630, 4170, 12746,
530, 0.529, 3862, 4631, 4172, 12749,
531, 0.53, 3861, 4632, 4174, 12751,
532, 0.531, 3859, 4634, 4178, 12756,
533, 0.532, 3859, 4634, 4180, 12757,
534, 0.533, 3857, 4637, 4185, 12764,
535, 0.534, 3854, 4640, 4191, 12771,
536, 0.535, 3854, 4640, 4192, 12771,
537, 0.536, 3852, 4641, 4195, 12775,
538, 0.537, 3851, 4643, 4198, 12778,
539, 0.538, 3850, 4643, 4199, 12781,
540, 0.539, 3848, 4646, 4204, 12786,
541, 0.54, 3845, 4649, 4211, 12794,
542, 0.541, 3845, 4649, 4210, 12793,
543, 0.542, 3843, 4651, 4215, 12799,
544, 0.543, 3842, 4651, 4217, 12801,
545, 0.544, 3841, 4653, 4219, 12804,
546, 0.545, 3839, 4654, 4223, 12807,
547, 0.546, 3839, 4655, 4224, 12809,
548, 0.547, 3837, 4657, 4229, 12815,
549, 0.548, 3834, 4659, 4234, 12820,
550, 0.549, 3834, 4660, 4235, 12822,
551, 0.55, 3833, 4662, 4238, 12826,
552, 0.551, 3829, 4666, 4247, 12837,
553, 0.552, 3828, 4666, 4248, 12837,
554, 0.553, 3827, 4667, 4250, 12840,
555, 0.554, 3826, 4669, 4254, 12845,
556, 0.555, 3825, 4670, 4256, 12847,
557, 0.556, 3823, 4672, 4260, 12852,
558, 0.557, 3820, 4674, 4265, 12856,
559, 0.558, 3820, 4675, 4267, 12859,
560, 0.559, 3819, 4676, 4270, 12863,
561, 0.56, 3818, 4678, 4273, 12868,
562, 0.561, 3817, 4679, 4275, 12869,
563, 0.562, 3814, 4681, 4279, 12875,
564, 0.563, 3815, 4681, 4280, 12875,
565, 0.564, 3812, 4684, 4286, 12882,
566, 0.565, 3810, 4686, 4290, 12886,
567, 0.566, 3809, 4688, 4293, 12891,
568, 0.567, 3808, 4688, 4295, 12893,
569, 0.568, 3806, 4690, 4299, 12898,
570, 0.569, 3806, 4690, 4299, 12898,
571, 0.57, 3804, 4693, 4305, 12905,
572, 0.571, 3801, 4695, 4309, 12909,
573, 0.572, 3801, 4696, 4311, 12911,
574, 0.573, 3799, 4697, 4313, 12913,
575, 0.574, 3797, 4698, 4316, 12917,
576, 0.575, 3797, 4699, 4317, 12919,
577, 0.576, 3795, 4701, 4323, 12925,
578, 0.577, 3792, 4704, 4328, 12931,
579, 0.578, 3792, 4704, 4329, 12932,
580, 0.579, 3790, 4706, 4332, 12935,
581, 0.58, 3789, 4707, 4335, 12939,
582, 0.581, 3789, 4707, 4336, 12940,
583, 0.582, 3786, 4710, 4341, 12946,
584, 0.583, 3784, 4712, 4347, 12953,
585, 0.584, 3784, 4713, 4348, 12954,
586, 0.585, 3783, 4714, 4350, 12956,
587, 0.586, 3781, 4716, 4354, 12962,
588, 0.587, 3781, 4716, 4355, 12961,
589, 0.588, 3778, 4719, 4360, 12969,
590, 0.589, 3776, 4721, 4365, 12973,
591, 0.59, 3775, 4722, 4367, 12975,
592, 0.591, 3774, 4723, 4369, 12977,
593, 0.592, 3772, 4724, 4372, 12981,
594, 0.593, 3772, 4725, 4374, 12983,
595, 0.594, 3769, 4727, 4378, 12988,
596, 0.595, 3768, 4729, 4383, 12995,
597, 0.596, 3767, 4730, 4385, 12997,
598, 0.597, 3766, 4732, 4388, 13001,
599, 0.598, 3764, 4733, 4391, 13004,
600, 0.599, 3761, 4736, 4397, 13011,
601, 0.6, 3761, 4737, 4400, 13014,
602, 0.601, 3758, 4739, 4404, 13018,
603, 0.602, 3755, 4741, 4410, 13025,
604, 0.603, 3756, 4742, 4410, 13027,
605, 0.604, 3753, 4744, 4414, 13031,
606, 0.605, 3752, 4745, 4416, 13033,
607, 0.606, 3751, 4746, 4419, 13038,
608, 0.607, 3750, 4747, 4422, 13040,
609, 0.608, 3749, 4748, 4424, 13043,
610, 0.609, 3747, 4750, 4429, 13047,
611, 0.61, 3747, 4750, 4429, 13047,
612, 0.611, 3744, 4753, 4435, 13054,
613, 0.612, 3742, 4755, 4439, 13059,
614, 0.613, 3741, 4756, 4441, 13062,
615, 0.614, 3740, 4757, 4443, 13065,
616, 0.615, 3738, 4759, 4447, 13069,
617, 0.616, 3736, 4762, 4453, 13076,
618, 0.617, 3735, 4762, 4454, 13077,
619, 0.618, 3734, 4764, 4458, 13082,
620, 0.619, 3733, 4765, 4460, 13085,
621, 0.62, 3733, 4766, 4461, 13086,
622, 0.621, 3730, 4768, 4467, 13092,
623, 0.622, 3727, 4770, 4472, 13097,
624, 0.623, 3727, 4771, 4473, 13099,
625, 0.624, 3725, 4773, 4477, 13104,
626, 0.625, 3725, 4774, 4479, 13106,
627, 0.626, 3723, 4775, 4481, 13109,
628, 0.627, 3722, 4777, 4485, 13113,
629, 0.628, 3721, 4777, 4487, 13115,
630, 0.629, 3719, 4779, 4491, 13121,
631, 0.63, 3716, 4782, 4497, 13128,
632, 0.631, 3716, 4782, 4497, 13127,
633, 0.632, 3714, 4784, 4502, 13132,
634, 0.633, 3713, 4785, 4504, 13134,
635, 0.634, 3712, 4786, 4506, 13137,
636, 0.635, 3710, 4787, 4509, 13140,
637, 0.636, 3710, 4788, 4510, 13142,
638, 0.637, 3707, 4790, 4516, 13147,
639, 0.638, 3705, 4793, 4521, 13154,
640, 0.639, 3704, 4793, 4522, 13156,
641, 0.64, 3703, 4794, 4524, 13158,
642, 0.641, 3702, 4796, 4528, 13163,
643, 0.642, 3699, 4798, 4533, 13168,
644, 0.643, 3699, 4799, 4534, 13169,
645, 0.644, 3697, 4801, 4538, 13173,
646, 0.645, 3696, 4801, 4540, 13175,
647, 0.646, 3695, 4803, 4543, 13179,
648, 0.647, 3693, 4805, 4547, 13184,
649, 0.648, 3690, 4807, 4552, 13190,
650, 0.649, 3690, 4808, 4553, 13191,
651, 0.65, 3688, 4809, 4557, 13196,
652, 0.651, 3687, 4810, 4559, 13198,
653, 0.652, 3684, 4813, 4565, 13204,
654, 0.653, 3682, 4815, 4570, 13210,
655, 0.654, 3682, 4816, 4571, 13211,
656, 0.655, 3680, 4817, 4574, 13214,
657, 0.656, 3678, 4818, 4577, 13218,
658, 0.657, 3678, 4819, 4578, 13219,
659, 0.658, 3676, 4821, 4583, 13225,
660, 0.659, 3673, 4823, 4587, 13228,
661, 0.66, 3673, 4824, 4590, 13233,
662, 0.661, 3671, 4825, 4592, 13234,
663, 0.662, 3670, 4826, 4596, 13238,
664, 0.663, 3669, 4827, 4597, 13241,
665, 0.664, 3667, 4830, 4602, 13246,
666, 0.665, 3665, 4832, 4606, 13252,
667, 0.666, 3664, 4832, 4607, 13252,
668, 0.667, 3664, 4833, 4610, 13255,
669, 0.668, 3662, 4835, 4614, 13259,
670, 0.669, 3662, 4836, 4615, 13261,
671, 0.67, 3659, 4838, 4619, 13266,
672, 0.671, 3656, 4840, 4625, 13273,
673, 0.672, 3656, 4841, 4626, 13275,
674, 0.673, 3655, 4842, 4628, 13276,
675, 0.674, 3653, 4843, 4632, 13280,
676, 0.675, 3653, 4843, 4632, 13280,
677, 0.676, 3650, 4846, 4638, 13288,
678, 0.677, 3648, 4849, 4643, 13293,
679, 0.678, 3647, 4849, 4644, 13295,
680, 0.679, 3647, 4850, 4646, 13296,
681, 0.68, 3644, 4852, 4650, 13301,
682, 0.681, 3642, 4854, 4655, 13306,
683, 0.682, 3642, 4855, 4657, 13309,
684, 0.683, 3640, 4856, 4659, 13311,
685, 0.684, 3639, 4857, 4662, 13315,
686, 0.685, 3639, 4858, 4663, 13315,
687, 0.686, 3636, 4860, 4669, 13322,
688, 0.687, 3633, 4862, 4674, 13328,
689, 0.688, 3633, 4863, 4674, 13329,
690, 0.689, 3631, 4864, 4678, 13332,
691, 0.69, 3630, 4865, 4681, 13336,
692, 0.691, 3630, 4866, 4683, 13338,
693, 0.692, 3627, 4868, 4686, 13342,
694, 0.693, 3627, 4868, 4686, 13341,
695, 0.694, 3624, 4870, 4692, 13348,
696, 0.695, 3623, 4873, 4696, 13352,
697, 0.696, 3622, 4874, 4699, 13356,
698, 0.697, 3621, 4874, 4699, 13357,
699, 0.698, 3618, 4876, 4704, 13362,
700, 0.699, 3616, 4878, 4709, 13367,
701, 0.7, 3616, 4879, 4711, 13369,
702, 0.701, 3614, 4880, 4714, 13373,
703, 0.702, 3610, 4884, 4722, 13382,
704, 0.703, 3610, 4884, 4722, 13382,
705, 0.704, 3608, 4886, 4726, 13386,
706, 0.705, 3608, 4887, 4729, 13390,
707, 0.706, 3606, 4888, 4731, 13393,
708, 0.707, 3604, 4889, 4733, 13394,
709, 0.708, 3604, 4890, 4735, 13396,
710, 0.709, 3602, 4893, 4741, 13403,
711, 0.71, 3599, 4895, 4745, 13408,
712, 0.711, 3598, 4895, 4746, 13409,
713, 0.712, 3597, 4896, 4750, 13412,
714, 0.713, 3595, 4897, 4752, 13415,
715, 0.714, 3595, 4898, 4754, 13417,
716, 0.715, 3593, 4900, 4758, 13422,
717, 0.716, 3592, 4900, 4759, 13423,
718, 0.717, 3590, 4903, 4764, 13428,
719, 0.718, 3587, 4905, 4769, 13435,
720, 0.719, 3587, 4906, 4771, 13436,
721, 0.72, 3585, 4907, 4773, 13440,
722, 0.721, 3584, 4909, 4777, 13443,
723, 0.722, 3583, 4909, 4778, 13445,
724, 0.723, 3581, 4911, 4782, 13449,
725, 0.724, 3578, 4914, 4788, 13456,
726, 0.725, 3578, 4914, 4789, 13457,
727, 0.726, 3576, 4915, 4793, 13460,
728, 0.727, 3575, 4917, 4795, 13464,
729, 0.728, 3574, 4918, 4797, 13466,
730, 0.729, 3573, 4919, 4800, 13469,
731, 0.73, 3572, 4920, 4802, 13471,
732, 0.731, 3569, 4922, 4806, 13475,
733, 0.732, 3567, 4924, 4811, 13481,
734, 0.733, 3567, 4925, 4813, 13483,
735, 0.734, 3565, 4926, 4816, 13487,
736, 0.735, 3564, 4927, 4818, 13489,
737, 0.736, 3563, 4928, 4820, 13491,
738, 0.737, 3561, 4930, 4824, 13496,
739, 0.738, 3561, 4930, 4825, 13497,
740, 0.739, 3558, 4932, 4830, 13502,
741, 0.74, 3556, 4934, 4835, 13508,
742, 0.741, 3555, 4935, 4836, 13508,
743, 0.742, 3553, 4936, 4839, 13512,
744, 0.743, 3552, 4937, 4841, 13514,
745, 0.744, 3551, 4938, 4844, 13517,
746, 0.745, 3549, 4940, 4848, 13522,
747, 0.746, 3546, 4943, 4853, 13528,
748, 0.747, 3546, 4943, 4853, 13528,
749, 0.748, 3544, 4944, 4858, 13532,
750, 0.749, 3543, 4945, 4859, 13534,
751, 0.75, 3542, 4946, 4862, 13536,
752, 0.751, 3538, 4950, 4870, 13545,
753, 0.752, 3537, 4950, 4871, 13547,
754, 0.753, 3536, 4952, 4875, 13550,
755, 0.754, 3534, 4953, 4877, 13553,
756, 0.755, 3534, 4954, 4879, 13557,
757, 0.756, 3532, 4955, 4883, 13559,
758, 0.757, 3532, 4956, 4884, 13561,
759, 0.758, 3529, 4958, 4889, 13566,
760, 0.759, 3526, 4961, 4894, 13573,
761, 0.76, 3526, 4961, 4895, 13574,
762, 0.761, 3525, 4962, 4897, 13575,
763, 0.762, 3523, 4963, 4900, 13579,
764, 0.763, 3523, 4964, 4902, 13581,
765, 0.764, 3520, 4966, 4906, 13585,
766, 0.765, 3517, 4968, 4911, 13590,
767, 0.766, 3517, 4968, 4912, 13592,
768, 0.767, 3515, 4970, 4915, 13595,
769, 0.768, 3514, 4971, 4918, 13597,
770, 0.769, 3514, 4971, 4919, 13599,
771, 0.77, 3511, 4973, 4924, 13605,
772, 0.771, 3509, 4975, 4928, 13608,
773, 0.772, 3508, 4976, 4930, 13611,
774, 0.773, 3507, 4977, 4932, 13612,
775, 0.774, 3506, 4979, 4935, 13617,
776, 0.775, 3502, 4981, 4941, 13623,
777, 0.776, 3503, 4981, 4941, 13624,
778, 0.777, 3500, 4982, 4945, 13627,
779, 0.778, 3499, 4983, 4946, 13628,
780, 0.779, 3498, 4984, 4949, 13631,
781, 0.78, 3497, 4986, 4953, 13635,
782, 0.781, 3496, 4986, 4953, 13636,
783, 0.782, 3494, 4988, 4958, 13641,
784, 0.783, 3491, 4990, 4962, 13645,
785, 0.784, 3491, 4991, 4964, 13649,
786, 0.785, 3490, 4992, 4967, 13651,
787, 0.786, 3488, 4994, 4970, 13655,
788, 0.787, 3488, 4994, 4971, 13656,
789, 0.788, 3485, 4996, 4976, 13662,
790, 0.789, 3483, 4998, 4980, 13667,
791, 0.79, 3482, 4999, 4982, 13669,
792, 0.791, 3482, 5000, 4983, 13670,
793, 0.792, 3479, 5001, 4987, 13674,
794, 0.793, 3476, 5003, 4993, 13680,
795, 0.794, 3476, 5004, 4993, 13680,
796, 0.795, 3474, 5005, 4996, 13683,
797, 0.796, 3473, 5006, 4999, 13685,
798, 0.797, 3473, 5007, 5001, 13688,
799, 0.798, 3471, 5009, 5005, 13692,
800, 0.799, 3470, 5009, 5005, 13694,
801, 0.8, 3466, 5013, 5014, 13703,
802, 0.801, 3465, 5013, 5017, 13705,
803, 0.802, 3464, 5014, 5017, 13706,
804, 0.803, 3462, 5016, 5022, 13711,
805, 0.804, 3460, 5018, 5026, 13715,
806, 0.805, 3459, 5019, 5028, 13717,
807, 0.806, 3458, 5020, 5030, 13721,
808, 0.807, 3456, 5022, 5034, 13724,
809, 0.808, 3456, 5022, 5035, 13726,
810, 0.809, 3453, 5024, 5040, 13730,
811, 0.81, 3451, 5026, 5044, 13735,
812, 0.811, 3450, 5027, 5045, 13737,
813, 0.812, 3449, 5028, 5048, 13740,
814, 0.813, 3447, 5029, 5051, 13743,
815, 0.814, 3447, 5030, 5052, 13744,
816, 0.815, 3444, 5031, 5057, 13749,
817, 0.816, 3442, 5033, 5060, 13753,
818, 0.817, 3441, 5035, 5063, 13756,
819, 0.818, 3440, 5035, 5065, 13758,
820, 0.819, 3438, 5037, 5069, 13763,
821, 0.82, 3436, 5039, 5074, 13768,
822, 0.821, 3436, 5040, 5075, 13770,
823, 0.822, 3433, 5041, 5079, 13773,
824, 0.823, 3433, 5043, 5081, 13776,
825, 0.824, 3431, 5044, 5084, 13779,
826, 0.825, 3430, 5045, 5087, 13782,
827, 0.826, 3430, 5045, 5088, 13783,
828, 0.827, 3427, 5047, 5092, 13788,
829, 0.828, 3424, 5050, 5098, 13793,
830, 0.829, 3424, 5050, 5098, 13794,
831, 0.83, 3422, 5052, 5102, 13798,
832, 0.831, 3421, 5052, 5104, 13801,
833, 0.832, 3419, 5053, 5106, 13803,
834, 0.833, 3418, 5054, 5110, 13807,
835, 0.834, 3418, 5055, 5110, 13807,
836, 0.835, 3415, 5057, 5116, 13813,
837, 0.836, 3413, 5059, 5119, 13817,
838, 0.837, 3412, 5060, 5121, 13820,
839, 0.838, 3411, 5061, 5124, 13822,
840, 0.839, 3409, 5063, 5128, 13826,
841, 0.84, 3409, 5063, 5128, 13826,
842, 0.841, 3406, 5065, 5133, 13832,
843, 0.842, 3404, 5067, 5137, 13837,
844, 0.843, 3403, 5068, 5139, 13839,
845, 0.844, 3403, 5068, 5141, 13841,
846, 0.845, 3400, 5070, 5145, 13845,
847, 0.846, 3398, 5072, 5150, 13850,
848, 0.847, 3398, 5073, 5151, 13852,
849, 0.848, 3396, 5074, 5153, 13853,
850, 0.849, 3394, 5075, 5156, 13856,
851, 0.85, 3394, 5076, 5158, 13860,
852, 0.851, 3390, 5079, 5166, 13867,
853, 0.852, 3388, 5080, 5168, 13869,
854, 0.853, 3388, 5081, 5169, 13871,
855, 0.854, 3386, 5083, 5174, 13876,
856, 0.855, 3383, 5085, 5179, 13882,
857, 0.856, 3383, 5085, 5180, 13883,
858, 0.857, 3381, 5086, 5183, 13885,
859, 0.858, 3380, 5088, 5185, 13888,
860, 0.859, 3377, 5090, 5191, 13895,
861, 0.86, 3377, 5091, 5192, 13896,
862, 0.861, 3375, 5093, 5196, 13900,
863, 0.862, 3374, 5093, 5198, 13902,
864, 0.863, 3373, 5094, 5200, 13905,
865, 0.864, 3371, 5095, 5203, 13907,
866, 0.865, 3370, 5096, 5204, 13909,
867, 0.866, 3368, 5098, 5209, 13913,
868, 0.867, 3365, 5099, 5213, 13917,
869, 0.868, 3365, 5100, 5214, 13920,
870, 0.869, 3363, 5101, 5217, 13921,
871, 0.87, 3362, 5102, 5220, 13925,
872, 0.871, 3361, 5103, 5220, 13926,
873, 0.872, 3359, 5105, 5226, 13932,
874, 0.873, 3357, 5106, 5229, 13935,
875, 0.874, 3356, 5108, 5232, 13938,
876, 0.875, 3355, 5108, 5233, 13940,
877, 0.876, 3353, 5110, 5238, 13945,
878, 0.877, 3352, 5110, 5238, 13943,
879, 0.878, 3350, 5112, 5243, 13948,
880, 0.879, 3347, 5114, 5248, 13954,
881, 0.88, 3347, 5114, 5248, 13954,
882, 0.881, 3344, 5116, 5252, 13958,
883, 0.882, 3344, 5116, 5253, 13959,
884, 0.883, 3343, 5117, 5255, 13962,
885, 0.884, 3341, 5119, 5259, 13966,
886, 0.885, 3338, 5121, 5264, 13971,
887, 0.886, 3338, 5121, 5265, 13972,
888, 0.887, 3336, 5123, 5269, 13976,
889, 0.888, 3335, 5124, 5271, 13978,
890, 0.889, 3334, 5125, 5273, 13982,
891, 0.89, 3332, 5127, 5277, 13985,
892, 0.891, 3332, 5126, 5277, 13984,
893, 0.892, 3329, 5129, 5282, 13991,
894, 0.893, 3327, 5130, 5284, 13992,
895, 0.894, 3326, 5131, 5287, 13994,
896, 0.895, 3325, 5132, 5289, 13997,
897, 0.896, 3323, 5133, 5293, 14001,
898, 0.897, 3323, 5134, 5293, 14002,
899, 0.898, 3320, 5136, 5299, 14008,
900, 0.899, 3318, 5138, 5303, 14012,
901, 0.9, 3317, 5138, 5305, 14014,
902, 0.901, 3316, 5140, 5308, 14018,
903, 0.902, 3311, 5143, 5315, 14025,
904, 0.903, 3311, 5144, 5316, 14027,
905, 0.904, 3309, 5145, 5319, 14030,
906, 0.905, 3308, 5145, 5321, 14031,
907, 0.906, 3308, 5146, 5321, 14032,
908, 0.907, 3305, 5148, 5327, 14037,
909, 0.908, 3303, 5150, 5331, 14042,
910, 0.909, 3302, 5150, 5333, 14044,
911, 0.91, 3301, 5152, 5336, 14047,
912, 0.911, 3299, 5153, 5339, 14050,
913, 0.912, 3299, 5153, 5339, 14051,
914, 0.913, 3296, 5155, 5344, 14056,
915, 0.914, 3294, 5158, 5349, 14061,
916, 0.915, 3293, 5158, 5350, 14063,
917, 0.916, 3291, 5160, 5354, 14067,
918, 0.917, 3290, 5160, 5356, 14068,
919, 0.918, 3290, 5161, 5357, 14070,
920, 0.919, 3287, 5162, 5361, 14073,
921, 0.92, 3285, 5164, 5366, 14079,
922, 0.921, 3284, 5165, 5367, 14080,
923, 0.922, 3283, 5166, 5371, 14084,
924, 0.923, 3282, 5168, 5373, 14087,
925, 0.924, 3280, 5168, 5375, 14088,
926, 0.925, 3279, 5170, 5379, 14093,
927, 0.926, 3276, 5172, 5384, 14098,
928, 0.927, 3276, 5173, 5385, 14099,
929, 0.928, 3274, 5174, 5387, 14102,
930, 0.929, 3272, 5175, 5390, 14104,
931, 0.93, 3272, 5175, 5391, 14106,
932, 0.931, 3269, 5177, 5396, 14109,
933, 0.932, 3269, 5177, 5396, 14110,
934, 0.933, 3267, 5180, 5401, 14116,
935, 0.934, 3264, 5181, 5406, 14121,
936, 0.935, 3264, 5182, 5407, 14121,
937, 0.936, 3262, 5182, 5409, 14123,
938, 0.937, 3260, 5183, 5412, 14126,
939, 0.938, 3260, 5184, 5414, 14128,
940, 0.939, 3257, 5186, 5418, 14132,
941, 0.94, 3257, 5186, 5418, 14132,
942, 0.941, 3254, 5189, 5423, 14138,
943, 0.942, 3252, 5191, 5428, 14144,
944, 0.943, 3251, 5191, 5429, 14144,
945, 0.944, 3250, 5192, 5432, 14147,
946, 0.945, 3248, 5193, 5434, 14150,
947, 0.946, 3248, 5193, 5436, 14150,
948, 0.947, 3245, 5195, 5440, 14155,
949, 0.948, 3242, 5197, 5445, 14161,
950, 0.949, 3243, 5199, 5447, 14164,
951, 0.95, 3240, 5199, 5448, 14164,
952, 0.951, 3236, 5202, 5456, 14172,
953, 0.952, 3236, 5202, 5456, 14172,
954, 0.953, 3234, 5204, 5460, 14176,
955, 0.954, 3233, 5204, 5462, 14178,
956, 0.955, 3232, 5205, 5464, 14180,
957, 0.956, 3230, 5207, 5467, 14183,
958, 0.957, 3230, 5207, 5467, 14184,
959, 0.958, 3227, 5209, 5473, 14190,
960, 0.959, 3225, 5211, 5477, 14193,
961, 0.96, 3224, 5211, 5479, 14195,
962, 0.961, 3223, 5212, 5481, 14198,
963, 0.962, 3221, 5214, 5484, 14201,
964, 0.963, 3221, 5214, 5486, 14203,
965, 0.964, 3218, 5216, 5490, 14206,
966, 0.965, 3218, 5216, 5489, 14205,
967, 0.966, 3215, 5218, 5495, 14211,
968, 0.967, 3213, 5219, 5498, 14215,
969, 0.968, 3212, 5220, 5500, 14215,
970, 0.969, 3211, 5221, 5502, 14219,
971, 0.97, 3209, 5223, 5506, 14222,
972, 0.971, 3209, 5223, 5507, 14223,
973, 0.972, 3206, 5225, 5511, 14227,
974, 0.973, 3203, 5227, 5516, 14233,
975, 0.974, 3203, 5227, 5517, 14233,
976, 0.975, 3201, 5228, 5521, 14238,
977, 0.976, 3200, 5229, 5522, 14240,
978, 0.977, 3199, 5230, 5525, 14243,
979, 0.978, 3197, 5232, 5528, 14245,
980, 0.979, 3197, 5232, 5529, 14246,
981, 0.98, 3194, 5234, 5533, 14250,
982, 0.981, 3191, 5236, 5539, 14256,
983, 0.982, 3191, 5236, 5539, 14257,
984, 0.983, 3189, 5238, 5543, 14260,
985, 0.984, 3188, 5239, 5545, 14263,
986, 0.985, 3186, 5239, 5547, 14264,
987, 0.986, 3185, 5240, 5550, 14267,
988, 0.987, 3185, 5241, 5550, 14268,
989, 0.988, 3182, 5243, 5555, 14273,
990, 0.989, 3180, 5245, 5560, 14278,
991, 0.99, 3179, 5246, 5561, 14279,
992, 0.991, 3178, 5246, 5564, 14282,
993, 0.992, 3176, 5248, 5566, 14284,
994, 0.993, 3176, 5249, 5568, 14287,
995, 0.994, 3173, 5250, 5572, 14290,
996, 0.995, 3171, 5252, 5577, 14295,
997, 0.996, 3170, 5252, 5577, 14296,
998, 0.997, 3168, 5253, 5581, 14299,
999, 0.998, 3167, 5254, 5582, 14299,
1000, 0.999, 3167, 5254, 5583, 14301,
1000, 0.001, 3317, 2837, 1926, 7983,
