1, 0.0, 9337, 7463, 5185, 21551,
2, 0.001, 16525, 13257, 9201, 38233,
3, 0.002, 16508, 13234, 9188, 38177,
4, 0.003, 16516, 13228, 9182, 38169,
5, 0.004, 16509, 13218, 9177, 38148,
6, 0.005, 16497, 13221, 9181, 38141,
7, 0.006, 16498, 13225, 9199, 38166,
8, 0.007, 16497, 13222, 9196, 38157,
9, 0.008, 16495, 13228, 9207, 38175,
10, 0.009, 16490, 13229, 9212, 38175,
11, 0.01, 16489, 13232, 9218, 38184,
12, 0.011, 16486, 13241, 9234, 38208,
13, 0.012, 16483, 13253, 9254, 38241,
14, 0.013, 16483, 13255, 9256, 38244,
15, 0.014, 16481, 13260, 9267, 38260,
16, 0.015, 16480, 13268, 9280, 38281,
17, 0.016, 16481, 13272, 9285, 38291,
18, 0.017, 16478, 13283, 9304, 38322,
19, 0.018, 16475, 13297, 9327, 38358,
20, 0.019, 16475, 13299, 9328, 38361,
21, 0.02, 16475, 13306, 9339, 38381,
22, 0.021, 16472, 13314, 9353, 38402,
23, 0.022, 16471, 13328, 9373, 38437,
24, 0.023, 16470, 13330, 9378, 38444,
25, 0.024, 16469, 13339, 9391, 38467,
26, 0.025, 16468, 13346, 9403, 38485,
27, 0.026, 16468, 13348, 9406, 38491,
28, 0.027, 16467, 13363, 9428, 38529,
29, 0.028, 16464, 13376, 9449, 38563,
30, 0.029, 16465, 13377, 9452, 38569,
31, 0.03, 16461, 13386, 9466, 38589,
32, 0.031, 16462, 13393, 9477, 38609,
33, 0.032, 16462, 13399, 9486, 38625,
34, 0.033, 16460, 13409, 9502, 38652,
35, 0.034, 16459, 13410, 9503, 38653,
36, 0.035, 16457, 13424, 9526, 38691,
37, 0.036, 16456, 13438, 9546, 38726,
38, 0.037, 16457, 13443, 9553, 38740,
39, 0.038, 16456, 13447, 9560, 38751,
40, 0.039, 16455, 13459, 9578, 38782,
41, 0.04, 16455, 13459, 9579, 38781,
42, 0.041, 16455, 13477, 9605, 38828,
43, 0.042, 16456, 13485, 9617, 38850,
44, 0.043, 16457, 13495, 9632, 38879,
45, 0.044, 16455, 13496, 9634, 38881,
46, 0.045, 16457, 13512, 9657, 38923,
47, 0.046, 16453, 13524, 9676, 38953,
48, 0.047, 16455, 13528, 9682, 38964,
49, 0.048, 16453, 13534, 9691, 38979,
50, 0.049, 16452, 13545, 9708, 39008,
51, 0.05, 16450, 13556, 9727, 39039,
52, 0.051, 16450, 13563, 9737, 39056,
53, 0.052, 16447, 13576, 9757, 39088,
54, 0.053, 16445, 13588, 9775, 39120,
55, 0.054, 16445, 13593, 9783, 39134,
56, 0.055, 16446, 13600, 9793, 39153,
57, 0.056, 16445, 13611, 9809, 39180,
58, 0.057, 16445, 13613, 9813, 39186,
59, 0.058, 16445, 13628, 9835, 39225,
60, 0.059, 16444, 13643, 9857, 39264,
61, 0.06, 16445, 13646, 9861, 39271,
62, 0.061, 16443, 13655, 9877, 39297,
63, 0.062, 16443, 13661, 9885, 39313,
64, 0.063, 16441, 13667, 9895, 39328,
65, 0.064, 16440, 13677, 9909, 39353,
66, 0.065, 16437, 13692, 9934, 39394,
67, 0.066, 16438, 13694, 9935, 39397,
68, 0.067, 16437, 13696, 9939, 39404,
69, 0.068, 16435, 13709, 9960, 39436,
70, 0.069, 16433, 13723, 9981, 39474,
71, 0.07, 16434, 13726, 9985, 39482,
72, 0.071, 16432, 13737, 10001, 39509,
73, 0.072, 16434, 13744, 10011, 39527,
74, 0.073, 16433, 13750, 10021, 39544,
75, 0.074, 16431, 13760, 10036, 39568,
76, 0.075, 16432, 13763, 10041, 39578,
77, 0.076, 16431, 13777, 10063, 39617,
78, 0.077, 16428, 13789, 10081, 39646,
79, 0.078, 16428, 13793, 10088, 39655,
80, 0.079, 16427, 13801, 10100, 39677,
81, 0.08, 16426, 13809, 10114, 39699,
82, 0.081, 16427, 13811, 10115, 39704,
83, 0.082, 16426, 13827, 10139, 39746,
84, 0.083, 16423, 13839, 10158, 39776,
85, 0.084, 16423, 13844, 10164, 39788,
86, 0.085, 16423, 13851, 10174, 39807,
87, 0.086, 16421, 13860, 10189, 39830,
88, 0.087, 16421, 13863, 10193, 39838,
89, 0.088, 16418, 13876, 10214, 39871,
90, 0.089, 16419, 13891, 10236, 39911,
91, 0.09, 16418, 13893, 10240, 39915,
92, 0.091, 16416, 13900, 10250, 39931,
93, 0.092, 16416, 13910, 10265, 39959,
94, 0.093, 16417, 13914, 10270, 39969,
95, 0.094, 16414, 13926, 10290, 40001,
96, 0.095, 16416, 13941, 10310, 40038,
97, 0.096, 16414, 13944, 10317, 40049,
98, 0.097, 16413, 13951, 10328, 40068,
99, 0.098, 16413, 13960, 10342, 40092,
100, 0.099, 16412, 13978, 10369, 40139,
101, 0.1, 16410, 13983, 10376, 40151,
102, 0.101, 16410, 13995, 10393, 40180,
103, 0.102, 16412, 13997, 10397, 40188,
104, 0.103, 16409, 14011, 10419, 40225,
105, 0.104, 16408, 14023, 10437, 40256,
106, 0.105, 16410, 14029, 10445, 40272,
107, 0.106, 16407, 14036, 10457, 40291,
108, 0.107, 16409, 14047, 10472, 40318,
109, 0.108, 16406, 14048, 10474, 40319,
110, 0.109, 16407, 14064, 10497, 40362,
111, 0.11, 16402, 14076, 10519, 40396,
112, 0.111, 16403, 14078, 10521, 40400,
113, 0.112, 16401, 14088, 10536, 40425,
114, 0.113, 16400, 14095, 10546, 40442,
115, 0.114, 16403, 14099, 10551, 40453,
116, 0.115, 16401, 14113, 10573, 40490,
117, 0.116, 16402, 14128, 10596, 40531,
118, 0.117, 16402, 14132, 10601, 40541,
119, 0.118, 16399, 14141, 10614, 40561,
120, 0.119, 16400, 14148, 10625, 40584,
121, 0.12, 16399, 14148, 10625, 40582,
122, 0.121, 16398, 14165, 10651, 40627,
123, 0.122, 16396, 14176, 10668, 40658,
124, 0.123, 16397, 14182, 10676, 40673,
125, 0.124, 16397, 14189, 10687, 40689,
126, 0.125, 16397, 14199, 10702, 40719,
127, 0.126, 16398, 14202, 10707, 40727,
128, 0.127, 16396, 14217, 10729, 40764,
129, 0.128, 16395, 14231, 10751, 40802,
130, 0.129, 16395, 14234, 10754, 40807,
131, 0.13, 16394, 14241, 10765, 40824,
132, 0.131, 16392, 14251, 10779, 40848,
133, 0.132, 16392, 14253, 10784, 40856,
134, 0.133, 16391, 14267, 10805, 40891,
135, 0.134, 16390, 14284, 10830, 40935,
136, 0.135, 16389, 14284, 10830, 40936,
137, 0.136, 16388, 14296, 10848, 40967,
138, 0.137, 16388, 14301, 10856, 40981,
139, 0.138, 16388, 14306, 10863, 40991,
140, 0.139, 16386, 14318, 10882, 41025,
141, 0.14, 16384, 14329, 10899, 41053,
142, 0.141, 16383, 14333, 10906, 41064,
143, 0.142, 16382, 14341, 10918, 41085,
144, 0.143, 16381, 14350, 10932, 41109,
145, 0.144, 16382, 14352, 10935, 41114,
146, 0.145, 16380, 14367, 10957, 41153,
147, 0.146, 16384, 14381, 10975, 41188,
148, 0.147, 16378, 14384, 10983, 41195,
149, 0.148, 16378, 14386, 10987, 41201,
150, 0.149, 16376, 14401, 11008, 41237,
151, 0.15, 16375, 14416, 11031, 41279,
152, 0.151, 16375, 14422, 11040, 41293,
153, 0.152, 16373, 14434, 11059, 41326,
154, 0.153, 16372, 14445, 11075, 41354,
155, 0.154, 16371, 14451, 11085, 41370,
156, 0.155, 16372, 14454, 11089, 41377,
157, 0.156, 16370, 14467, 11110, 41411,
158, 0.157, 16369, 14482, 11132, 41451,
159, 0.158, 16368, 14484, 11135, 41457,
160, 0.159, 16367, 14493, 11148, 41479,
161, 0.16, 16365, 14500, 11160, 41498,
162, 0.161, 16365, 14505, 11167, 41510,
163, 0.162, 16364, 14518, 11187, 41544,
164, 0.163, 16363, 14533, 11211, 41583,
165, 0.164, 16363, 14534, 11211, 41587,
166, 0.165, 16361, 14543, 11226, 41608,
167, 0.166, 16361, 14551, 11238, 41629,
168, 0.167, 16361, 14556, 11245, 41642,
169, 0.168, 16359, 14568, 11263, 41670,
170, 0.169, 16360, 14569, 11264, 41675,
171, 0.17, 16358, 14584, 11288, 41716,
172, 0.171, 16357, 14598, 11308, 41750,
173, 0.172, 16357, 14601, 11313, 41760,
174, 0.173, 16356, 14607, 11322, 41774,
175, 0.174, 16354, 14617, 11338, 41802,
176, 0.175, 16353, 14633, 11362, 41843,
177, 0.176, 16353, 14634, 11364, 41846,
178, 0.177, 16351, 14645, 11380, 41874,
179, 0.178, 16350, 14650, 11389, 41888,
180, 0.179, 16351, 14657, 11399, 41908,
181, 0.18, 16350, 14668, 11416, 41935,
182, 0.181, 16351, 14670, 11419, 41942,
183, 0.182, 16349, 14686, 11442, 41981,
184, 0.183, 16349, 14701, 11464, 42022,
185, 0.184, 16348, 14703, 11468, 42026,
186, 0.185, 16347, 14710, 11479, 42044,
187, 0.186, 16345, 14719, 11492, 42067,
188, 0.187, 16346, 14722, 11498, 42077,
189, 0.188, 16344, 14735, 11518, 42111,
190, 0.189, 16343, 14748, 11537, 42143,
191, 0.19, 16343, 14753, 11545, 42156,
192, 0.191, 16342, 14760, 11556, 42176,
193, 0.192, 16341, 14769, 11569, 42200,
194, 0.193, 16340, 14785, 11593, 42240,
195, 0.194, 16341, 14787, 11596, 42246,
196, 0.195, 16339, 14799, 11613, 42274,
197, 0.196, 16339, 14805, 11622, 42289,
198, 0.197, 16338, 14811, 11632, 42306,
199, 0.198, 16337, 14820, 11647, 42331,
200, 0.199, 16338, 14825, 11652, 42341,
201, 0.2, 16334, 14845, 11686, 42397,
202, 0.201, 16335, 14854, 11698, 42421,
203, 0.202, 16335, 14860, 11706, 42435,
204, 0.203, 16333, 14871, 11723, 42464,
205, 0.204, 16334, 14872, 11725, 42467,
206, 0.205, 16332, 14888, 11750, 42510,
207, 0.206, 16329, 14900, 11769, 42539,
208, 0.207, 16329, 14904, 11775, 42550,
209, 0.208, 16329, 14914, 11789, 42577,
210, 0.209, 16328, 14921, 11800, 42594,
211, 0.21, 16329, 14924, 11804, 42602,
212, 0.211, 16326, 14937, 11825, 42636,
213, 0.212, 16325, 14949, 11843, 42668,
214, 0.213, 16326, 14956, 11852, 42684,
215, 0.214, 16323, 14959, 11860, 42696,
216, 0.215, 16322, 14970, 11876, 42724,
217, 0.216, 16319, 14986, 11900, 42765,
218, 0.217, 16320, 14987, 11902, 42767,
219, 0.218, 16320, 15000, 11921, 42800,
220, 0.219, 16320, 15005, 11928, 42813,
221, 0.22, 16318, 15012, 11940, 42834,
222, 0.221, 16317, 15021, 11953, 42853,
223, 0.222, 16318, 15023, 11955, 42861,
224, 0.223, 16316, 15038, 11979, 42900,
225, 0.224, 16315, 15052, 12000, 42935,
226, 0.225, 16315, 15055, 12005, 42943,
227, 0.226, 16314, 15063, 12017, 42964,
228, 0.227, 16314, 15072, 12031, 42989,
229, 0.228, 16314, 15077, 12038, 43003,
230, 0.229, 16311, 15088, 12056, 43030,
231, 0.23, 16312, 15105, 12079, 43073,
232, 0.231, 16310, 15105, 12082, 43075,
233, 0.232, 16308, 15112, 12092, 43092,
234, 0.233, 16308, 15122, 12108, 43119,
235, 0.234, 16308, 15122, 12109, 43121,
236, 0.235, 16306, 15138, 12132, 43161,
237, 0.236, 16305, 15149, 12149, 43189,
238, 0.237, 16304, 15155, 12158, 43203,
239, 0.238, 16304, 15158, 12162, 43213,
240, 0.239, 16302, 15172, 12183, 43247,
241, 0.24, 16301, 15184, 12202, 43279,
242, 0.241, 16302, 15188, 12210, 43294,
243, 0.242, 16300, 15193, 12217, 43306,
244, 0.243, 16301, 15207, 12237, 43341,
245, 0.244, 16301, 15207, 12236, 43340,
246, 0.245, 16300, 15224, 12262, 43386,
247, 0.246, 16298, 15237, 12282, 43420,
248, 0.247, 16297, 15239, 12286, 43426,
249, 0.248, 16296, 15248, 12299, 43449,
250, 0.249, 16294, 15255, 12311, 43467,
251, 0.25, 16294, 15260, 12318, 43480,
252, 0.251, 16292, 15283, 12353, 43539,
253, 0.252, 16291, 15290, 12363, 43556,
254, 0.253, 16291, 15293, 12367, 43563,
255, 0.254, 16291, 15308, 12390, 43604,
256, 0.255, 16289, 15324, 12414, 43644,
257, 0.256, 16288, 15322, 12414, 43641,
258, 0.257, 16287, 15331, 12427, 43663,
259, 0.258, 16287, 15340, 12440, 43687,
260, 0.259, 16286, 15343, 12444, 43696,
261, 0.26, 16285, 15356, 12465, 43731,
262, 0.261, 16284, 15373, 12490, 43773,
263, 0.262, 16285, 15374, 12492, 43778,
264, 0.263, 16283, 15382, 12505, 43797,
265, 0.264, 16283, 15391, 12517, 43820,
266, 0.265, 16283, 15394, 12524, 43833,
267, 0.266, 16281, 15407, 12542, 43864,
268, 0.267, 16278, 15423, 12567, 43903,
269, 0.268, 16279, 15423, 12568, 43905,
270, 0.269, 16277, 15429, 12577, 43919,
271, 0.27, 16276, 15440, 12593, 43949,
272, 0.271, 16276, 15441, 12594, 43951,
273, 0.272, 16274, 15456, 12618, 43991,
274, 0.273, 16272, 15465, 12633, 44015,
275, 0.274, 16272, 15473, 12643, 44033,
276, 0.275, 16273, 15478, 12652, 44049,
277, 0.276, 16271, 15490, 12670, 44079,
278, 0.277, 16273, 15492, 12671, 44081,
279, 0.278, 16271, 15508, 12696, 44125,
280, 0.279, 16268, 15519, 12713, 44153,
281, 0.28, 16267, 15523, 12720, 44163,
282, 0.281, 16267, 15528, 12728, 44179,
283, 0.282, 16266, 15540, 12746, 44209,
284, 0.283, 16264, 15555, 12769, 44248,
285, 0.284, 16266, 15558, 12773, 44257,
286, 0.285, 16264, 15565, 12783, 44273,
287, 0.286, 16263, 15574, 12798, 44298,
288, 0.287, 16263, 15576, 12802, 44303,
289, 0.288, 16262, 15591, 12824, 44343,
290, 0.289, 16261, 15603, 12841, 44374,
291, 0.29, 16261, 15608, 12849, 44386,
292, 0.291, 16260, 15612, 12857, 44398,
293, 0.292, 16258, 15624, 12875, 44427,
294, 0.293, 16258, 15635, 12892, 44460,
295, 0.294, 16260, 15644, 12903, 44479,
296, 0.295, 16257, 15646, 12907, 44486,
297, 0.296, 16256, 15658, 12927, 44520,
298, 0.297, 16253, 15674, 12951, 44561,
299, 0.298, 16254, 15675, 12953, 44564,
300, 0.299, 16253, 15688, 12972, 44597,
301, 0.3, 16254, 15695, 12982, 44615,
302, 0.301, 16252, 15710, 13005, 44653,
303, 0.302, 16248, 15719, 13020, 44678,
304, 0.303, 16249, 15726, 13030, 44694,
305, 0.304, 16248, 15732, 13039, 44712,
306, 0.305, 16247, 15743, 13055, 44738,
307, 0.306, 16247, 15745, 13059, 44745,
308, 0.307, 16247, 15760, 13082, 44785,
309, 0.308, 16244, 15772, 13102, 44817,
310, 0.309, 16245, 15777, 13107, 44829,
311, 0.31, 16245, 15787, 13122, 44854,
312, 0.311, 16245, 15796, 13134, 44878,
313, 0.312, 16244, 15796, 13136, 44878,
314, 0.313, 16242, 15811, 13159, 44917,
315, 0.314, 16240, 15823, 13179, 44950,
316, 0.315, 16239, 15827, 13184, 44958,
317, 0.316, 16240, 15832, 13193, 44974,
318, 0.317, 16239, 15844, 13211, 45007,
319, 0.318, 16236, 15858, 13232, 45042,
320, 0.319, 16236, 15860, 13236, 45048,
321, 0.32, 16234, 15871, 13252, 45074,
322, 0.321, 16235, 15878, 13262, 45092,
323, 0.322, 16235, 15881, 13267, 45101,
324, 0.323, 16233, 15893, 13287, 45134,
325, 0.324, 16235, 15905, 13303, 45165,
326, 0.325, 16233, 15912, 13314, 45184,
327, 0.326, 16234, 15914, 13316, 45189,
328, 0.327, 16230, 15928, 13339, 45226,
329, 0.328, 16229, 15942, 13360, 45261,
330, 0.329, 16230, 15946, 13366, 45272,
331, 0.33, 16229, 15955, 13380, 45294,
332, 0.331, 16227, 15963, 13391, 45313,
333, 0.332, 16228, 15965, 13395, 45321,
334, 0.333, 16227, 15981, 13418, 45360,
335, 0.334, 16225, 15992, 13436, 45391,
336, 0.335, 16224, 15996, 13442, 45400,
337, 0.336, 16224, 16001, 13450, 45414,
338, 0.337, 16223, 16013, 13468, 45446,
339, 0.338, 16222, 16029, 13492, 45489,
340, 0.339, 16221, 16030, 13495, 45492,
341, 0.34, 16222, 16042, 13511, 45523,
342, 0.341, 16222, 16049, 13521, 45542,
343, 0.342, 16221, 16054, 13531, 45554,
344, 0.343, 16220, 16064, 13546, 45580,
345, 0.344, 16218, 16081, 13571, 45623,
346, 0.345, 16222, 16085, 13575, 45636,
347, 0.346, 16216, 16092, 13589, 45653,
348, 0.347, 16217, 16099, 13598, 45670,
349, 0.348, 16217, 16105, 13608, 45687,
350, 0.349, 16215, 16115, 13624, 45712,
351, 0.35, 16214, 16129, 13645, 45749,
352, 0.351, 16214, 16135, 13653, 45766,
353, 0.352, 16212, 16150, 13676, 45802,
354, 0.353, 16211, 16161, 13693, 45831,
355, 0.354, 16211, 16167, 13702, 45848,
356, 0.355, 16210, 16175, 13713, 45868,
357, 0.356, 16208, 16183, 13727, 45889,
358, 0.357, 16209, 16186, 13730, 45895,
359, 0.358, 16207, 16200, 13753, 45933,
360, 0.359, 16206, 16212, 13771, 45963,
361, 0.36, 16206, 16218, 13779, 45978,
362, 0.361, 16205, 16221, 13785, 45988,
363, 0.362, 16203, 16233, 13804, 46021,
364, 0.363, 16204, 16235, 13805, 46022,
365, 0.364, 16202, 16251, 13830, 46065,
366, 0.365, 16200, 16264, 13850, 46098,
367, 0.366, 16199, 16267, 13855, 46108,
368, 0.367, 16198, 16274, 13867, 46126,
369, 0.368, 16196, 16283, 13880, 46148,
370, 0.369, 16197, 16287, 13887, 46160,
371, 0.37, 16196, 16301, 13907, 46196,
372, 0.371, 16194, 16316, 13930, 46234,
373, 0.372, 16194, 16318, 13932, 46240,
374, 0.373, 16194, 16330, 13950, 46268,
375, 0.374, 16193, 16335, 13959, 46284,
376, 0.375, 16193, 16341, 13968, 46298,
377, 0.376, 16191, 16351, 13985, 46327,
378, 0.377, 16193, 16354, 13988, 46336,
379, 0.378, 16191, 16370, 14012, 46376,
380, 0.379, 16188, 16378, 14026, 46398,
381, 0.38, 16188, 16385, 14036, 46418,
382, 0.381, 16186, 16401, 14062, 46418,
383, 0.382, 16187, 16403, 14063, 46462,
384, 0.383, 16185, 16411, 14076, 46483,
385, 0.384, 16185, 16419, 14087, 46504,
386, 0.385, 16185, 16423, 14093, 46514,
387, 0.386, 16184, 16436, 14114, 46550,
388, 0.387, 16182, 16451, 14138, 46590,
389, 0.388, 16182, 16452, 14139, 46592,
390, 0.389, 16179, 16459, 14150, 46609,
391, 0.39, 16181, 16470, 14166, 46639,
392, 0.391, 16183, 16477, 14174, 46654,
393, 0.392, 16176, 16485, 14189, 46675,
394, 0.393, 16174, 16498, 14210, 46710,
395, 0.394, 16174, 16501, 14214, 46717,
396, 0.395, 16174, 16510, 14228, 46743,
397, 0.396, 16174, 16519, 14240, 46763,
398, 0.397, 16174, 16522, 14244, 46771,
399, 0.398, 16172, 16536, 14267, 46807,
400, 0.399, 16170, 16548, 14286, 46841,
401, 0.4, 16169, 16552, 14292, 46852,
402, 0.401, 16167, 16568, 14317, 46892,
403, 0.402, 16165, 16578, 14332, 46917,
404, 0.403, 16165, 16585, 14343, 46934,
405, 0.404, 16164, 16587, 14347, 46944,
406, 0.405, 16162, 16602, 14368, 46979,
407, 0.406, 16161, 16616, 14391, 47016,
408, 0.407, 16162, 16618, 14393, 47023,
409, 0.408, 16160, 16625, 14405, 47041,
410, 0.409, 16159, 16634, 14419, 47064,
411, 0.41, 16159, 16635, 14421, 47067,
412, 0.411, 16157, 16650, 14445, 47107,
413, 0.412, 16156, 16661, 14460, 47133,
414, 0.413, 16156, 16668, 14471, 47153,
415, 0.414, 16156, 16672, 14476, 47163,
416, 0.415, 16153, 16684, 14497, 47194,
417, 0.416, 16152, 16697, 14515, 47227,
418, 0.417, 16152, 16701, 14522, 47238,
419, 0.418, 16152, 16707, 14531, 47256,
420, 0.419, 16151, 16719, 14549, 47285,
421, 0.42, 16152, 16722, 14553, 47294,
422, 0.421, 16149, 16736, 14575, 47329,
423, 0.422, 16147, 16747, 14591, 47356,
424, 0.423, 16148, 16753, 14601, 47374,
425, 0.424, 16147, 16760, 14611, 47392,
426, 0.425, 16148, 16772, 14628, 47423,
427, 0.426, 16146, 16786, 14651, 47462,
428, 0.427, 16146, 16787, 14653, 47465,
429, 0.428, 16145, 16793, 14662, 47481,
430, 0.429, 16143, 16804, 14678, 47509,
431, 0.43, 16142, 16819, 14702, 47548,
432, 0.431, 16143, 16822, 14706, 47557,
433, 0.432, 16141, 16830, 14717, 47575,
434, 0.433, 16141, 16840, 14732, 47600,
435, 0.434, 16143, 16843, 14736, 47611,
436, 0.435, 16140, 16857, 14758, 47645,
437, 0.436, 16139, 16872, 14781, 47685,
438, 0.437, 16140, 16875, 14785, 47695,
439, 0.438, 16140, 16886, 14801, 47723,
440, 0.439, 16140, 16893, 14812, 47741,
441, 0.44, 16140, 16898, 14819, 47753,
442, 0.441, 16139, 16910, 14839, 47788,
443, 0.442, 16137, 16924, 14859, 47823,
444, 0.443, 16139, 16928, 14865, 47834,
445, 0.444, 16135, 16935, 14878, 47852,
446, 0.445, 16136, 16945, 14891, 47877,
447, 0.446, 16136, 16949, 14897, 47889,
448, 0.447, 16133, 16961, 14916, 47919,
449, 0.448, 16133, 16978, 14942, 47965,
450, 0.449, 16134, 16980, 14944, 47969,
451, 0.45, 16134, 16986, 14953, 47986,
452, 0.451, 16131, 17008, 14987, 48042,
453, 0.452, 16129, 17013, 14995, 48054,
454, 0.453, 16129, 17016, 14999, 48061,
455, 0.454, 16126, 17028, 15019, 48094,
456, 0.455, 16124, 17043, 15043, 48135,
457, 0.456, 16125, 17046, 15046, 48140,
458, 0.457, 16123, 17057, 15064, 48169,
459, 0.458, 16123, 17063, 15073, 48185,
460, 0.459, 16123, 17070, 15083, 48204,
461, 0.46, 16122, 17080, 15098, 48230,
462, 0.461, 16121, 17082, 15101, 48235,
463, 0.462, 16119, 17096, 15124, 48272,
464, 0.463, 16118, 17110, 15144, 48307,
465, 0.464, 16118, 17115, 15150, 48318,
466, 0.465, 16118, 17124, 15165, 48345,
467, 0.466, 16117, 17130, 15175, 48361,
468, 0.467, 16117, 17133, 15179, 48369,
469, 0.468, 16115, 17149, 15202, 48408,
470, 0.469, 16113, 17163, 15225, 48446,
471, 0.47, 16113, 17166, 15228, 48452,
472, 0.471, 16111, 17170, 15235, 48464,
473, 0.472, 16109, 17181, 15253, 48492,
474, 0.473, 16110, 17181, 15253, 48492,
475, 0.474, 16108, 17198, 15279, 48538,
476, 0.475, 16107, 17205, 15290, 48554,
477, 0.476, 16105, 17214, 15304, 48578,
478, 0.477, 16106, 17215, 15304, 48581,
479, 0.478, 16104, 17231, 15330, 48624,
480, 0.479, 16104, 17241, 15346, 48651,
481, 0.48, 16103, 17249, 15357, 48670,
482, 0.481, 16103, 17254, 15363, 48680,
483, 0.482, 16100, 17264, 15381, 48709,
484, 0.483, 16097, 17279, 15405, 48749,
485, 0.484, 16099, 17282, 15408, 48755,
486, 0.485, 16097, 17291, 15423, 48778,
487, 0.486, 16095, 17297, 15432, 48794,
488, 0.487, 16096, 17304, 15443, 48812,
489, 0.488, 16096, 17316, 15461, 48846,
490, 0.489, 16094, 17316, 15461, 48843,
491, 0.49, 16091, 17330, 15484, 48881,
492, 0.491, 16091, 17343, 15503, 48913,
493, 0.492, 16091, 17348, 15512, 48928,
494, 0.493, 16088, 17354, 15523, 48943,
495, 0.494, 16087, 17364, 15536, 48968,
496, 0.495, 16086, 17378, 15558, 49006,
497, 0.496, 16087, 17381, 15563, 49014,
498, 0.497, 16091, 17390, 15572, 49036,
499, 0.498, 16083, 17398, 15588, 49056,
500, 0.499, 16083, 17412, 15611, 49092,
501, 0.5, 16082, 17417, 15617, 49106,
502, 0.501, 16069, 17458, 15685, 49212,
503, 0.502, 16044, 17486, 15742, 49282,
504, 0.503, 16040, 17490, 15752, 49294,
505, 0.504, 16037, 17494, 15759, 49303,
506, 0.505, 16027, 17502, 15778, 49321,
507, 0.506, 16016, 17515, 15803, 49354,
508, 0.507, 16013, 17517, 15808, 49358,
509, 0.508, 16010, 17520, 15814, 49365,
510, 0.509, 16001, 17530, 15834, 49388,
511, 0.51, 15989, 17540, 15860, 49392,
512, 0.511, 15999, 17551, 15869, 49447,
513, 0.512, 15983, 17548, 15875, 49439,
514, 0.513, 15977, 17553, 15885, 49448,
515, 0.514, 15975, 17558, 15894, 49464,
516, 0.515, 15965, 17565, 15911, 49480,
517, 0.516, 15954, 17576, 15933, 49508,
518, 0.517, 15954, 17578, 15936, 49511,
519, 0.518, 15944, 17585, 15952, 49528,
520, 0.519, 15942, 17590, 15961, 49541,
521, 0.52, 15937, 17593, 15969, 49549,
522, 0.521, 15929, 17601, 15985, 49568,
523, 0.522, 15928, 17601, 15987, 49568,
524, 0.523, 15917, 17612, 16009, 49594,
525, 0.524, 15910, 17619, 16025, 49611,
526, 0.525, 15907, 17625, 16035, 49626,
527, 0.526, 15900, 17626, 16042, 49631,
528, 0.527, 15893, 17634, 16058, 49651,
529, 0.528, 15881, 17645, 16080, 49676,
530, 0.529, 15882, 17646, 16082, 49678,
531, 0.53, 15874, 17651, 16094, 49692,
532, 0.531, 15868, 17656, 16105, 49701,
533, 0.532, 15868, 17661, 16114, 49719,
534, 0.533, 15856, 17666, 16128, 49730,
535, 0.534, 15844, 17677, 16152, 49759,
536, 0.535, 15844, 17678, 16154, 49762,
537, 0.536, 15836, 17687, 16172, 49782,
538, 0.537, 15832, 17690, 16178, 49788,
539, 0.538, 15829, 17694, 16186, 49798,
540, 0.539, 15820, 17701, 16203, 49815,
541, 0.54, 15810, 17712, 16225, 49843,
542, 0.541, 15809, 17713, 16226, 49846,
543, 0.542, 15803, 17717, 16236, 49855,
544, 0.543, 15796, 17722, 16249, 49870,
545, 0.544, 15794, 17724, 16253, 49873,
546, 0.545, 15785, 17733, 16273, 49895,
547, 0.546, 15774, 17745, 16296, 49924,
548, 0.547, 15773, 17744, 16296, 49924,
549, 0.548, 15766, 17751, 16312, 49941,
550, 0.549, 15760, 17755, 16320, 49947,
551, 0.55, 15756, 17760, 16330, 49960,
552, 0.551, 15739, 17775, 16363, 49998,
553, 0.552, 15736, 17776, 16367, 50000,
554, 0.553, 15730, 17779, 16375, 50008,
555, 0.554, 15723, 17787, 16390, 50026,
556, 0.555, 15722, 17788, 16394, 50033,
557, 0.556, 15710, 17796, 16413, 50050,
558, 0.557, 15704, 17803, 16427, 50069,
559, 0.558, 15697, 17808, 16438, 50078,
560, 0.559, 15698, 17810, 16442, 50086,
561, 0.56, 15688, 17820, 16463, 50111,
562, 0.561, 15681, 17825, 16474, 50120,
563, 0.562, 15676, 17831, 16486, 50135,
564, 0.563, 15677, 17832, 16487, 50137,
565, 0.564, 15663, 17841, 16510, 50161,
566, 0.565, 15654, 17848, 16526, 50179,
567, 0.566, 15650, 17851, 16533, 50187,
568, 0.567, 15647, 17856, 16541, 50198,
569, 0.568, 15637, 17862, 16556, 50211,
570, 0.569, 15630, 17870, 16572, 50232,
571, 0.57, 15627, 17875, 16581, 50246,
572, 0.571, 15622, 17879, 16591, 50257,
573, 0.572, 15615, 17884, 16604, 50271,
574, 0.573, 15604, 17896, 16629, 50302,
575, 0.574, 15604, 17896, 16629, 50302,
576, 0.575, 15595, 17904, 16646, 50318,
577, 0.576, 15592, 17907, 16651, 50326,
578, 0.577, 15588, 17910, 16658, 50334,
579, 0.578, 15578, 17917, 16675, 50351,
580, 0.579, 15578, 17916, 16674, 50352,
581, 0.58, 15565, 17925, 16696, 50372,
582, 0.581, 15559, 17932, 16709, 50390,
583, 0.582, 15554, 17936, 16717, 50395,
584, 0.583, 15552, 17939, 16726, 50408,
585, 0.584, 15542, 17948, 16744, 50428,
586, 0.585, 15529, 17958, 16767, 50452,
587, 0.586, 15529, 17960, 16768, 50454,
588, 0.587, 15520, 17966, 16785, 50471,
589, 0.588, 15517, 17971, 16794, 50484,
590, 0.589, 15510, 17975, 16804, 50494,
591, 0.59, 15503, 17980, 16817, 50506,
592, 0.591, 15503, 17985, 16823, 50518,
593, 0.592, 15491, 17993, 16842, 50538,
594, 0.593, 15483, 18002, 16861, 50561,
595, 0.594, 15480, 18004, 16867, 50565,
596, 0.595, 15473, 18010, 16878, 50579,
597, 0.596, 15468, 18014, 16888, 50589,
598, 0.597, 15474, 18021, 16896, 50608,
599, 0.598, 15456, 18023, 16908, 50610,
600, 0.599, 15447, 18033, 16929, 50636,
601, 0.6, 15444, 18037, 16937, 50645,
602, 0.601, 15434, 18044, 16955, 50667,
603, 0.602, 15425, 18051, 16971, 50683,
604, 0.603, 15422, 18054, 16977, 50688,
605, 0.604, 15417, 18055, 16981, 50693,
606, 0.605, 15410, 18061, 16995, 50706,
607, 0.606, 15409, 18061, 16995, 50705,
608, 0.607, 15397, 18070, 17017, 50731,
609, 0.608, 15387, 18080, 17037, 50752,
610, 0.609, 15386, 18083, 17042, 50759,
611, 0.61, 15379, 18089, 17056, 50774,
612, 0.611, 15374, 18092, 17065, 50783,
613, 0.612, 15372, 18094, 17068, 50788,
614, 0.613, 15362, 18104, 17088, 50810,
615, 0.614, 15350, 18111, 17107, 50829,
616, 0.615, 15349, 18113, 17111, 50835,
617, 0.616, 15344, 18118, 17121, 50847,
618, 0.617, 15337, 18124, 17133, 50860,
619, 0.618, 15335, 18126, 17140, 50869,
620, 0.619, 15325, 18134, 17157, 50887,
621, 0.62, 15325, 18146, 17182, 50887,
622, 0.621, 15313, 18146, 17182, 50915,
623, 0.622, 15306, 18149, 17193, 50926,
624, 0.623, 15301, 18155, 17204, 50939,
625, 0.624, 15299, 18159, 17211, 50949,
626, 0.625, 15291, 18168, 17229, 50970,
627, 0.626, 15290, 18168, 17229, 50968,
628, 0.627, 15279, 18179, 17253, 51000,
629, 0.628, 15269, 18186, 17271, 51016,
630, 0.629, 15267, 18190, 17277, 51026,
631, 0.63, 15261, 18195, 17290, 51039,
632, 0.631, 15254, 18199, 17300, 51050,
633, 0.632, 15252, 18203, 17308, 51059,
634, 0.633, 15242, 18210, 17323, 51074,
635, 0.634, 15232, 18219, 17344, 51098,
636, 0.635, 15230, 18221, 17347, 51104,
637, 0.636, 15223, 18227, 17360, 51117,
638, 0.637, 15218, 18232, 17371, 51130,
639, 0.638, 15216, 18235, 17376, 51136,
640, 0.639, 15206, 18242, 17395, 51156,
641, 0.64, 15196, 18250, 17412, 51175,
642, 0.641, 15193, 18252, 17417, 51181,
643, 0.642, 15190, 18256, 17426, 51192,
644, 0.643, 15184, 18266, 17445, 51218,
645, 0.644, 15179, 18263, 17442, 51207,
646, 0.645, 15167, 18272, 17464, 51230,
647, 0.646, 15159, 18282, 17484, 51253,
648, 0.647, 15157, 18284, 17488, 51258,
649, 0.648, 15150, 18289, 17498, 51270,
650, 0.649, 15145, 18295, 17512, 51288,
651, 0.65, 15143, 18299, 17519, 51296,
652, 0.651, 15126, 18309, 17545, 51321,
653, 0.652, 15120, 18316, 17558, 51338,
654, 0.653, 15119, 18316, 17559, 51338,
655, 0.654, 15109, 18325, 17581, 51364,
656, 0.655, 15099, 18334, 17600, 51385,
657, 0.656, 15096, 18335, 17604, 51388,
658, 0.657, 15092, 18339, 17611, 51397,
659, 0.658, 15084, 18346, 17626, 51414,
660, 0.659, 15085, 18348, 17628, 51418,
661, 0.66, 15072, 18358, 17651, 51443,
662, 0.661, 15063, 18366, 17669, 51463,
663, 0.662, 15061, 18368, 17674, 51468,
664, 0.663, 15056, 18372, 17682, 51477,
665, 0.664, 15047, 18378, 17696, 51489,
666, 0.665, 15047, 18380, 17700, 51495,
667, 0.666, 15035, 18387, 17720, 51513,
668, 0.667, 15024, 18398, 17741, 51539,
669, 0.668, 15023, 18399, 17744, 51542,
670, 0.669, 15021, 18407, 17758, 51566,
671, 0.67, 15010, 18408, 17765, 51568,
672, 0.671, 15010, 18411, 17770, 51575,
673, 0.672, 14997, 18418, 17789, 51592,
674, 0.673, 14986, 18427, 17808, 51611,
675, 0.674, 14986, 18430, 17813, 51621,
676, 0.675, 14977, 18433, 17825, 51627,
677, 0.676, 14972, 18439, 17835, 51639,
678, 0.677, 14971, 18442, 17840, 51649,
679, 0.678, 14960, 18448, 17857, 51665,
680, 0.679, 14950, 18461, 17882, 51698,
681, 0.68, 14948, 18459, 17881, 51693,
682, 0.681, 14940, 18467, 17897, 51711,
683, 0.682, 14936, 18471, 17905, 51721,
684, 0.683, 14931, 18475, 17915, 51730,
685, 0.684, 14922, 18480, 17927, 51741,
686, 0.685, 14911, 18491, 17952, 51771,
687, 0.686, 14910, 18490, 17952, 51769,
688, 0.687, 14905, 18497, 17965, 51786,
689, 0.688, 14899, 18502, 17976, 51797,
690, 0.689, 14895, 18504, 17981, 51800,
691, 0.69, 14886, 18512, 17998, 51821,
692, 0.691, 14886, 18513, 18000, 51824,
693, 0.692, 14874, 18523, 18022, 51848,
694, 0.693, 14869, 18527, 18032, 51859,
695, 0.694, 14863, 18532, 18044, 51871,
696, 0.695, 14861, 18536, 18050, 51879,
697, 0.696, 14850, 18543, 18068, 51898,
698, 0.697, 14839, 18555, 18091, 51924,
699, 0.698, 14838, 18554, 18091, 51923,
700, 0.699, 14831, 18558, 18100, 51930,
701, 0.7, 14825, 18563, 18112, 51943,
702, 0.701, 14822, 18566, 18118, 51950,
703, 0.702, 14805, 18580, 18150, 51984,
704, 0.703, 14799, 18584, 18159, 51993,
705, 0.704, 14797, 18587, 18165, 52003,
706, 0.705, 14788, 18593, 18181, 52017,
707, 0.706, 14787, 18594, 18183, 52019,
708, 0.707, 14775, 18604, 18205, 52045,
709, 0.708, 14768, 18606, 18212, 52048,
710, 0.709, 14766, 18609, 18217, 52055,
711, 0.71, 14761, 18614, 18226, 52066,
712, 0.711, 14752, 18618, 18241, 52081,
713, 0.712, 14751, 18621, 18244, 52086,
714, 0.713, 14739, 18628, 18264, 52105,
715, 0.714, 14728, 18639, 18286, 52129,
716, 0.715, 14727, 18640, 18290, 52134,
717, 0.716, 14721, 18643, 18297, 52141,
718, 0.717, 14713, 18649, 18310, 52153,
719, 0.718, 14713, 18649, 18312, 52156,
720, 0.719, 14700, 18660, 18335, 52182,
721, 0.72, 14694, 18664, 18345, 52191,
722, 0.721, 14687, 18669, 18358, 52207,
723, 0.722, 14687, 18672, 18362, 52212,
724, 0.723, 14675, 18679, 18380, 52228,
725, 0.724, 14664, 18690, 18403, 52253,
726, 0.725, 14664, 18691, 18404, 52258,
727, 0.726, 14655, 18697, 18420, 52276,
728, 0.727, 14651, 18700, 18427, 52282,
729, 0.728, 14648, 18704, 18433, 52291,
730, 0.729, 14639, 18709, 18448, 52304,
731, 0.73, 14625, 18719, 18470, 52326,
732, 0.731, 14626, 18721, 18472, 52331,
733, 0.732, 14618, 18728, 18487, 52348,
734, 0.733, 14614, 18731, 18496, 52357,
735, 0.734, 14613, 18735, 18502, 52366,
736, 0.735, 14602, 18742, 18520, 52385,
737, 0.736, 14590, 18751, 18542, 52409,
738, 0.737, 14590, 18752, 18543, 52410,
739, 0.738, 14581, 18760, 18559, 52427,
740, 0.739, 14577, 18761, 18564, 52431,
741, 0.74, 14572, 18765, 18575, 52444,
742, 0.741, 14565, 18771, 18587, 52457,
743, 0.742, 14562, 18774, 18592, 52462,
744, 0.743, 14551, 18779, 18608, 52477,
745, 0.744, 14554, 18782, 18611, 52485,
746, 0.745, 14540, 18791, 18633, 52506,
747, 0.746, 14530, 18798, 18650, 52523,
748, 0.747, 14528, 18802, 18656, 52530,
749, 0.748, 14520, 18805, 18667, 52540,
750, 0.749, 14516, 18811, 18678, 52555,
751, 0.75, 14512, 18813, 18683, 52557,
752, 0.751, 14496, 18825, 18710, 52585,
753, 0.752, 14488, 18829, 18722, 52597,
754, 0.753, 14486, 18831, 18725, 52603,
755, 0.754, 14476, 18840, 18746, 52623,
756, 0.755, 14465, 18848, 18765, 52645,
757, 0.756, 14464, 18850, 18768, 52650,
758, 0.757, 14458, 18850, 18772, 52647,
759, 0.758, 14451, 18858, 18790, 52671,
760, 0.759, 14439, 18868, 18812, 52695,
761, 0.76, 14440, 18869, 18813, 52697,
762, 0.761, 14429, 18876, 18829, 52711,
763, 0.762, 14426, 18878, 18835, 52720,
764, 0.763, 14420, 18882, 18844, 52729,
765, 0.764, 14415, 18889, 18857, 52746,
766, 0.765, 14414, 18892, 18863, 52754,
767, 0.766, 14403, 18899, 18880, 52772,
768, 0.767, 14395, 18910, 18901, 52797,
769, 0.768, 14391, 18910, 18904, 52798,
770, 0.769, 14382, 18914, 18915, 52808,
771, 0.77, 14377, 18919, 18925, 52819,
772, 0.773, 14652, 19152, 19162, 53543,
773, 0.774, 14358, 18952, 18987, 52897,
774, 0.775, 14344, 18949, 18992, 52889,
775, 0.776, 14339, 18956, 19004, 52904,
776, 0.777, 14335, 18958, 19010, 52909,
777, 0.778, 14327, 18966, 19028, 52930,
778, 0.779, 14314, 18972, 19045, 52946,
779, 0.78, 14314, 18976, 19049, 52953,
780, 0.781, 14305, 18978, 19058, 52957,
781, 0.782, 14299, 18983, 19071, 52970,
782, 0.783, 14298, 18987, 19077, 52980,
783, 0.784, 14288, 18994, 19093, 52998,
784, 0.785, 14276, 19000, 19111, 53014,
785, 0.786, 14274, 19003, 19116, 53020,
786, 0.787, 14268, 19009, 19130, 53033,
787, 0.788, 14262, 19014, 19139, 53043,
788, 0.789, 14260, 19016, 19143, 53049,
789, 0.79, 14250, 19024, 19161, 53069,
790, 0.791, 14240, 19031, 19179, 53087,
791, 0.792, 14237, 19034, 19184, 53091,
792, 0.793, 14232, 19036, 19191, 53099,
793, 0.794, 14224, 19042, 19205, 53113,
794, 0.795, 14224, 19044, 19208, 53120,
795, 0.796, 14211, 19052, 19227, 53138,
796, 0.797, 14202, 19056, 19241, 53147,
797, 0.798, 14199, 19061, 19249, 53156,
798, 0.799, 14193, 19065, 19259, 53167,
799, 0.8, 14175, 19079, 19289, 53200,
800, 0.801, 14173, 19080, 19293, 53204,
801, 0.802, 14165, 19085, 19305, 53216,
802, 0.803, 14160, 19089, 19315, 53227,
803, 0.804, 14159, 19092, 19321, 53236,
804, 0.805, 14148, 19099, 19339, 53251,
805, 0.806, 14138, 19105, 19356, 53270,
806, 0.807, 14137, 19110, 19361, 53280,
807, 0.808, 14129, 19113, 19372, 53288,
808, 0.809, 14123, 19117, 19382, 53297,
809, 0.81, 14123, 19119, 19385, 53304,
810, 0.811, 14110, 19127, 19404, 53321,
811, 0.812, 14103, 19136, 19422, 53344,
812, 0.813, 14097, 19136, 19427, 53343,
813, 0.814, 14091, 19140, 19436, 53353,
814, 0.815, 14085, 19147, 19450, 53367,
815, 0.816, 14085, 19152, 19458, 53382,
816, 0.817, 14071, 19155, 19470, 53386,
817, 0.818, 14065, 19163, 19485, 53405,
818, 0.819, 14060, 19165, 19493, 53412,
819, 0.82, 14056, 19169, 19502, 53422,
820, 0.821, 14046, 19173, 19514, 53432,
821, 0.822, 14037, 19182, 19533, 53453,
822, 0.823, 14034, 19183, 19537, 53457,
823, 0.824, 14033, 19186, 19543, 53465,
824, 0.825, 14022, 19193, 19560, 53483,
825, 0.826, 14011, 19204, 19583, 53508,
826, 0.827, 14010, 19203, 19582, 53506,
827, 0.828, 14004, 19215, 19603, 53536,
828, 0.829, 13998, 19215, 19606, 53536,
829, 0.83, 13998, 19217, 19611, 53546,
830, 0.831, 13987, 19225, 19629, 53564,
831, 0.832, 13980, 19233, 19646, 53583,
832, 0.833, 13976, 19237, 19654, 53593,
833, 0.834, 13972, 19241, 19662, 53601,
834, 0.835, 13966, 19249, 19679, 53622,
835, 0.836, 13964, 19249, 19680, 53623,
836, 0.837, 13953, 19258, 19700, 53643,
837, 0.838, 13946, 19266, 19716, 53665,
838, 0.839, 13945, 19272, 19726, 53680,
839, 0.84, 13941, 19273, 19731, 53684,
840, 0.841, 13930, 19279, 19748, 53702,
841, 0.842, 13920, 19287, 19767, 53720,
842, 0.843, 13919, 19291, 19772, 53729,
843, 0.844, 13915, 19296, 19782, 53740,
844, 0.845, 13907, 19300, 19796, 53753,
845, 0.846, 13906, 19302, 19800, 53761,
846, 0.847, 13895, 19310, 19817, 53778,
847, 0.848, 13885, 19318, 19835, 53797,
848, 0.849, 13882, 19321, 19841, 53803,
849, 0.85, 13877, 19326, 19852, 53818,
850, 0.851, 13859, 19338, 19882, 53848,
851, 0.852, 13857, 19338, 19883, 53847,
852, 0.853, 13848, 19343, 19895, 53855,
853, 0.854, 13846, 19349, 19907, 53874,
854, 0.855, 13838, 19352, 19914, 53877,
855, 0.856, 13832, 19358, 19928, 53893,
856, 0.857, 13832, 19359, 19930, 53898,
857, 0.858, 13826, 19373, 19957, 53936,
858, 0.859, 13816, 19378, 19969, 53946,
859, 0.86, 13808, 19378, 19975, 53947,
860, 0.861, 13805, 19383, 19984, 53959,
861, 0.862, 13797, 19389, 19998, 53973,
862, 0.863, 13796, 19391, 20003, 53981,
863, 0.864, 13783, 19397, 20019, 53994,
864, 0.865, 13772, 19402, 20035, 54006,
865, 0.866, 13768, 19402, 20036, 54004,
866, 0.867, 13768, 19403, 20038, 54006,
867, 0.868, 13757, 19413, 20060, 54033,
868, 0.869, 13746, 19420, 20078, 54053,
869, 0.87, 13744, 19423, 20082, 54055,
870, 0.871, 13737, 19428, 20095, 54068,
871, 0.872, 13731, 19432, 20105, 54078,
872, 0.873, 13728, 19434, 20109, 54083,
873, 0.874, 13718, 19440, 20125, 54098,
874, 0.875, 13708, 19448, 20145, 54118,
875, 0.876, 13706, 19450, 20146, 54120,
876, 0.877, 13699, 19453, 20156, 54128,
877, 0.878, 13693, 19459, 20170, 54145,
878, 0.879, 13690, 19461, 20174, 54147,
879, 0.88, 13680, 19467, 20190, 54162,
880, 0.881, 13668, 19476, 20210, 54183,
881, 0.882, 13666, 19475, 20210, 54182,
882, 0.883, 13662, 19479, 20219, 54193,
883, 0.884, 13655, 19488, 20236, 54215,
884, 0.885, 13655, 19487, 20236, 54213,
885, 0.886, 13640, 19492, 20253, 54224,
886, 0.887, 13630, 19500, 20270, 54240,
887, 0.888, 13628, 19503, 20277, 54250,
888, 0.889, 13624, 19506, 20283, 54257,
889, 0.89, 13615, 19512, 20297, 54268,
890, 0.891, 13614, 19512, 20299, 54270,
891, 0.892, 13601, 19519, 20318, 54288,
892, 0.893, 13592, 19529, 20339, 54312,
893, 0.894, 13590, 19531, 20341, 54317,
894, 0.895, 13582, 19538, 20356, 54330,
895, 0.896, 13576, 19540, 20362, 54335,
896, 0.897, 13575, 19543, 20369, 54345,
897, 0.898, 13564, 19548, 20385, 54359,
898, 0.899, 13554, 19555, 20402, 54376,
899, 0.9, 13551, 19558, 20406, 54379,
900, 0.901, 13538, 19566, 20428, 54403,
901, 0.902, 13533, 19570, 20436, 54411,
902, 0.903, 13524, 19575, 20449, 54423,
903, 0.904, 13512, 19584, 20470, 54443,
904, 0.905, 13512, 19584, 20470, 54445,
905, 0.906, 13504, 19588, 20481, 54455,
906, 0.907, 13499, 19592, 20492, 54465,
907, 0.908, 13495, 19595, 20498, 54473,
908, 0.909, 13485, 19600, 20511, 54483,
909, 0.91, 13474, 19608, 20531, 54502,
910, 0.911, 13473, 19611, 20534, 54506,
911, 0.912, 13464, 19614, 20545, 54515,
912, 0.913, 13459, 19615, 20552, 54518,
913, 0.914, 13454, 19619, 20560, 54527,
914, 0.915, 13446, 19625, 20573, 54543,
915, 0.916, 13434, 19632, 20591, 54558,
916, 0.917, 13434, 19633, 20594, 54564,
917, 0.918, 13424, 19638, 20607, 54574,
918, 0.919, 13420, 19643, 20616, 54585,
919, 0.92, 13414, 19646, 20624, 54591,
920, 0.921, 13409, 19655, 20642, 54616,
921, 0.922, 13407, 19654, 20642, 54611,
922, 0.923, 13395, 19662, 20661, 54630,
923, 0.924, 13384, 19671, 20681, 54649,
924, 0.925, 13382, 19670, 20682, 54649,
925, 0.926, 13376, 19675, 20692, 54659,
926, 0.927, 13369, 19680, 20703, 54672,
927, 0.928, 13357, 19689, 20725, 54694,
928, 0.929, 13357, 19690, 20727, 54696,
929, 0.93, 13349, 19694, 20737, 54706,
930, 0.931, 13345, 19700, 20749, 54719,
931, 0.932, 13339, 19700, 20753, 54723,
932, 0.933, 13331, 19706, 20767, 54735,
933, 0.934, 13330, 19705, 20768, 54737,
934, 0.935, 13317, 19714, 20789, 54756,
935, 0.936, 13307, 19722, 20806, 54775,
936, 0.937, 13304, 19722, 20809, 54777,
937, 0.938, 13293, 19730, 20826, 54793,
938, 0.939, 13291, 19731, 20830, 54797,
939, 0.94, 13283, 19735, 20842, 54805,
940, 0.941, 13279, 19742, 20855, 54825,
941, 0.942, 13275, 19740, 20854, 54820,
942, 0.943, 13265, 19748, 20873, 54839,
943, 0.944, 13253, 19757, 20894, 54859,
944, 0.945, 13253, 19757, 20894, 54859,
945, 0.946, 13242, 19754, 20898, 54850,
946, 0.947, 13238, 19763, 20914, 54874,
947, 0.948, 13239, 19766, 20920, 54886,
948, 0.949, 13226, 19773, 20936, 54899,
949, 0.95, 13215, 19781, 20956, 54918,
950, 0.951, 13210, 19784, 20962, 54926,
951, 0.952, 13199, 19789, 20978, 54937,
952, 0.953, 13188, 19795, 20996, 54957,
953, 0.954, 13187, 19798, 21000, 54960,
954, 0.955, 13181, 19802, 21009, 54968,
955, 0.956, 13174, 19807, 21021, 54981,
956, 0.957, 13170, 19805, 21021, 54977,
957, 0.958, 13160, 19814, 21040, 54997,
958, 0.959, 13149, 19820, 21055, 55014,
959, 0.96, 13147, 19822, 21061, 55018,
960, 0.961, 13140, 19827, 21073, 55029,
961, 0.962, 13134, 19831, 21082, 55039,
962, 0.963, 13133, 19834, 21086, 55045,
963, 0.964, 13123, 19842, 21107, 55068,
964, 0.965, 13119, 19871, 21142, 55128,
965, 0.966, 13125, 19879, 21155, 55157,
966, 0.967, 13123, 19889, 21176, 55193,
967, 0.968, 13116, 19888, 21179, 55188,
968, 0.969, 13110, 19892, 21188, 55199,
969, 0.97, 13103, 19897, 21200, 55211,
970, 0.971, 13100, 19898, 21204, 55215,
971, 0.972, 13086, 19904, 21219, 55221,
972, 0.973, 13080, 19919, 21241, 55252,
973, 0.974, 13082, 19929, 21256, 55283,
974, 0.975, 13072, 19927, 21258, 55275,
975, 0.976, 13065, 19931, 21270, 55284,
976, 0.977, 13065, 19931, 21272, 55287,
977, 0.978, 13054, 19942, 21294, 55313,
978, 0.979, 13048, 19952, 21312, 55337,
979, 0.98, 13044, 19954, 21317, 55343,
980, 0.981, 13037, 19956, 21325, 55347,
981, 0.982, 13032, 19966, 21342, 55370,
982, 0.983, 13035, 19980, 21356, 55399,
983, 0.984, 13025, 19986, 21374, 55416,
984, 0.985, 13014, 19995, 21391, 55429,
985, 0.986, 13017, 20012, 21409, 55468,
986, 0.987, 13004, 19996, 21399, 55433,
987, 0.988, 12997, 20004, 21415, 55453,
988, 0.989, 12986, 20013, 21436, 55475,
989, 0.99, 12981, 20014, 21434, 55466,
990, 0.991, 12944, 19952, 21390, 55338,
991, 0.992, 12943, 19958, 21399, 55352,
992, 0.993, 12942, 19968, 21417, 55384,
993, 0.994, 12941, 19979, 21435, 55413,
994, 0.995, 12945, 19989, 21451, 55447,
995, 0.996, 12938, 19996, 21469, 55470,
996, 0.997, 12918, 19994, 21477, 55455,
997, 0.998, 12920, 19998, 21482, 55469,
998, 0.999, 12919, 20011, 21505, 55509,
999, 0.0, 16328, 13659, 9973, 39307,
1000, 0.001, 16558, 13180, 9124, 38082,
