1, 0.0, 987, 766, 535, 2258,
2, 0.001, 6840, 5343, 3731, 15720,
3, 0.002, 6834, 5330, 3722, 15692,
4, 0.003, 6831, 5323, 3717, 15676,
5, 0.004, 6829, 5320, 3715, 15668,
6, 0.005, 6827, 5321, 3719, 15673,
7, 0.006, 6826, 5323, 3724, 15678,
8, 0.007, 6825, 5322, 3724, 15676,
9, 0.008, 6824, 5323, 3726, 15679,
10, 0.009, 6823, 5326, 3732, 15687,
11, 0.01, 6823, 5325, 3731, 15684,
12, 0.011, 6822, 5331, 3741, 15701,
13, 0.012, 6821, 5335, 3747, 15711,
14, 0.013, 6821, 5337, 3750, 15717,
15, 0.014, 6821, 5340, 3754, 15723,
16, 0.015, 6820, 5343, 3760, 15732,
17, 0.016, 6820, 5343, 3760, 15732,
18, 0.017, 6820, 5349, 3770, 15750,
19, 0.018, 6820, 5353, 3775, 15758,
20, 0.019, 6820, 5356, 3780, 15766,
21, 0.02, 6820, 5357, 3782, 15770,
22, 0.021, 6820, 5363, 3790, 15784,
23, 0.022, 6819, 5368, 3798, 15798,
24, 0.023, 6820, 5370, 3801, 15804,
25, 0.024, 6819, 5372, 3804, 15808,
26, 0.025, 6818, 5376, 3811, 15818,
27, 0.026, 6818, 5376, 3811, 15819,
28, 0.027, 6817, 5382, 3820, 15835,
29, 0.028, 6817, 5388, 3829, 15850,
30, 0.029, 6817, 5389, 3831, 15853,
31, 0.03, 6817, 5393, 3837, 15863,
32, 0.031, 6816, 5396, 3841, 15870,
33, 0.032, 6817, 5398, 3845, 15877,
34, 0.033, 6816, 5403, 3851, 15888,
35, 0.034, 6816, 5408, 3859, 15903,
36, 0.035, 6817, 5410, 3862, 15908,
37, 0.036, 6818, 5413, 3866, 15915,
38, 0.037, 6816, 5416, 3872, 15925,
39, 0.038, 6815, 5422, 3881, 15940,
40, 0.039, 6816, 5423, 3882, 15943,
41, 0.04, 6814, 5425, 3886, 15949,
42, 0.041, 6814, 5429, 3892, 15958,
43, 0.042, 6815, 5431, 3894, 15963,
44, 0.043, 6813, 5436, 3902, 15975,
45, 0.044, 6813, 5441, 3910, 15989,
46, 0.045, 6813, 5443, 3913, 15994,
47, 0.046, 6812, 5446, 3917, 16001,
48, 0.047, 6812, 5450, 3923, 16011,
49, 0.048, 6812, 5451, 3925, 16014,
50, 0.049, 6812, 5456, 3933, 16029,
51, 0.05, 6811, 5461, 3941, 16041,
52, 0.051, 6811, 5463, 3944, 16047,
53, 0.052, 6810, 5469, 3954, 16063,
54, 0.053, 6809, 5474, 3960, 16074,
55, 0.054, 6809, 5476, 3964, 16080,
56, 0.055, 6808, 5478, 3967, 16085,
57, 0.056, 6808, 5482, 3974, 16097,
58, 0.057, 6808, 5483, 3975, 16099,
59, 0.058, 6808, 5489, 3984, 16115,
60, 0.059, 6807, 5495, 3993, 16129,
61, 0.06, 6807, 5496, 3994, 16131,
62, 0.061, 6806, 5497, 3997, 16135,
63, 0.062, 6805, 5502, 4004, 16147,
64, 0.063, 6804, 5509, 4014, 16164,
65, 0.064, 6805, 5509, 4015, 16166,
66, 0.065, 6804, 5512, 4020, 16173,
67, 0.066, 6804, 5515, 4024, 16181,
68, 0.067, 6804, 5518, 4028, 16188,
69, 0.068, 6804, 5523, 4035, 16202,
70, 0.069, 6802, 5529, 4044, 16215,
71, 0.07, 6802, 5529, 4045, 16216,
72, 0.071, 6802, 5534, 4052, 16228,
73, 0.072, 6801, 5535, 4055, 16232,
74, 0.073, 6801, 5537, 4058, 16238,
75, 0.074, 6800, 5541, 4065, 16248,
76, 0.075, 6799, 5546, 4072, 16260,
77, 0.076, 6799, 5548, 4075, 16266,
78, 0.077, 6799, 5550, 4078, 16271,
79, 0.078, 6798, 5555, 4085, 16283,
80, 0.079, 6797, 5561, 4094, 16299,
81, 0.08, 6798, 5562, 4096, 16303,
82, 0.081, 6797, 5566, 4101, 16311,
83, 0.082, 6797, 5568, 4106, 16319,
84, 0.083, 6796, 5571, 4109, 16324,
85, 0.084, 6795, 5575, 4116, 16335,
86, 0.085, 6795, 5575, 4116, 16336,
87, 0.086, 6794, 5581, 4126, 16351,
88, 0.087, 6794, 5586, 4132, 16363,
89, 0.088, 6794, 5589, 4137, 16370,
90, 0.089, 6793, 5591, 4140, 16376,
91, 0.09, 6792, 5595, 4146, 16386,
92, 0.091, 6792, 5595, 4147, 16388,
93, 0.092, 6792, 5601, 4156, 16404,
94, 0.093, 6790, 5606, 4164, 16416,
95, 0.094, 6790, 5608, 4166, 16419,
96, 0.095, 6789, 5612, 4173, 16430,
97, 0.096, 6789, 5614, 4176, 16436,
98, 0.097, 6789, 5615, 4178, 16439,
99, 0.098, 6788, 5621, 4186, 16453,
100, 0.099, 6787, 5626, 4194, 16466,
101, 0.1, 6787, 5628, 4198, 16472,
102, 0.101, 6786, 5633, 4206, 16485,
103, 0.102, 6786, 5639, 4214, 16499,
104, 0.103, 6785, 5641, 4216, 16504,
105, 0.104, 6785, 5644, 4222, 16513,
106, 0.105, 6785, 5647, 4227, 16522,
107, 0.106, 6784, 5647, 4227, 16521,
108, 0.107, 6784, 5654, 4237, 16538,
109, 0.108, 6784, 5659, 4245, 16553,
110, 0.109, 6784, 5661, 4247, 16557,
111, 0.11, 6784, 5665, 4253, 16567,
112, 0.111, 6784, 5668, 4258, 16576,
113, 0.112, 6783, 5670, 4261, 16580,
114, 0.113, 6783, 5674, 4268, 16592,
115, 0.114, 6783, 5675, 4268, 16592,
116, 0.115, 6781, 5681, 4278, 16609,
117, 0.116, 6781, 5686, 4286, 16621,
118, 0.117, 6781, 5688, 4289, 16626,
119, 0.118, 6782, 5691, 4293, 16635,
120, 0.119, 6780, 5695, 4299, 16644,
121, 0.12, 6780, 5695, 4299, 16645,
122, 0.121, 6780, 5701, 4309, 16662,
123, 0.122, 6779, 5707, 4318, 16677,
124, 0.123, 6780, 5708, 4320, 16681,
125, 0.124, 6779, 5711, 4325, 16689,
126, 0.125, 6779, 5715, 4330, 16698,
127, 0.126, 6779, 5716, 4332, 16701,
128, 0.127, 6778, 5722, 4340, 16716,
129, 0.128, 6779, 5728, 4348, 16731,
130, 0.129, 6777, 5728, 4350, 16732,
131, 0.13, 6777, 5732, 4355, 16741,
132, 0.131, 6777, 5736, 4361, 16752,
133, 0.132, 6775, 5742, 4371, 16767,
134, 0.133, 6775, 5742, 4371, 16766,
135, 0.134, 6775, 5747, 4378, 16779,
136, 0.135, 6775, 5749, 4381, 16785,
137, 0.136, 6774, 5750, 4383, 16788,
138, 0.137, 6774, 5755, 4391, 16801,
139, 0.138, 6774, 5762, 4400, 16819,
140, 0.139, 6774, 5763, 4401, 16820,
141, 0.14, 6773, 5765, 4406, 16827,
142, 0.141, 6775, 5771, 4414, 16843,
143, 0.142, 6774, 5771, 4414, 16842,
144, 0.143, 6773, 5776, 4423, 16857,
145, 0.144, 6773, 5783, 4433, 16874,
146, 0.145, 6773, 5784, 4433, 16876,
147, 0.146, 6772, 5787, 4438, 16883,
148, 0.147, 6771, 5790, 4443, 16891,
149, 0.148, 6772, 5791, 4445, 16895,
150, 0.149, 6772, 5797, 4454, 16911,
151, 0.15, 6770, 5803, 4463, 16925,
152, 0.151, 6771, 5805, 4466, 16932,
153, 0.152, 6770, 5811, 4474, 16945,
154, 0.153, 6769, 5817, 4484, 16962,
155, 0.154, 6769, 5817, 4485, 16962,
156, 0.155, 6769, 5819, 4486, 16966,
157, 0.156, 6768, 5824, 4495, 16980,
158, 0.157, 6768, 5829, 4503, 16994,
159, 0.158, 6768, 5831, 4506, 17000,
160, 0.159, 6767, 5834, 4510, 17006,
161, 0.16, 6767, 5837, 4515, 17015,
162, 0.161, 6767, 5839, 4518, 17020,
163, 0.162, 6766, 5844, 4526, 17032,
164, 0.163, 6766, 5850, 4534, 17048,
165, 0.164, 6766, 5852, 4536, 17052,
166, 0.165, 6767, 5854, 4539, 17058,
167, 0.166, 6765, 5858, 4547, 17068,
168, 0.167, 6765, 5864, 4556, 17084,
169, 0.168, 6766, 5866, 4558, 17090,
170, 0.169, 6765, 5870, 4564, 17099,
171, 0.17, 6764, 5872, 4567, 17105,
172, 0.171, 6765, 5874, 4570, 17111,
173, 0.172, 6764, 5879, 4578, 17123,
174, 0.173, 6765, 5880, 4579, 17126,
175, 0.174, 6763, 5886, 4588, 17141,
176, 0.175, 6762, 5892, 4597, 17155,
177, 0.176, 6763, 5893, 4599, 17159,
178, 0.177, 6762, 5896, 4604, 17169,
179, 0.178, 6763, 5900, 4609, 17178,
180, 0.179, 6762, 5901, 4612, 17182,
181, 0.18, 6763, 5908, 4621, 17198,
182, 0.181, 6761, 5912, 4629, 17209,
183, 0.182, 6762, 5914, 4630, 17213,
184, 0.183, 6761, 5917, 4635, 17221,
185, 0.184, 6760, 5920, 4640, 17229,
186, 0.185, 6760, 5922, 4644, 17236,
187, 0.186, 6760, 5927, 4651, 17248,
188, 0.187, 6759, 5933, 4660, 17263,
189, 0.188, 6759, 5934, 4662, 17266,
190, 0.189, 6760, 5940, 4669, 17281,
191, 0.19, 6759, 5941, 4671, 17284,
192, 0.191, 6759, 5944, 4676, 17292,
193, 0.192, 6758, 5948, 4682, 17302,
194, 0.193, 6759, 5950, 4685, 17308,
195, 0.194, 6758, 5955, 4692, 17319,
196, 0.195, 6757, 5961, 4702, 17336,
197, 0.196, 6757, 5962, 4703, 17338,
198, 0.197, 6756, 5966, 4709, 17349,
199, 0.198, 6756, 5969, 4713, 17356,
200, 0.199, 6757, 5971, 4717, 17363,
201, 0.2, 6755, 5980, 4731, 17386,
202, 0.201, 6755, 5982, 4734, 17391,
203, 0.202, 6755, 5984, 4737, 17396,
204, 0.203, 6755, 5989, 4745, 17409,
205, 0.204, 6754, 5995, 4754, 17425,
206, 0.205, 6753, 5996, 4755, 17426,
207, 0.206, 6752, 5999, 4760, 17435,
208, 0.207, 6752, 6002, 4765, 17443,
209, 0.208, 6752, 6004, 4768, 17448,
210, 0.209, 6751, 6009, 4775, 17460,
211, 0.21, 6752, 6009, 4775, 17461,
212, 0.211, 6750, 6015, 4785, 17476,
213, 0.212, 6750, 6021, 4793, 17491,
214, 0.213, 6749, 6022, 4795, 17493,
215, 0.214, 6749, 6025, 4799, 17500,
216, 0.215, 6749, 6029, 4805, 17511,
217, 0.216, 6749, 6030, 4808, 17515,
218, 0.217, 6747, 6036, 4816, 17529,
219, 0.218, 6746, 6042, 4825, 17544,
220, 0.219, 6747, 6042, 4825, 17545,
221, 0.22, 6746, 6047, 4833, 17557,
222, 0.221, 6746, 6049, 4836, 17562,
223, 0.222, 6745, 6052, 4840, 17569,
224, 0.223, 6745, 6055, 4846, 17579,
225, 0.224, 6745, 6057, 4848, 17583,
226, 0.225, 6744, 6062, 4857, 17598,
227, 0.226, 6745, 6068, 4865, 17613,
228, 0.227, 6744, 6069, 4867, 17616,
229, 0.228, 6743, 6073, 4873, 17626,
230, 0.229, 6744, 6077, 4878, 17635,
231, 0.23, 6744, 6078, 4881, 17640,
232, 0.231, 6743, 6083, 4888, 17651,
233, 0.232, 6743, 6084, 4889, 17653,
234, 0.233, 6741, 6090, 4898, 17668,
235, 0.234, 6741, 6095, 4907, 17683,
236, 0.235, 6741, 6096, 4908, 17686,
237, 0.236, 6740, 6099, 4912, 17692,
238, 0.237, 6739, 6103, 4918, 17701,
239, 0.238, 6740, 6104, 4919, 17704,
240, 0.239, 6739, 6110, 4929, 17720,
241, 0.24, 6738, 6115, 4936, 17734,
242, 0.241, 6738, 6117, 4939, 17739,
243, 0.242, 6738, 6119, 4943, 17745,
244, 0.243, 6737, 6123, 4949, 17754,
245, 0.244, 6737, 6129, 4957, 17769,
246, 0.245, 6737, 6130, 4960, 17773,
247, 0.246, 6737, 6132, 4962, 17777,
248, 0.247, 6737, 6137, 4970, 17792,
249, 0.248, 6736, 6143, 4979, 17806,
250, 0.249, 6736, 6144, 4980, 17809,
251, 0.25, 6735, 6147, 4986, 17819,
252, 0.251, 6734, 6157, 5000, 17843,
253, 0.252, 6735, 6158, 5002, 17846,
254, 0.253, 6735, 6163, 5009, 17859,
255, 0.254, 6735, 6165, 5012, 17864,
256, 0.255, 6735, 6168, 5017, 17873,
257, 0.256, 6734, 6172, 5023, 17881,
258, 0.257, 6734, 6172, 5023, 17881,
259, 0.258, 6733, 6178, 5033, 17898,
260, 0.259, 6732, 6184, 5041, 17912,
261, 0.26, 6733, 6186, 5044, 17918,
262, 0.261, 6733, 6188, 5047, 17924,
263, 0.262, 6732, 6192, 5053, 17934,
264, 0.263, 6732, 6193, 5055, 17938,
265, 0.264, 6731, 6199, 5064, 17952,
266, 0.265, 6730, 6205, 5073, 17968,
267, 0.266, 6731, 6206, 5075, 17972,
268, 0.267, 6729, 6210, 5081, 17981,
269, 0.268, 6729, 6212, 5085, 17987,
270, 0.269, 6728, 6215, 5089, 17994,
271, 0.27, 6728, 6219, 5095, 18003,
272, 0.271, 6728, 6219, 5095, 18003,
273, 0.272, 6727, 6225, 5105, 18020,
274, 0.273, 6726, 6231, 5113, 18034,
275, 0.274, 6726, 6232, 5115, 18038,
276, 0.275, 6725, 6236, 5121, 18048,
277, 0.276, 6725, 6239, 5126, 18056,
278, 0.277, 6725, 6240, 5127, 18059,
279, 0.278, 6724, 6246, 5136, 18073,
280, 0.279, 6723, 6251, 5144, 18087,
281, 0.28, 6723, 6253, 5146, 18091,
282, 0.281, 6723, 6255, 5150, 18097,
283, 0.282, 6722, 6259, 5156, 18106,
284, 0.283, 6721, 6265, 5166, 18122,
285, 0.284, 6721, 6265, 5166, 18123,
286, 0.285, 6719, 6269, 5172, 18132,
287, 0.286, 6719, 6272, 5176, 18139,
288, 0.287, 6719, 6273, 5178, 18142,
289, 0.288, 6718, 6279, 5187, 18157,
290, 0.289, 6717, 6283, 5194, 18169,
291, 0.29, 6717, 6285, 5196, 18173,
292, 0.291, 6716, 6287, 5200, 18178,
293, 0.292, 6716, 6291, 5207, 18190,
294, 0.293, 6715, 6291, 5207, 18190,
295, 0.294, 6714, 6298, 5217, 18206,
296, 0.295, 6714, 6304, 5226, 18223,
297, 0.296, 6713, 6304, 5227, 18223,
298, 0.297, 6712, 6308, 5233, 18232,
299, 0.298, 6712, 6311, 5237, 18239,
300, 0.299, 6712, 6312, 5238, 18242,
301, 0.3, 6711, 6321, 5253, 18267,
302, 0.301, 6710, 6324, 5257, 18273,
303, 0.302, 6710, 6326, 5260, 18279,
304, 0.303, 6709, 6331, 5267, 18291,
305, 0.304, 6709, 6331, 5268, 18291,
306, 0.305, 6708, 6337, 5277, 18308,
307, 0.306, 6708, 6342, 5285, 18321,
308, 0.307, 6708, 6344, 5288, 18325,
309, 0.308, 6707, 6345, 5290, 18328,
310, 0.309, 6706, 6350, 5298, 18340,
311, 0.31, 6706, 6357, 5307, 18357,
312, 0.311, 6706, 6357, 5308, 18358,
313, 0.312, 6705, 6361, 5314, 18368,
314, 0.313, 6705, 6363, 5318, 18375,
315, 0.314, 6704, 6366, 5321, 18380,
316, 0.315, 6703, 6370, 5328, 18391,
317, 0.316, 6704, 6372, 5330, 18396,
318, 0.317, 6702, 6377, 5338, 18408,
319, 0.318, 6701, 6382, 5347, 18423,
320, 0.319, 6701, 6383, 5349, 18426,
321, 0.32, 6700, 6386, 5353, 18433,
322, 0.321, 6700, 6389, 5358, 18442,
323, 0.322, 6699, 6391, 5360, 18445,
324, 0.323, 6699, 6396, 5369, 18459,
325, 0.324, 6698, 6402, 5378, 18475,
326, 0.325, 6700, 6404, 5380, 18479,
327, 0.326, 6697, 6407, 5386, 18488,
328, 0.327, 6697, 6410, 5389, 18493,
329, 0.328, 6697, 6411, 5392, 18499,
330, 0.329, 6697, 6417, 5400, 18512,
331, 0.33, 6696, 6423, 5409, 18528,
332, 0.331, 6696, 6423, 5409, 18529,
333, 0.332, 6695, 6425, 5414, 18535,
334, 0.333, 6694, 6429, 5420, 18544,
335, 0.334, 6694, 6431, 5422, 18548,
336, 0.335, 6693, 6436, 5429, 18561,
337, 0.336, 6692, 6442, 5438, 18576,
338, 0.337, 6692, 6442, 5440, 18578,
339, 0.338, 6692, 6448, 5447, 18592,
340, 0.339, 6694, 6452, 5453, 18602,
341, 0.34, 6691, 6452, 5455, 18603,
342, 0.341, 6690, 6456, 5460, 18612,
343, 0.342, 6689, 6456, 5461, 18613,
344, 0.343, 6688, 6461, 5470, 18627,
345, 0.344, 6687, 6467, 5479, 18642,
346, 0.345, 6687, 6469, 5481, 18646,
347, 0.346, 6687, 6471, 5485, 18653,
348, 0.347, 6686, 6475, 5491, 18662,
349, 0.348, 6686, 6476, 5493, 18665,
350, 0.349, 6685, 6482, 5501, 18679,
351, 0.35, 6684, 6487, 5508, 18691,
352, 0.351, 6684, 6489, 5512, 18697,
353, 0.352, 6683, 6495, 5521, 18713,
354, 0.353, 6682, 6500, 5530, 18727,
355, 0.354, 6682, 6502, 5531, 18730,
356, 0.355, 6682, 6506, 5537, 18740,
357, 0.356, 6681, 6509, 5542, 18747,
358, 0.357, 6681, 6510, 5544, 18752,
359, 0.358, 6680, 6514, 5551, 18762,
360, 0.359, 6679, 6521, 5561, 18779,
361, 0.36, 6679, 6521, 5561, 18780,
362, 0.361, 6678, 6525, 5568, 18791,
363, 0.362, 6678, 6528, 5572, 18797,
364, 0.363, 6677, 6528, 5573, 18798,
365, 0.364, 6677, 6534, 5582, 18813,
366, 0.365, 6676, 6538, 5588, 18824,
367, 0.366, 6676, 6541, 5592, 18831,
368, 0.367, 6675, 6543, 5596, 18838,
369, 0.368, 6674, 6547, 5602, 18846,
370, 0.369, 6674, 6548, 5604, 18850,
371, 0.37, 6676, 6556, 5614, 18869,
372, 0.371, 6673, 6558, 5619, 18875,
373, 0.372, 6673, 6561, 5623, 18882,
374, 0.373, 6672, 6563, 5627, 18889,
375, 0.374, 6671, 6567, 5632, 18898,
376, 0.375, 6671, 6568, 5634, 18901,
377, 0.376, 6671, 6574, 5643, 18916,
378, 0.377, 6670, 6579, 5651, 18929,
379, 0.378, 6670, 6581, 5654, 18934,
380, 0.379, 6669, 6582, 5656, 18939,
381, 0.38, 6669, 6587, 5664, 18951,
382, 0.381, 6669, 6588, 5664, 18952,
383, 0.382, 6668, 6594, 5674, 18969,
384, 0.383, 6668, 6599, 5682, 18981,
385, 0.384, 6668, 6601, 5685, 18988,
386, 0.385, 6669, 6603, 5687, 18992,
387, 0.386, 6668, 6608, 5696, 19007,
388, 0.387, 6667, 6614, 5705, 19021,
389, 0.388, 6667, 6615, 5706, 19024,
390, 0.389, 6666, 6619, 5712, 19033,
391, 0.39, 6665, 6621, 5716, 19039,
392, 0.391, 6666, 6624, 5720, 19047,
393, 0.392, 6666, 6630, 5728, 19062,
394, 0.393, 6666, 6636, 5738, 19080,
395, 0.394, 6666, 6637, 5739, 19081,
396, 0.395, 6665, 6640, 5743, 19089,
397, 0.396, 6664, 6643, 5748, 19096,
398, 0.397, 6664, 6645, 5751, 19101,
399, 0.398, 6663, 6649, 5758, 19112,
400, 0.399, 6662, 6655, 5767, 19128,
401, 0.4, 6662, 6658, 5771, 19134,
402, 0.401, 6661, 6662, 5779, 19146,
403, 0.402, 6660, 6669, 5788, 19163,
404, 0.403, 6660, 6669, 5789, 19164,
405, 0.404, 6659, 6673, 5795, 19173,
406, 0.405, 6659, 6676, 5800, 19181,
407, 0.406, 6660, 6677, 5801, 19183,
408, 0.407, 6658, 6683, 5810, 19199,
409, 0.408, 6658, 6688, 5818, 19213,
410, 0.409, 6658, 6690, 5821, 19219,
411, 0.41, 6658, 6694, 5827, 19230,
412, 0.411, 6659, 6698, 5832, 19239,
413, 0.412, 6658, 6700, 5836, 19245,
414, 0.413, 6658, 6705, 5843, 19257,
415, 0.414, 6657, 6711, 5852, 19272,
416, 0.415, 6657, 6711, 5853, 19275,
417, 0.416, 6656, 6714, 5858, 19282,
418, 0.417, 6656, 6718, 5863, 19291,
419, 0.418, 6655, 6720, 5866, 19295,
420, 0.419, 6655, 6725, 5873, 19308,
421, 0.42, 6654, 6731, 5883, 19323,
422, 0.421, 6654, 6732, 5884, 19327,
423, 0.422, 6653, 6735, 5890, 19337,
424, 0.423, 6653, 6738, 5894, 19343,
425, 0.424, 6652, 6739, 5897, 19347,
426, 0.425, 6652, 6744, 5904, 19359,
427, 0.426, 6652, 6745, 5905, 19361,
428, 0.427, 6651, 6751, 5914, 19377,
429, 0.428, 6651, 6757, 5923, 19393,
430, 0.429, 6651, 6758, 5925, 19396,
431, 0.43, 6650, 6761, 5930, 19404,
432, 0.431, 6649, 6764, 5935, 19411,
433, 0.432, 6650, 6765, 5936, 19413,
434, 0.433, 6649, 6771, 5946, 19430,
435, 0.434, 6648, 6777, 5954, 19444,
436, 0.435, 6648, 6778, 5956, 19448,
437, 0.436, 6647, 6782, 5962, 19457,
438, 0.437, 6646, 6784, 5966, 19464,
439, 0.438, 6646, 6786, 5969, 19469,
440, 0.439, 6645, 6791, 5976, 19481,
441, 0.44, 6646, 6791, 5977, 19483,
442, 0.441, 6644, 6797, 5987, 19498,
443, 0.442, 6644, 6803, 5995, 19512,
444, 0.443, 6645, 6805, 5997, 19517,
445, 0.444, 6644, 6807, 6001, 19523,
446, 0.445, 6643, 6811, 6008, 19534,
447, 0.446, 6644, 6813, 6010, 19538,
448, 0.447, 6643, 6818, 6018, 19552,
449, 0.448, 6642, 6823, 6026, 19565,
450, 0.449, 6642, 6825, 6029, 19570,
451, 0.45, 6642, 6828, 6034, 19578,
452, 0.451, 6640, 6838, 6048, 19601,
453, 0.452, 6640, 6839, 6049, 19604,
454, 0.453, 6639, 6842, 6055, 19613,
455, 0.454, 6639, 6845, 6059, 19621,
456, 0.455, 6639, 6846, 6061, 19625,
457, 0.456, 6638, 6852, 6069, 19638,
458, 0.457, 6637, 6857, 6078, 19651,
459, 0.458, 6637, 6858, 6079, 19654,
460, 0.459, 6636, 6862, 6086, 19664,
461, 0.46, 6636, 6865, 6090, 19671,
462, 0.461, 6636, 6867, 6094, 19678,
463, 0.462, 6635, 6871, 6100, 19687,
464, 0.463, 6634, 6877, 6108, 19702,
465, 0.464, 6634, 6878, 6110, 19705,
466, 0.465, 6633, 6881, 6115, 19713,
467, 0.466, 6633, 6885, 6121, 19724,
468, 0.467, 6633, 6886, 6123, 19727,
469, 0.468, 6631, 6891, 6130, 19739,
470, 0.469, 6631, 6897, 6139, 19753,
471, 0.47, 6631, 6898, 6141, 19757,
472, 0.471, 6629, 6901, 6146, 19764,
473, 0.472, 6630, 6904, 6151, 19773,
474, 0.473, 6630, 6907, 6154, 19780,
475, 0.474, 6629, 6911, 6161, 19791,
476, 0.475, 6628, 6917, 6170, 19805,
477, 0.476, 6628, 6918, 6172, 19808,
478, 0.477, 6628, 6922, 6178, 19819,
479, 0.478, 6627, 6925, 6183, 19827,
480, 0.479, 6627, 6927, 6186, 19832,
481, 0.48, 6626, 6931, 6193, 19843,
482, 0.481, 6625, 6938, 6203, 19860,
483, 0.482, 6626, 6939, 6204, 19863,
484, 0.483, 6625, 6943, 6210, 19873,
485, 0.484, 6625, 6945, 6214, 19880,
486, 0.485, 6625, 6948, 6218, 19886,
487, 0.486, 6624, 6952, 6224, 19897,
488, 0.487, 6624, 6952, 6225, 19897,
489, 0.488, 6624, 6959, 6235, 19916,
490, 0.489, 6623, 6964, 6243, 19930,
491, 0.49, 6624, 6966, 6246, 19935,
492, 0.491, 6622, 6969, 6251, 19941,
493, 0.492, 6622, 6972, 6255, 19949,
494, 0.493, 6622, 6974, 6259, 19955,
495, 0.494, 6621, 6979, 6266, 19967,
496, 0.495, 6621, 6979, 6266, 19968,
497, 0.496, 6620, 6985, 6276, 19984,
498, 0.497, 6619, 6990, 6284, 19997,
499, 0.498, 6620, 6993, 6288, 20003,
500, 0.499, 6618, 6996, 6292, 20010,
501, 0.5, 6616, 7010, 6314, 20047,
502, 0.501, 6615, 7015, 6321, 20059,
503, 0.502, 6602, 7026, 6346, 20087,
504, 0.503, 6599, 7030, 6354, 20096,
505, 0.504, 6599, 7030, 6354, 20096,
506, 0.505, 6594, 7033, 6361, 20103,
507, 0.506, 6591, 7036, 6368, 20110,
508, 0.507, 6589, 7038, 6371, 20114,
509, 0.508, 6588, 7039, 6373, 20117,
510, 0.509, 6584, 7042, 6380, 20124,
511, 0.51, 6584, 7042, 6380, 20124,
512, 0.511, 6578, 7047, 6390, 20135,
513, 0.512, 6575, 7050, 6398, 20143,
514, 0.513, 6573, 7051, 6399, 20145,
515, 0.514, 6569, 7054, 6406, 20152,
516, 0.515, 6568, 7055, 6409, 20155,
517, 0.516, 6567, 7057, 6413, 20162,
518, 0.517, 6564, 7059, 6418, 20166,
519, 0.518, 6563, 7059, 6418, 20165,
520, 0.519, 6558, 7063, 6427, 20175,
521, 0.52, 6554, 7066, 6432, 20180,
522, 0.521, 6552, 7067, 6436, 20185,
523, 0.522, 6552, 7070, 6440, 20193,
524, 0.523, 6547, 7072, 6446, 20196,
525, 0.524, 6543, 7077, 6456, 20208,
526, 0.525, 6543, 7077, 6457, 20210,
527, 0.526, 6540, 7080, 6461, 20215,
528, 0.527, 6538, 7081, 6466, 20219,
529, 0.528, 6538, 7082, 6467, 20222,
530, 0.529, 6533, 7086, 6476, 20231,
531, 0.53, 6530, 7089, 6482, 20238,
532, 0.531, 6527, 7091, 6486, 20242,
533, 0.532, 6527, 7091, 6487, 20243,
534, 0.533, 6522, 7095, 6496, 20252,
535, 0.534, 6518, 7098, 6503, 20260,
536, 0.535, 6516, 7099, 6505, 20261,
537, 0.536, 6516, 7100, 6507, 20265,
538, 0.537, 6510, 7103, 6515, 20271,
539, 0.538, 6508, 7106, 6519, 20277,
540, 0.539, 6505, 7108, 6524, 20281,
541, 0.54, 6504, 7108, 6525, 20282,
542, 0.541, 6499, 7112, 6533, 20290,
543, 0.542, 6498, 7119, 6544, 20308,
544, 0.543, 6494, 7117, 6544, 20303,
545, 0.544, 6493, 7119, 6547, 20308,
546, 0.545, 6489, 7122, 6554, 20314,
547, 0.546, 6489, 7122, 6555, 20316,
548, 0.547, 6484, 7126, 6564, 20325,
549, 0.548, 6480, 7129, 6570, 20332,
550, 0.549, 6479, 7131, 6573, 20336,
551, 0.55, 6477, 7133, 6577, 20341,
552, 0.551, 6469, 7139, 6591, 20356,
553, 0.552, 6469, 7140, 6592, 20357,
554, 0.553, 6465, 7143, 6599, 20364,
555, 0.554, 6463, 7144, 6602, 20368,
556, 0.555, 6462, 7145, 6604, 20371,
557, 0.556, 6458, 7148, 6612, 20377,
558, 0.557, 6455, 7151, 6618, 20384,
559, 0.558, 6452, 7152, 6621, 20387,
560, 0.559, 6452, 7153, 6623, 20389,
561, 0.56, 6447, 7157, 6630, 20397,
562, 0.561, 6443, 7160, 6637, 20405,
563, 0.562, 6443, 7163, 6641, 20410,
564, 0.563, 6441, 7163, 6643, 20413,
565, 0.564, 6437, 7165, 6649, 20417,
566, 0.565, 6432, 7168, 6655, 20423,
567, 0.566, 6432, 7169, 6656, 20425,
568, 0.567, 6429, 7170, 6660, 20429,
569, 0.568, 6427, 7173, 6666, 20436,
570, 0.569, 6426, 7175, 6669, 20439,
571, 0.57, 6421, 7178, 6677, 20448,
572, 0.571, 6421, 7177, 6676, 20447,
573, 0.572, 6417, 7181, 6684, 20454,
574, 0.573, 6412, 7185, 6693, 20463,
575, 0.574, 6411, 7187, 6697, 20470,
576, 0.575, 6409, 7189, 6701, 20474,
577, 0.576, 6406, 7190, 6704, 20478,
578, 0.577, 6406, 7191, 6704, 20478,
579, 0.578, 6401, 7197, 6717, 20494,
580, 0.579, 6396, 7202, 6727, 20505,
581, 0.58, 6396, 7203, 6727, 20506,
582, 0.581, 6392, 7205, 6735, 20514,
583, 0.582, 6390, 7206, 6737, 20516,
584, 0.583, 6388, 7208, 6742, 20521,
585, 0.584, 6386, 7211, 6747, 20527,
586, 0.585, 6385, 7212, 6749, 20528,
587, 0.586, 6380, 7215, 6756, 20535,
588, 0.587, 6375, 7220, 6766, 20548,
589, 0.588, 6376, 7220, 6767, 20550,
590, 0.589, 6372, 7223, 6774, 20557,
591, 0.59, 6371, 7225, 6777, 20562,
592, 0.591, 6368, 7227, 6782, 20566,
593, 0.592, 6365, 7229, 6786, 20570,
594, 0.593, 6364, 7230, 6788, 20572,
595, 0.594, 6359, 7233, 6794, 20577,
596, 0.595, 6355, 7237, 6803, 20588,
597, 0.596, 6355, 7238, 6805, 20590,
598, 0.597, 6352, 7238, 6808, 20592,
599, 0.598, 6349, 7241, 6813, 20598,
600, 0.599, 6349, 7241, 6814, 20598,
601, 0.6, 6342, 7247, 6826, 20612,
602, 0.601, 6338, 7251, 6834, 20622,
603, 0.602, 6333, 7255, 6843, 20632,
604, 0.603, 6334, 7255, 6843, 20632,
605, 0.604, 6330, 7258, 6849, 20637,
606, 0.605, 6328, 7259, 6853, 20642,
607, 0.606, 6328, 7261, 6855, 20646,
608, 0.607, 6323, 7264, 6863, 20654,
609, 0.608, 6318, 7268, 6872, 20663,
610, 0.609, 6318, 7269, 6872, 20665,
611, 0.61, 6317, 7271, 6876, 20669,
612, 0.611, 6313, 7272, 6880, 20671,
613, 0.612, 6312, 7274, 6883, 20676,
614, 0.613, 6307, 7277, 6891, 20684,
615, 0.614, 6304, 7279, 6896, 20687,
616, 0.615, 6302, 7281, 6899, 20691,
617, 0.616, 6300, 7281, 6901, 20692,
618, 0.617, 6296, 7284, 6908, 20700,
619, 0.618, 6296, 7285, 6910, 20703,
620, 0.619, 6291, 7288, 6917, 20709,
621, 0.62, 6287, 7291, 6924, 20717,
622, 0.621, 6286, 7294, 6928, 20723,
623, 0.622, 6284, 7294, 6930, 20724,
624, 0.623, 6281, 7297, 6936, 20731,
625, 0.624, 6276, 7302, 6947, 20744,
626, 0.625, 6275, 7302, 6948, 20744,
627, 0.626, 6273, 7305, 6953, 20750,
628, 0.627, 6271, 7307, 6957, 20755,
629, 0.628, 6271, 7308, 6958, 20757,
630, 0.629, 6267, 7311, 6965, 20765,
631, 0.63, 6262, 7315, 6974, 20774,
632, 0.631, 6262, 7317, 6977, 20779,
633, 0.632, 6258, 7318, 6981, 20782,
634, 0.633, 6257, 7321, 6986, 20788,
635, 0.634, 6257, 7321, 6986, 20790,
636, 0.635, 6253, 7325, 6996, 20800,
637, 0.636, 6249, 7327, 7001, 20805,
638, 0.637, 6248, 7328, 7003, 20807,
639, 0.638, 6245, 7331, 7010, 20815,
640, 0.639, 6243, 7334, 7014, 20820,
641, 0.64, 6243, 7335, 7017, 20824,
642, 0.641, 6238, 7337, 7023, 20829,
643, 0.642, 6234, 7344, 7035, 20844,
644, 0.643, 6233, 7345, 7037, 20848,
645, 0.644, 6231, 7346, 7040, 20850,
646, 0.645, 6227, 7349, 7045, 20857,
647, 0.646, 6222, 7353, 7055, 20868,
648, 0.647, 6223, 7353, 7055, 20869,
649, 0.648, 6219, 7356, 7062, 20876,
650, 0.649, 6219, 7357, 7064, 20878,
651, 0.65, 6216, 7360, 7069, 20884,
652, 0.651, 6210, 7365, 7081, 20896,
653, 0.652, 6209, 7366, 7083, 20900,
654, 0.653, 6207, 7367, 7085, 20901,
655, 0.654, 6204, 7370, 7091, 20908,
656, 0.655, 6198, 7375, 7102, 20919,
657, 0.656, 6199, 7375, 7103, 20921,
658, 0.657, 6196, 7375, 7104, 20921,
659, 0.658, 6194, 7379, 7111, 20930,
660, 0.659, 6191, 7382, 7118, 20938,
661, 0.66, 6187, 7386, 7125, 20947,
662, 0.661, 6187, 7386, 7126, 20948,
663, 0.662, 6182, 7390, 7135, 20958,
664, 0.663, 6179, 7394, 7141, 20965,
665, 0.664, 6177, 7395, 7144, 20968,
666, 0.665, 6175, 7395, 7146, 20968,
667, 0.666, 6172, 7397, 7150, 20973,
668, 0.667, 6166, 7401, 7161, 20984,
669, 0.668, 6167, 7402, 7161, 20984,
670, 0.669, 6164, 7403, 7164, 20987,
671, 0.67, 6162, 7402, 7164, 20984,
672, 0.671, 6161, 7403, 7165, 20984,
673, 0.672, 6154, 7411, 7182, 21006,
674, 0.673, 6150, 7415, 7189, 21015,
675, 0.674, 6150, 7415, 7191, 21017,
676, 0.675, 6146, 7418, 7197, 21023,
677, 0.676, 6144, 7419, 7200, 21025,
678, 0.677, 6143, 7421, 7203, 21029,
679, 0.678, 6140, 7422, 7207, 21032,
680, 0.679, 6140, 7423, 7208, 21034,
681, 0.68, 6134, 7426, 7215, 21040,
682, 0.681, 6130, 7429, 7223, 21049,
683, 0.682, 6129, 7430, 7224, 21049,
684, 0.683, 6125, 7432, 7230, 21055,
685, 0.684, 6124, 7434, 7234, 21057,
686, 0.685, 6122, 7436, 7237, 21063,
687, 0.686, 6118, 7439, 7245, 21072,
688, 0.687, 6114, 7442, 7252, 21080,
689, 0.688, 6114, 7443, 7253, 21081,
690, 0.689, 6111, 7445, 7257, 21086,
691, 0.69, 6108, 7447, 7263, 21091,
692, 0.691, 6108, 7447, 7263, 21091,
693, 0.692, 6104, 7450, 7270, 21098,
694, 0.693, 6099, 7455, 7279, 21110,
695, 0.694, 6099, 7454, 7279, 21108,
696, 0.695, 6095, 7459, 7288, 21120,
697, 0.696, 6093, 7462, 7294, 21126,
698, 0.697, 6092, 7461, 7293, 21125,
699, 0.698, 6087, 7465, 7301, 21134,
700, 0.699, 6083, 7469, 7310, 21144,
701, 0.7, 6083, 7469, 7310, 21144,
702, 0.701, 6079, 7474, 7320, 21157,
703, 0.702, 6077, 7474, 7322, 21157,
704, 0.703, 6072, 7478, 7331, 21167,
705, 0.704, 6069, 7481, 7337, 21173,
706, 0.705, 6067, 7482, 7340, 21176,
707, 0.706, 6066, 7484, 7343, 21180,
708, 0.707, 6062, 7487, 7350, 21186,
709, 0.708, 6058, 7490, 7357, 21195,
710, 0.709, 6057, 7491, 7359, 21197,
711, 0.71, 6054, 7494, 7365, 21204,
712, 0.711, 6052, 7495, 7368, 21206,
713, 0.712, 6051, 7498, 7373, 21215,
714, 0.713, 6048, 7500, 7379, 21220,
715, 0.714, 6043, 7504, 7387, 21229,
716, 0.715, 6042, 7504, 7388, 21229,
717, 0.716, 6039, 7507, 7394, 21237,
718, 0.717, 6037, 7507, 7395, 21237,
719, 0.718, 6036, 7508, 7398, 21239,
720, 0.719, 6032, 7512, 7406, 21248,
721, 0.72, 6027, 7516, 7415, 21257,
722, 0.721, 6026, 7516, 7415, 21257,
723, 0.722, 6023, 7519, 7421, 21263,
724, 0.723, 6022, 7519, 7423, 21265,
725, 0.724, 6020, 7522, 7427, 21270,
726, 0.725, 6017, 7524, 7433, 21276,
727, 0.726, 6017, 7524, 7432, 21275,
728, 0.727, 6010, 7527, 7441, 21284,
729, 0.728, 6007, 7530, 7447, 21291,
730, 0.729, 6005, 7531, 7450, 21292,
731, 0.73, 6003, 7532, 7452, 21294,
732, 0.731, 5999, 7535, 7458, 21301,
733, 0.732, 5998, 7535, 7459, 21301,
734, 0.733, 5993, 7538, 7467, 21309,
735, 0.734, 5989, 7542, 7475, 21318,
736, 0.735, 5988, 7543, 7477, 21320,
737, 0.736, 5985, 7544, 7480, 21322,
738, 0.737, 5982, 7547, 7486, 21330,
739, 0.738, 5983, 7547, 7487, 21329,
740, 0.739, 5977, 7551, 7496, 21340,
741, 0.74, 5973, 7554, 7502, 21345,
742, 0.741, 5972, 7555, 7505, 21348,
743, 0.742, 5971, 7556, 7507, 21350,
744, 0.743, 5967, 7558, 7512, 21355,
745, 0.744, 5968, 7559, 7514, 21359,
746, 0.745, 5963, 7562, 7521, 21366,
747, 0.746, 5957, 7566, 7531, 21376,
748, 0.747, 5957, 7567, 7532, 21378,
749, 0.748, 5953, 7569, 7537, 21383,
750, 0.749, 5951, 7570, 7540, 21385,
751, 0.75, 5949, 7573, 7545, 21390,
752, 0.751, 5942, 7576, 7554, 21397,
753, 0.752, 5939, 7578, 7559, 21403,
754, 0.753, 5938, 7579, 7560, 21404,
755, 0.754, 5934, 7582, 7568, 21413,
756, 0.755, 5929, 7586, 7576, 21420,
757, 0.756, 5929, 7586, 7576, 21421,
758, 0.757, 5926, 7587, 7579, 21422,
759, 0.758, 5923, 7590, 7586, 21431,
760, 0.759, 5923, 7590, 7586, 21431,
761, 0.76, 5919, 7594, 7594, 21440,
762, 0.761, 5914, 7597, 7601, 21447,
763, 0.762, 5912, 7598, 7604, 21451,
764, 0.763, 5911, 7600, 7608, 21454,
765, 0.764, 5908, 7602, 7613, 21460,
766, 0.765, 5902, 7606, 7622, 21469,
767, 0.766, 5903, 7607, 7623, 21471,
768, 0.767, 5899, 7609, 7628, 21476,
769, 0.768, 5897, 7609, 7629, 21476,
770, 0.769, 5894, 7611, 7634, 21479,
771, 0.77, 5891, 7613, 7639, 21484,
772, 0.771, 5890, 7614, 7641, 21486,
773, 0.772, 5885, 7616, 7647, 21491,
774, 0.773, 5879, 7622, 7658, 21504,
775, 0.774, 5880, 7622, 7658, 21504,
776, 0.775, 5876, 7624, 7664, 21509,
777, 0.776, 5875, 7624, 7664, 21508,
778, 0.777, 5873, 7626, 7668, 21513,
779, 0.778, 5869, 7629, 7675, 21519,
780, 0.779, 5869, 7628, 7675, 21520,
781, 0.78, 5864, 7632, 7684, 21530,
782, 0.781, 5859, 7636, 7692, 21538,
783, 0.782, 5858, 7636, 7693, 21538,
784, 0.783, 5855, 7639, 7699, 21546,
785, 0.784, 5853, 7640, 7702, 21547,
786, 0.785, 5851, 7642, 7705, 21550,
787, 0.786, 5847, 7643, 7710, 21554,
788, 0.787, 5847, 7644, 7711, 21555,
789, 0.788, 5841, 7648, 7720, 21566,
790, 0.789, 5837, 7651, 7728, 21573,
791, 0.79, 5837, 7651, 7728, 21573,
792, 0.791, 5832, 7654, 7734, 21578,
793, 0.792, 5831, 7656, 7738, 21583,
794, 0.793, 5829, 7656, 7740, 21584,
795, 0.794, 5826, 7658, 7745, 21590,
796, 0.795, 5820, 7662, 7754, 21600,
797, 0.796, 5820, 7663, 7755, 21600,
798, 0.797, 5816, 7664, 7760, 21603,
799, 0.798, 5814, 7664, 7760, 21602,
800, 0.799, 5814, 7666, 7764, 21608,
801, 0.8, 5808, 7672, 7775, 21620,
802, 0.801, 5803, 7674, 7781, 21624,
803, 0.802, 5803, 7674, 7782, 21626,
804, 0.803, 5799, 7677, 7788, 21633,
805, 0.804, 5794, 7681, 7798, 21643,
806, 0.805, 5793, 7682, 7799, 21645,
807, 0.806, 5789, 7684, 7805, 21650,
808, 0.807, 5788, 7685, 7807, 21652,
809, 0.808, 5785, 7687, 7811, 21655,
810, 0.809, 5781, 7689, 7817, 21660,
811, 0.81, 5776, 7692, 7824, 21667,
812, 0.811, 5776, 7692, 7825, 21668,
813, 0.812, 5772, 7696, 7832, 21677,
814, 0.813, 5770, 7698, 7836, 21681,
815, 0.814, 5770, 7698, 7837, 21682,
816, 0.815, 5765, 7700, 7843, 21687,
817, 0.816, 5760, 7705, 7853, 21697,
818, 0.817, 5759, 7706, 7855, 21700,
819, 0.818, 5756, 7708, 7859, 21704,
820, 0.819, 5754, 7710, 7864, 21709,
821, 0.82, 5754, 7710, 7864, 21711,
822, 0.821, 5748, 7714, 7872, 21719,
823, 0.822, 5744, 7717, 7880, 21726,
824, 0.823, 5744, 7718, 7882, 21729,
825, 0.824, 5741, 7719, 7885, 21731,
826, 0.825, 5738, 7721, 7890, 21735,
827, 0.826, 5738, 7723, 7894, 21741,
828, 0.827, 5733, 7726, 7901, 21748,
829, 0.828, 5727, 7729, 7908, 21755,
830, 0.829, 5727, 7729, 7909, 21755,
831, 0.83, 5724, 7729, 7910, 21755,
832, 0.831, 5722, 7732, 7916, 21762,
833, 0.832, 5716, 7735, 7923, 21767,
834, 0.833, 5716, 7735, 7923, 21768,
835, 0.834, 5712, 7737, 7929, 21772,
836, 0.835, 5711, 7740, 7934, 21779,
837, 0.836, 5708, 7740, 7935, 21779,
838, 0.837, 5705, 7743, 7942, 21786,
839, 0.838, 5705, 7744, 7944, 21789,
840, 0.839, 5700, 7747, 7952, 21797,
841, 0.84, 5696, 7750, 7959, 21804,
842, 0.841, 5696, 7751, 7961, 21807,
843, 0.842, 5694, 7752, 7963, 21809,
844, 0.843, 5691, 7755, 7970, 21817,
845, 0.844, 5691, 7755, 7970, 21818,
846, 0.845, 5685, 7760, 7981, 21830,
847, 0.846, 5682, 7763, 7987, 21837,
848, 0.847, 5680, 7764, 7990, 21839,
849, 0.848, 5678, 7765, 7992, 21841,
850, 0.849, 5675, 7767, 7997, 21846,
851, 0.85, 5670, 7772, 8007, 21857,
852, 0.851, 5668, 7773, 8010, 21861,
853, 0.852, 5665, 7776, 8015, 21865,
854, 0.853, 5659, 7779, 8024, 21873,
855, 0.854, 5658, 7778, 8024, 21873,
856, 0.855, 5654, 7781, 8030, 21877,
857, 0.856, 5653, 7782, 8032, 21880,
858, 0.857, 5650, 7783, 8036, 21884,
859, 0.858, 5648, 7786, 8041, 21888,
860, 0.859, 5646, 7785, 8042, 21888,
861, 0.86, 5641, 7789, 8049, 21895,
862, 0.861, 5637, 7791, 8055, 21901,
863, 0.862, 5636, 7792, 8056, 21902,
864, 0.863, 5634, 7793, 8060, 21906,
865, 0.864, 5630, 7795, 8066, 21911,
866, 0.865, 5626, 7800, 8075, 21921,
867, 0.866, 5625, 7800, 8075, 21921,
868, 0.867, 5622, 7802, 8081, 21928,
869, 0.868, 5621, 7805, 8085, 21933,
870, 0.869, 5619, 7805, 8087, 21934,
871, 0.87, 5615, 7808, 8093, 21941,
872, 0.871, 5611, 7812, 8101, 21950,
873, 0.872, 5611, 7812, 8103, 21951,
874, 0.873, 5608, 7814, 8107, 21955,
875, 0.874, 5606, 7816, 8112, 21962,
876, 0.875, 5600, 7820, 8121, 21970,
877, 0.876, 5600, 7821, 8121, 21971,
878, 0.877, 5596, 7823, 8127, 21977,
879, 0.878, 5595, 7825, 8131, 21981,
880, 0.879, 5592, 7826, 8135, 21984,
881, 0.88, 5590, 7829, 8141, 21991,
882, 0.881, 5585, 7832, 8148, 21999,
883, 0.882, 5585, 7833, 8150, 22001,
884, 0.883, 5581, 7834, 8155, 22005,
885, 0.884, 5579, 7836, 8158, 22010,
886, 0.885, 5579, 7840, 8164, 22017,
887, 0.886, 5574, 7840, 8167, 22019,
888, 0.887, 5574, 7841, 8168, 22020,
889, 0.888, 5569, 7844, 8176, 22027,
890, 0.889, 5564, 7847, 8184, 22035,
891, 0.89, 5564, 7848, 8186, 22039,
892, 0.891, 5560, 7850, 8191, 22044,
893, 0.892, 5559, 7854, 8197, 22052,
894, 0.893, 5557, 7854, 8199, 22053,
895, 0.894, 5553, 7856, 8204, 22056,
896, 0.895, 5553, 7856, 8204, 22059,
897, 0.896, 5548, 7859, 8212, 22065,
898, 0.897, 5544, 7863, 8219, 22074,
899, 0.898, 5543, 7864, 8221, 22075,
900, 0.899, 5542, 7866, 8225, 22081,
901, 0.9, 5537, 7868, 8231, 22086,
902, 0.901, 5538, 7868, 8232, 22087,
903, 0.902, 5530, 7873, 8244, 22098,
904, 0.903, 5527, 7875, 8249, 22103,
905, 0.904, 5526, 7877, 8252, 22108,
906, 0.905, 5521, 7879, 8258, 22112,
907, 0.906, 5516, 7884, 8267, 22122,
908, 0.907, 5516, 7884, 8267, 22123,
909, 0.908, 5512, 7886, 8274, 22129,
910, 0.909, 5510, 7887, 8276, 22130,
911, 0.91, 5509, 7889, 8279, 22134,
912, 0.911, 5505, 7891, 8285, 22139,
913, 0.912, 5505, 7891, 8286, 22140,
914, 0.913, 5500, 7894, 8293, 22146,
915, 0.914, 5496, 7896, 8298, 22151,
916, 0.915, 5495, 7900, 8304, 22160,
917, 0.916, 5493, 7899, 8305, 22159,
918, 0.917, 5489, 7902, 8311, 22165,
919, 0.918, 5484, 7905, 8318, 22172,
920, 0.919, 5483, 7905, 8320, 22172,
921, 0.92, 5481, 7907, 8325, 22178,
922, 0.921, 5480, 7911, 8331, 22188,
923, 0.922, 5477, 7910, 8330, 22183,
924, 0.923, 5473, 7913, 8337, 22190,
925, 0.924, 5468, 7916, 8345, 22199,
926, 0.925, 5467, 7916, 8346, 22199,
927, 0.926, 5464, 7919, 8352, 22204,
928, 0.927, 5462, 7920, 8355, 22208,
929, 0.928, 5460, 7921, 8357, 22210,
930, 0.929, 5456, 7924, 8365, 22217,
931, 0.93, 5451, 7927, 8372, 22223,
932, 0.931, 5451, 7928, 8374, 22227,
933, 0.932, 5447, 7930, 8378, 22229,
934, 0.933, 5445, 7931, 8382, 22234,
935, 0.934, 5443, 7933, 8385, 22237,
936, 0.935, 5439, 7934, 8390, 22241,
937, 0.936, 5434, 7938, 8398, 22249,
938, 0.937, 5433, 7938, 8398, 22248,
939, 0.938, 5430, 7939, 8402, 22250,
940, 0.939, 5427, 7940, 8405, 22253,
941, 0.94, 5426, 7940, 8406, 22253,
942, 0.941, 5421, 7944, 8413, 22259,
943, 0.942, 5416, 7946, 8421, 22266,
944, 0.943, 5415, 7947, 8422, 22266,
945, 0.944, 5412, 7950, 8428, 22273,
946, 0.945, 5409, 7950, 8430, 22274,
947, 0.946, 5407, 7951, 8433, 22277,
948, 0.947, 5403, 7953, 8438, 22282,
949, 0.948, 5399, 7956, 8445, 22287,
950, 0.949, 5398, 7956, 8447, 22288,
951, 0.95, 5395, 7957, 8449, 22290,
952, 0.951, 5388, 7963, 8461, 22302,
953, 0.952, 5386, 7963, 8463, 22302,
954, 0.953, 5384, 7964, 8465, 22305,
955, 0.954, 5380, 7966, 8471, 22310,
956, 0.955, 5377, 7971, 8480, 22321,
957, 0.956, 5375, 7970, 8480, 22318,
958, 0.957, 5371, 7971, 8484, 22322,
959, 0.958, 5369, 7973, 8488, 22325,
960, 0.959, 5368, 7974, 8490, 22327,
961, 0.96, 5363, 7975, 8496, 22331,
962, 0.961, 5359, 7981, 8506, 22343,
963, 0.962, 5358, 7979, 8505, 22341,
964, 0.963, 5355, 7981, 8509, 22344,
965, 0.964, 5352, 7982, 8512, 22347,
966, 0.965, 5351, 7984, 8515, 22350,
967, 0.966, 5347, 7986, 8522, 22356,
968, 0.967, 5347, 7988, 8523, 22360,
969, 0.968, 5341, 7990, 8531, 22365,
970, 0.969, 5337, 7994, 8538, 22373,
971, 0.97, 5337, 7995, 8541, 22377,
972, 0.971, 5333, 7996, 8544, 22379,
973, 0.972, 5331, 7997, 8548, 22382,
974, 0.973, 5330, 8000, 8553, 22388,
975, 0.974, 5325, 8001, 8556, 22389,
976, 0.975, 5324, 8001, 8557, 22390,
977, 0.976, 5319, 8004, 8564, 22396,
978, 0.977, 5315, 8007, 8571, 22404,
979, 0.978, 5314, 8008, 8573, 22406,
980, 0.979, 5310, 8009, 8577, 22409,
981, 0.98, 5308, 8011, 8582, 22415,
982, 0.981, 5308, 8012, 8583, 22416,
983, 0.982, 5303, 8015, 8591, 22422,
984, 0.983, 5298, 8017, 8596, 22427,
985, 0.984, 5297, 8019, 8599, 22431,
986, 0.985, 5294, 8019, 8603, 22433,
987, 0.986, 5292, 8021, 8607, 22437,
988, 0.987, 5292, 8022, 8608, 22440,
989, 0.988, 5287, 8025, 8617, 22447,
990, 0.989, 5281, 8028, 8623, 22452,
991, 0.99, 5282, 8030, 8626, 22459,
992, 0.991, 5279, 8030, 8629, 22459,
993, 0.992, 5276, 8033, 8634, 22465,
994, 0.993, 5275, 8034, 8636, 22467,
995, 0.994, 5270, 8036, 8642, 22472,
996, 0.995, 5266, 8040, 8651, 22482,
997, 0.996, 5265, 8040, 8651, 22481,
998, 0.997, 5262, 8042, 8656, 22486,
999, 0.998, 5259, 8042, 8659, 22487,
1000, 0.999, 5258, 8043, 8661, 22488,
