1, 0.0, 5946, 4754, 3252, 13782,
2, 0.001, 7697, 6180, 4221, 17890,
3, 0.002, 7693, 6169, 4213, 17867,
4, 0.003, 7689, 6164, 4211, 17855,
5, 0.004, 7686, 6158, 4207, 17843,
6, 0.005, 7685, 6159, 4211, 17846,
7, 0.006, 7685, 6156, 4209, 17842,
8, 0.007, 7684, 6161, 4218, 17856,
9, 0.008, 7682, 6162, 4221, 17857,
10, 0.009, 7680, 6164, 4226, 17863,
11, 0.01, 7679, 6169, 4235, 17877,
12, 0.011, 7679, 6170, 4236, 17878,
13, 0.012, 7679, 6174, 4243, 17889,
14, 0.013, 7678, 6177, 4247, 17894,
15, 0.014, 7677, 6179, 4250, 17900,
16, 0.015, 7676, 6182, 4257, 17911,
17, 0.016, 7676, 6190, 4268, 17930,
18, 0.017, 7675, 6190, 4268, 17930,
19, 0.018, 7675, 6195, 4276, 17942,
20, 0.019, 7674, 6197, 4279, 17948,
21, 0.02, 7674, 6199, 4282, 17953,
22, 0.021, 7675, 6205, 4291, 17969,
23, 0.022, 7673, 6211, 4302, 17985,
24, 0.023, 7672, 6212, 4302, 17985,
25, 0.024, 7671, 6216, 4310, 17997,
26, 0.025, 7671, 6219, 4313, 18004,
27, 0.026, 7670, 6221, 4318, 18011,
28, 0.027, 7670, 6225, 4325, 18021,
29, 0.028, 7668, 6231, 4335, 18037,
30, 0.029, 7668, 6233, 4336, 18039,
31, 0.03, 7667, 6236, 4341, 18047,
32, 0.031, 7667, 6240, 4347, 18058,
33, 0.032, 7666, 6241, 4350, 18062,
34, 0.033, 7667, 6248, 4359, 18079,
35, 0.034, 7666, 6247, 4371, 18078,
36, 0.035, 7666, 6255, 4371, 18097,
37, 0.036, 7664, 6258, 4377, 18106,
38, 0.037, 7663, 6261, 4381, 18113,
39, 0.038, 7663, 6265, 4386, 18122,
40, 0.039, 7663, 6269, 4393, 18135,
41, 0.04, 7663, 6271, 4395, 18138,
42, 0.041, 7663, 6278, 4405, 18155,
43, 0.042, 7661, 6284, 4415, 18170,
44, 0.043, 7661, 6285, 4416, 18173,
45, 0.044, 7661, 6289, 4423, 18184,
46, 0.045, 7660, 6292, 4428, 18192,
47, 0.046, 7660, 6295, 4432, 18199,
48, 0.047, 7660, 6300, 4439, 18213,
49, 0.048, 7660, 6300, 4440, 18214,
50, 0.049, 7660, 6308, 4451, 18233,
51, 0.05, 7661, 6313, 4459, 18247,
52, 0.051, 7658, 6323, 4474, 18271,
53, 0.052, 7657, 6323, 4474, 18271,
54, 0.053, 7657, 6327, 4481, 18283,
55, 0.054, 7657, 6331, 4486, 18291,
56, 0.055, 7656, 6331, 4487, 18293,
57, 0.056, 7655, 6338, 4497, 18309,
58, 0.057, 7655, 6345, 4508, 18327,
59, 0.058, 7654, 6346, 4509, 18329,
60, 0.059, 7654, 6351, 4516, 18342,
61, 0.06, 7654, 6354, 4521, 18350,
62, 0.061, 7655, 6362, 4532, 18371,
63, 0.062, 7653, 6361, 4533, 18369,
64, 0.063, 7655, 6366, 4539, 18383,
65, 0.064, 7652, 6368, 4544, 18388,
66, 0.065, 7652, 6370, 4546, 18391,
67, 0.066, 7651, 6375, 4555, 18406,
68, 0.067, 7650, 6383, 4565, 18423,
69, 0.068, 7650, 6383, 4567, 18426,
70, 0.069, 7650, 6386, 4571, 18434,
71, 0.07, 7649, 6391, 4579, 18445,
72, 0.071, 7650, 6392, 4580, 18447,
73, 0.072, 7649, 6399, 4591, 18466,
74, 0.073, 7648, 6405, 4600, 18481,
75, 0.074, 7647, 6406, 4601, 18483,
76, 0.075, 7647, 6407, 4604, 18487,
77, 0.076, 7646, 6414, 4613, 18504,
78, 0.077, 7645, 6419, 4622, 18518,
79, 0.078, 7646, 6422, 4626, 18526,
80, 0.079, 7646, 6425, 4629, 18532,
81, 0.08, 7645, 6430, 4637, 18545,
82, 0.081, 7644, 6436, 4647, 18562,
83, 0.082, 7644, 6437, 4648, 18563,
84, 0.083, 7644, 6441, 4653, 18573,
85, 0.084, 7644, 6445, 4660, 18584,
86, 0.085, 7643, 6453, 4672, 18603,
87, 0.086, 7643, 6452, 4672, 18603,
88, 0.087, 7642, 6456, 4678, 18613,
89, 0.088, 7643, 6461, 4684, 18625,
90, 0.089, 7642, 6463, 4687, 18630,
91, 0.09, 7642, 6469, 4696, 18645,
92, 0.091, 7641, 6474, 4703, 18658,
93, 0.092, 7640, 6476, 4707, 18663,
94, 0.093, 7640, 6483, 4717, 18681,
95, 0.094, 7639, 6484, 4719, 18682,
96, 0.095, 7639, 6484, 4720, 18684,
97, 0.096, 7639, 6492, 4731, 18704,
98, 0.097, 7638, 6497, 4738, 18716,
99, 0.098, 7639, 6499, 4743, 18723,
100, 0.099, 7638, 6500, 4743, 18724,
101, 0.1, 7636, 6509, 4758, 18748,
102, 0.101, 7637, 6515, 4766, 18762,
103, 0.102, 7636, 6520, 4774, 18777,
104, 0.103, 7635, 6522, 4777, 18782,
105, 0.104, 7636, 6524, 4780, 18786,
106, 0.105, 7635, 6530, 4789, 18802,
107, 0.106, 7634, 6536, 4798, 18817,
108, 0.107, 7634, 6538, 4801, 18822,
109, 0.108, 7634, 6543, 4807, 18833,
110, 0.109, 7634, 6546, 4813, 18842,
111, 0.11, 7634, 6548, 4816, 18847,
112, 0.111, 7633, 6554, 4825, 18864,
113, 0.112, 7632, 6561, 4835, 18880,
114, 0.113, 7632, 6561, 4836, 18882,
115, 0.114, 7632, 6566, 4842, 18892,
116, 0.115, 7630, 6568, 4847, 18900,
117, 0.116, 7631, 6569, 4848, 18902,
118, 0.117, 7630, 6576, 4859, 18920,
119, 0.118, 7630, 6582, 4868, 18935,
120, 0.119, 7629, 6585, 4871, 18941,
121, 0.12, 7629, 6588, 4876, 18950,
122, 0.121, 7628, 6592, 4883, 18960,
123, 0.122, 7629, 6594, 4885, 18964,
124, 0.123, 7627, 6600, 4894, 18979,
125, 0.124, 7627, 6607, 4905, 18999,
126, 0.125, 7627, 6608, 4906, 19000,
127, 0.126, 7626, 6611, 4911, 19008,
128, 0.127, 7627, 6616, 4918, 19021,
129, 0.128, 7626, 6615, 4918, 19020,
130, 0.129, 7626, 6624, 4930, 19042,
131, 0.13, 7626, 6629, 4938, 19056,
132, 0.131, 7625, 6631, 4942, 19061,
133, 0.132, 7625, 6635, 4947, 19070,
134, 0.133, 7624, 6639, 4953, 19081,
135, 0.134, 7623, 6646, 4964, 19099,
136, 0.135, 7623, 6647, 4965, 19100,
137, 0.136, 7623, 6652, 4973, 19115,
138, 0.137, 7623, 6655, 4977, 19121,
139, 0.138, 7623, 6657, 4980, 19127,
140, 0.139, 7622, 6663, 4989, 19142,
141, 0.14, 7621, 6666, 4994, 19150,
142, 0.141, 7622, 6671, 5001, 19162,
143, 0.142, 7621, 6671, 5001, 19163,
144, 0.143, 7620, 6677, 5012, 19180,
145, 0.144, 7620, 6684, 5022, 19197,
146, 0.145, 7620, 6686, 5024, 19203,
147, 0.146, 7620, 6691, 5031, 19214,
148, 0.147, 7620, 6694, 5036, 19223,
149, 0.148, 7620, 6697, 5040, 19230,
150, 0.149, 7619, 6703, 5048, 19243,
151, 0.15, 7618, 6709, 5058, 19261,
152, 0.151, 7619, 6712, 5063, 19269,
153, 0.152, 7617, 6718, 5071, 19283,
154, 0.153, 7617, 6717, 5071, 19282,
155, 0.154, 7617, 6726, 5083, 19303,
156, 0.155, 7616, 6731, 5092, 19317,
157, 0.156, 7616, 6733, 5095, 19322,
158, 0.157, 7617, 6737, 5100, 19332,
159, 0.158, 7616, 6742, 5108, 19345,
160, 0.159, 7617, 6743, 5108, 19347,
161, 0.16, 7615, 6749, 5118, 19362,
162, 0.161, 7614, 6755, 5129, 19380,
163, 0.162, 7614, 6757, 5130, 19384,
164, 0.163, 7614, 6760, 5135, 19393,
165, 0.164, 7613, 6765, 5142, 19404,
166, 0.165, 7614, 6765, 5142, 19404,
167, 0.166, 7613, 6773, 5154, 19424,
168, 0.167, 7612, 6778, 5163, 19438,
169, 0.168, 7612, 6780, 5166, 19443,
170, 0.169, 7611, 6782, 5169, 19449,
171, 0.17, 7611, 6788, 5177, 19463,
172, 0.171, 7611, 6789, 5178, 19465,
173, 0.172, 7611, 6796, 5189, 19484,
174, 0.173, 7610, 6803, 5200, 19502,
175, 0.174, 7610, 6804, 5201, 19504,
176, 0.175, 7610, 6807, 5206, 19513,
177, 0.176, 7610, 6813, 5214, 19526,
178, 0.177, 7610, 6814, 5216, 19530,
179, 0.178, 7609, 6820, 5226, 19545,
180, 0.179, 7609, 6828, 5237, 19566,
181, 0.18, 7610, 6830, 5239, 19570,
182, 0.181, 7609, 6832, 5243, 19576,
183, 0.182, 7608, 6836, 5249, 19587,
184, 0.183, 7608, 6838, 5251, 19591,
185, 0.184, 7607, 6844, 5261, 19607,
186, 0.185, 7607, 6850, 5270, 19624,
187, 0.186, 7607, 6852, 5273, 19628,
188, 0.187, 7607, 6855, 5277, 19636,
189, 0.188, 7606, 6860, 5285, 19649,
190, 0.189, 7605, 6868, 5296, 19668,
191, 0.19, 7606, 6868, 5297, 19669,
192, 0.191, 7605, 6873, 5304, 19681,
193, 0.192, 7605, 6876, 5308, 19688,
194, 0.193, 7604, 6879, 5314, 19697,
195, 0.194, 7604, 6884, 5320, 19708,
196, 0.195, 7604, 6884, 5321, 19711,
197, 0.196, 7605, 6893, 5333, 19733,
198, 0.197, 7603, 6896, 5340, 19741,
199, 0.198, 7603, 6900, 5344, 19750,
200, 0.199, 7603, 6901, 5346, 19753,
201, 0.2, 7602, 6912, 5362, 19781,
202, 0.201, 7602, 6916, 5368, 19790,
203, 0.202, 7601, 6917, 5369, 19793,
204, 0.203, 7601, 6924, 5380, 19811,
205, 0.204, 7601, 6928, 5386, 19822,
206, 0.205, 7600, 6932, 5391, 19831,
207, 0.206, 7600, 6934, 5395, 19837,
208, 0.207, 7600, 6940, 5403, 19851,
209, 0.208, 7599, 6947, 5413, 19869,
210, 0.209, 7600, 6948, 5415, 19873,
211, 0.21, 7599, 6952, 5422, 19884,
212, 0.211, 7599, 6956, 5427, 19893,
213, 0.212, 7598, 6958, 5431, 19899,
214, 0.213, 7598, 6964, 5439, 19913,
215, 0.214, 7598, 6971, 5450, 19932,
216, 0.215, 7597, 6971, 5451, 19933,
217, 0.216, 7597, 6976, 5457, 19944,
218, 0.217, 7596, 6979, 5462, 19952,
219, 0.218, 7597, 6980, 5464, 19956,
220, 0.219, 7596, 6987, 5474, 19973,
221, 0.22, 7595, 6993, 5484, 19989,
222, 0.221, 7595, 6995, 5486, 19991,
223, 0.222, 7596, 6999, 5492, 20005,
224, 0.223, 7595, 7003, 5498, 20013,
225, 0.224, 7594, 7005, 5501, 20018,
226, 0.225, 7594, 7011, 5510, 20034,
227, 0.226, 7593, 7010, 5509, 20033,
228, 0.227, 7593, 7019, 5522, 20053,
229, 0.228, 7593, 7022, 5527, 20062,
230, 0.229, 7592, 7026, 5533, 20073,
231, 0.23, 7593, 7027, 5534, 20076,
232, 0.231, 7592, 7034, 5545, 20094,
233, 0.232, 7591, 7040, 5554, 20109,
234, 0.233, 7591, 7042, 5557, 20114,
235, 0.234, 7590, 7046, 5563, 20124,
236, 0.235, 7589, 7049, 5568, 20132,
237, 0.236, 7590, 7051, 5570, 20137,
238, 0.237, 7590, 7058, 5581, 20154,
239, 0.238, 7588, 7064, 5590, 20169,
240, 0.239, 7588, 7065, 5592, 20172,
241, 0.24, 7588, 7068, 5597, 20181,
242, 0.241, 7588, 7073, 5604, 20193,
243, 0.242, 7588, 7081, 5616, 20215,
244, 0.243, 7587, 7081, 5616, 20214,
245, 0.244, 7587, 7086, 5623, 20225,
246, 0.245, 7587, 7090, 5628, 20235,
247, 0.246, 7587, 7092, 5632, 20242,
248, 0.247, 7585, 7096, 5639, 20252,
249, 0.248, 7586, 7097, 5640, 20254,
250, 0.249, 7585, 7105, 5651, 20274,
251, 0.25, 7584, 7110, 5659, 20286,
252, 0.251, 7584, 7120, 5674, 20313,
253, 0.252, 7584, 7120, 5674, 20314,
254, 0.253, 7583, 7125, 5682, 20326,
255, 0.254, 7583, 7128, 5687, 20335,
256, 0.255, 7583, 7130, 5689, 20339,
257, 0.256, 7581, 7135, 5698, 20352,
258, 0.257, 7581, 7142, 5707, 20369,
259, 0.258, 7581, 7143, 5709, 20372,
260, 0.259, 7581, 7146, 5713, 20379,
261, 0.26, 7581, 7151, 5721, 20393,
262, 0.261, 7581, 7159, 5732, 20413,
263, 0.262, 7580, 7159, 5733, 20414,
264, 0.263, 7579, 7163, 5740, 20425,
265, 0.264, 7579, 7167, 5745, 20434,
266, 0.265, 7579, 7169, 5748, 20439,
267, 0.266, 7578, 7175, 5757, 20454,
268, 0.267, 7577, 7182, 5768, 20473,
269, 0.268, 7578, 7183, 5769, 20475,
270, 0.269, 7577, 7188, 5777, 20487,
271, 0.27, 7577, 7191, 5781, 20495,
272, 0.271, 7577, 7193, 5784, 20501,
273, 0.272, 7576, 7199, 5793, 20514,
274, 0.273, 7576, 7207, 5804, 20535,
275, 0.274, 7578, 7209, 5806, 20541,
276, 0.275, 7575, 7212, 5813, 20549,
277, 0.276, 7575, 7215, 5816, 20555,
278, 0.277, 7574, 7217, 5820, 20561,
279, 0.278, 7574, 7222, 5828, 20575,
280, 0.279, 7575, 7223, 5829, 20578,
281, 0.28, 7573, 7229, 5839, 20593,
282, 0.281, 7573, 7234, 5845, 20605,
283, 0.282, 7573, 7238, 5851, 20615,
284, 0.283, 7573, 7240, 5854, 20619,
285, 0.284, 7573, 7246, 5863, 20637,
286, 0.285, 7571, 7252, 5873, 20652,
287, 0.286, 7572, 7254, 5875, 20656,
288, 0.287, 7572, 7259, 5883, 20670,
289, 0.288, 7570, 7261, 5886, 20673,
290, 0.289, 7571, 7262, 5889, 20679,
291, 0.29, 7569, 7269, 5899, 20695,
292, 0.291, 7569, 7276, 5910, 20714,
293, 0.292, 7570, 7277, 5911, 20716,
294, 0.293, 7569, 7282, 5918, 20729,
295, 0.294, 7568, 7284, 5922, 20735,
296, 0.295, 7569, 7288, 5927, 20745,
297, 0.296, 7568, 7293, 5934, 20757,
298, 0.297, 7567, 7300, 5945, 20775,
299, 0.298, 7568, 7301, 5946, 20777,
300, 0.299, 7566, 7304, 5952, 20785,
301, 0.3, 7565, 7316, 5969, 20815,
302, 0.301, 7566, 7317, 5970, 20817,
303, 0.302, 7565, 7319, 5975, 20825,
304, 0.303, 7565, 7325, 5982, 20838,
305, 0.304, 7565, 7324, 5982, 20836,
306, 0.305, 7564, 7332, 5993, 20857,
307, 0.306, 7563, 7337, 6000, 20869,
308, 0.307, 7563, 7340, 6006, 20878,
309, 0.308, 7563, 7341, 6007, 20880,
310, 0.309, 7562, 7348, 6017, 20897,
311, 0.31, 7561, 7354, 6027, 20913,
312, 0.311, 7562, 7355, 6029, 20917,
313, 0.312, 7560, 7360, 6036, 20928,
314, 0.313, 7561, 7364, 6041, 20938,
315, 0.314, 7561, 7364, 6043, 20942,
316, 0.315, 7559, 7370, 6052, 20955,
317, 0.316, 7559, 7378, 6063, 20975,
318, 0.317, 7559, 7378, 6064, 20976,
319, 0.318, 7558, 7383, 6071, 20988,
320, 0.319, 7558, 7386, 6075, 20996,
321, 0.32, 7559, 7389, 6079, 21003,
322, 0.321, 7557, 7394, 6088, 21017,
323, 0.322, 7557, 7402, 6100, 21038,
324, 0.323, 7556, 7402, 6100, 21036,
325, 0.324, 7555, 7405, 6106, 21045,
326, 0.325, 7555, 7410, 6111, 21056,
327, 0.326, 7555, 7412, 6115, 21062,
328, 0.327, 7553, 7416, 6123, 21073,
329, 0.328, 7554, 7424, 6133, 21093,
330, 0.329, 7554, 7426, 6136, 21097,
331, 0.33, 7553, 7428, 6140, 21104,
332, 0.331, 7552, 7433, 6146, 21115,
333, 0.332, 7552, 7434, 6148, 21118,
334, 0.333, 7551, 7440, 6158, 21133,
335, 0.334, 7551, 7448, 6169, 21154,
336, 0.335, 7551, 7448, 6170, 21155,
337, 0.336, 7555, 7456, 6180, 21177,
338, 0.337, 7551, 7456, 6182, 21177,
339, 0.338, 7551, 7460, 6187, 21186,
340, 0.339, 7550, 7465, 6194, 21198,
341, 0.34, 7551, 7466, 6197, 21201,
342, 0.341, 7551, 7473, 6207, 21220,
343, 0.342, 7549, 7479, 6216, 21234,
344, 0.343, 7548, 7479, 6217, 21235,
345, 0.344, 7548, 7484, 6224, 21248,
346, 0.345, 7548, 7489, 6231, 21260,
347, 0.346, 7549, 7491, 6234, 21267,
348, 0.347, 7546, 7496, 6242, 21277,
349, 0.348, 7547, 7497, 6243, 21280,
350, 0.349, 7547, 7504, 6254, 21300,
351, 0.35, 7546, 7509, 6262, 21312,
352, 0.351, 7545, 7519, 6276, 21335,
353, 0.352, 7545, 7520, 6278, 21340,
354, 0.353, 7544, 7523, 6285, 21349,
355, 0.354, 7544, 7527, 6289, 21358,
356, 0.355, 7544, 7531, 6294, 21368,
357, 0.356, 7543, 7535, 6302, 21379,
358, 0.357, 7543, 7537, 6303, 21382,
359, 0.358, 7542, 7543, 6313, 21398,
360, 0.359, 7542, 7549, 6321, 21412,
361, 0.36, 7542, 7551, 6325, 21418,
362, 0.361, 7542, 7555, 6331, 21429,
363, 0.362, 7541, 7559, 6337, 21438,
364, 0.363, 7541, 7561, 6340, 21445,
365, 0.364, 7539, 7566, 6348, 21456,
366, 0.365, 7539, 7574, 6361, 21478,
367, 0.366, 7540, 7575, 6361, 21481,
368, 0.367, 7539, 7579, 6367, 21491,
369, 0.368, 7539, 7583, 6373, 21500,
370, 0.369, 7539, 7585, 6375, 21505,
371, 0.37, 7538, 7590, 6384, 21521,
372, 0.371, 7537, 7595, 6392, 21532,
373, 0.372, 7537, 7598, 6396, 21540,
374, 0.373, 7537, 7602, 6401, 21549,
375, 0.374, 7536, 7606, 6408, 21559,
376, 0.375, 7536, 7607, 6410, 21563,
377, 0.376, 7535, 7613, 6420, 21579,
378, 0.377, 7534, 7619, 6428, 21593,
379, 0.378, 7535, 7622, 6432, 21602,
380, 0.379, 7535, 7624, 6434, 21606,
381, 0.38, 7534, 7629, 6443, 21619,
382, 0.381, 7533, 7634, 6451, 21631,
383, 0.382, 7533, 7638, 6456, 21641,
384, 0.383, 7533, 7640, 6459, 21647,
385, 0.384, 7532, 7645, 6467, 21659,
386, 0.385, 7532, 7653, 6478, 21680,
387, 0.386, 7532, 7654, 6480, 21683,
388, 0.387, 7531, 7657, 6485, 21692,
389, 0.388, 7531, 7661, 6492, 21701,
390, 0.389, 7531, 7667, 6501, 21719,
391, 0.39, 7531, 7670, 6504, 21725,
392, 0.391, 7530, 7673, 6509, 21732,
393, 0.392, 7529, 7677, 6516, 21743,
394, 0.393, 7529, 7677, 6515, 21742,
395, 0.394, 7529, 7685, 6527, 21762,
396, 0.395, 7528, 7691, 6536, 21778,
397, 0.396, 7527, 7693, 6538, 21783,
398, 0.397, 7527, 7695, 6543, 21789,
399, 0.398, 7526, 7700, 6550, 21800,
400, 0.399, 7527, 7701, 6552, 21804,
401, 0.4, 7526, 7711, 6567, 21830,
402, 0.401, 7525, 7716, 6574, 21843,
403, 0.402, 7524, 7723, 6586, 21861,
404, 0.403, 7525, 7724, 6586, 21861,
405, 0.404, 7523, 7729, 6594, 21875,
406, 0.405, 7524, 7731, 6597, 21880,
407, 0.406, 7523, 7735, 6602, 21890,
408, 0.407, 7523, 7739, 6608, 21900,
409, 0.408, 7524, 7741, 6611, 21906,
410, 0.409, 7522, 7747, 6621, 21921,
411, 0.41, 7522, 7753, 6629, 21937,
412, 0.411, 7522, 7755, 6633, 21943,
413, 0.412, 7521, 7758, 6638, 21951,
414, 0.413, 7521, 7763, 6645, 21963,
415, 0.414, 7520, 7771, 6656, 21981,
416, 0.415, 7520, 7771, 6657, 21982,
417, 0.416, 7519, 7775, 6664, 21994,
418, 0.417, 7519, 7780, 6669, 22004,
419, 0.418, 7519, 7781, 6671, 22007,
420, 0.419, 7518, 7787, 6681, 22022,
421, 0.42, 7518, 7794, 6692, 22042,
422, 0.421, 7518, 7795, 6693, 22045,
423, 0.422, 7517, 7797, 6696, 22048,
424, 0.423, 7517, 7803, 6705, 22064,
425, 0.424, 7517, 7803, 6705, 22065,
426, 0.425, 7516, 7810, 6716, 22083,
427, 0.426, 7515, 7815, 6723, 22095,
428, 0.427, 7515, 7819, 6729, 22104,
429, 0.428, 7515, 7818, 6728, 22103,
430, 0.429, 7515, 7826, 6739, 22123,
431, 0.43, 7514, 7831, 6747, 22135,
432, 0.431, 7513, 7833, 6751, 22141,
433, 0.432, 7514, 7836, 6756, 22149,
434, 0.433, 7513, 7842, 6764, 22162,
435, 0.434, 7512, 7849, 6775, 22181,
436, 0.435, 7513, 7850, 6776, 22185,
437, 0.436, 7512, 7852, 6780, 22190,
438, 0.437, 7511, 7857, 6787, 22202,
439, 0.438, 7511, 7864, 6798, 22221,
440, 0.439, 7511, 7865, 6799, 22223,
441, 0.44, 7511, 7868, 6803, 22229,
442, 0.441, 7509, 7872, 6811, 22241,
443, 0.442, 7509, 7880, 6822, 22261,
444, 0.443, 7509, 7881, 6823, 22264,
445, 0.444, 7509, 7886, 6830, 22276,
446, 0.445, 7508, 7889, 6835, 22284,
447, 0.446, 7508, 7892, 6839, 22292,
448, 0.447, 7507, 7896, 6847, 22303,
449, 0.448, 7506, 7903, 6858, 22322,
450, 0.449, 7507, 7904, 6859, 22324,
451, 0.45, 7506, 7910, 6868, 22340,
452, 0.451, 7506, 7913, 6872, 22347,
453, 0.452, 7505, 7920, 6882, 22363,
454, 0.453, 7505, 7926, 6892, 22379,
455, 0.454, 7505, 7928, 6894, 22384,
456, 0.455, 7504, 7932, 6900, 22394,
457, 0.456, 7504, 7936, 6906, 22404,
458, 0.457, 7504, 7939, 6910, 22411,
459, 0.458, 7503, 7944, 6918, 22424,
460, 0.459, 7503, 7943, 6917, 22423,
461, 0.46, 7503, 7951, 6928, 22443,
462, 0.461, 7501, 7955, 6936, 22455,
463, 0.462, 7500, 7956, 6938, 22456,
464, 0.463, 7502, 7959, 6941, 22465,
465, 0.464, 7501, 7966, 6952, 22483,
466, 0.465, 7500, 7973, 6963, 22501,
467, 0.466, 7500, 7975, 6966, 22505,
468, 0.467, 7500, 7979, 6971, 22515,
469, 0.468, 7499, 7983, 6977, 22525,
470, 0.469, 7500, 7983, 6990, 22527,
471, 0.47, 7500, 7993, 6991, 22550,
472, 0.471, 7498, 7997, 6999, 22562,
473, 0.472, 7496, 7997, 7000, 22562,
474, 0.473, 7497, 8003, 7008, 22577,
475, 0.474, 7496, 8006, 7013, 22584,
476, 0.475, 7496, 8008, 7015, 22589,
477, 0.476, 7495, 8014, 7025, 22605,
478, 0.477, 7495, 8021, 7036, 22623,
479, 0.478, 7496, 8022, 7037, 22626,
480, 0.479, 7494, 8025, 7042, 22633,
481, 0.48, 7494, 8031, 7050, 22648,
482, 0.481, 7494, 8033, 7053, 22652,
483, 0.482, 7493, 8038, 7061, 22666,
484, 0.483, 7492, 8045, 7072, 22684,
485, 0.484, 7492, 8047, 7074, 22688,
486, 0.485, 7491, 8048, 7076, 22691,
487, 0.486, 7491, 8054, 7085, 22707,
488, 0.487, 7492, 8064, 7099, 22732,
489, 0.488, 7490, 8062, 7098, 22727,
490, 0.489, 7490, 8066, 7105, 22739,
491, 0.49, 7489, 8069, 7109, 22746,
492, 0.491, 7489, 8072, 7113, 22753,
493, 0.492, 7489, 8077, 7121, 22767,
494, 0.493, 7489, 8078, 7122, 22770,
495, 0.494, 7488, 8085, 7133, 22786,
496, 0.495, 7487, 8090, 7140, 22799,
497, 0.496, 7487, 8093, 7145, 22808,
498, 0.497, 7488, 8095, 7147, 22813,
499, 0.498, 7486, 8100, 7156, 22826,
500, 0.499, 7485, 8108, 7167, 22844,
501, 0.5, 7485, 8114, 7177, 22861,
502, 0.501, 7475, 8134, 7211, 22910,
503, 0.502, 7471, 8138, 7220, 22921,
504, 0.503, 7467, 8144, 7231, 22934,
505, 0.504, 7463, 8147, 7238, 22941,
506, 0.505, 7461, 8149, 7242, 22946,
507, 0.506, 7461, 8149, 7242, 22947,
508, 0.507, 7455, 8153, 7252, 22956,
509, 0.508, 7452, 8157, 7260, 22966,
510, 0.509, 7450, 8159, 7264, 22970,
511, 0.51, 7448, 8160, 7266, 22972,
512, 0.511, 7444, 8164, 7275, 22983,
513, 0.512, 7444, 8165, 7275, 22984,
514, 0.513, 7439, 8170, 7286, 22997,
515, 0.514, 7435, 8173, 7292, 23003,
516, 0.515, 7434, 8176, 7297, 23011,
517, 0.516, 7432, 8177, 7302, 23015,
518, 0.517, 7428, 8180, 7308, 23020,
519, 0.518, 7428, 8180, 7308, 23021,
520, 0.519, 7423, 8186, 7320, 23035,
521, 0.52, 7419, 8189, 7326, 23042,
522, 0.521, 7418, 8191, 7330, 23047,
523, 0.522, 7416, 8194, 7335, 23053,
524, 0.523, 7412, 8196, 7341, 23058,
525, 0.524, 7407, 8201, 7352, 23071,
526, 0.525, 7407, 8201, 7352, 23072,
527, 0.526, 7404, 8204, 7358, 23078,
528, 0.527, 7401, 8206, 7363, 23083,
529, 0.528, 7400, 8207, 7364, 23084,
530, 0.529, 7396, 8212, 7374, 23095,
531, 0.53, 7391, 8216, 7384, 23106,
532, 0.531, 7391, 8217, 7385, 23108,
533, 0.532, 7388, 8220, 7390, 23116,
534, 0.533, 7384, 8221, 7395, 23120,
535, 0.534, 7383, 8222, 7397, 23120,
536, 0.535, 7379, 8227, 7406, 23132,
537, 0.536, 7373, 8231, 7417, 23142,
538, 0.537, 7374, 8232, 7418, 23144,
539, 0.538, 7373, 8237, 7426, 23157,
540, 0.539, 7369, 8238, 7430, 23160,
541, 0.54, 7367, 8238, 7431, 23160,
542, 0.541, 7362, 8242, 7439, 23169,
543, 0.542, 7358, 8247, 7449, 23181,
544, 0.543, 7357, 8247, 7450, 23182,
545, 0.544, 7355, 8251, 7457, 23191,
546, 0.545, 7351, 8252, 7461, 23192,
547, 0.546, 7351, 8254, 7463, 23196,
548, 0.547, 7346, 8257, 7472, 23206,
549, 0.548, 7340, 8262, 7482, 23215,
550, 0.549, 7341, 8263, 7483, 23218,
551, 0.55, 7337, 8267, 7490, 23227,
552, 0.551, 7336, 8269, 7495, 23234,
553, 0.552, 7330, 8273, 7505, 23243,
554, 0.553, 7326, 8278, 7513, 23254,
555, 0.554, 7325, 8279, 7516, 23257,
556, 0.555, 7322, 8282, 7522, 23263,
557, 0.556, 7319, 8284, 7527, 23268,
558, 0.557, 7319, 8284, 7528, 23268,
559, 0.558, 7314, 8289, 7538, 23280,
560, 0.559, 7309, 8293, 7547, 23291,
561, 0.56, 7308, 8295, 7549, 23293,
562, 0.561, 7305, 8297, 7554, 23298,
563, 0.562, 7302, 8299, 7560, 23305,
564, 0.563, 7302, 8301, 7562, 23309,
565, 0.564, 7297, 8304, 7571, 23318,
566, 0.565, 7294, 8308, 7579, 23326,
567, 0.566, 7292, 8309, 7582, 23329,
568, 0.567, 7289, 8312, 7586, 23335,
569, 0.568, 7286, 8315, 7592, 23341,
570, 0.569, 7285, 8315, 7595, 23344,
571, 0.57, 7280, 8319, 7603, 23353,
572, 0.571, 7277, 8323, 7610, 23361,
573, 0.572, 7275, 8325, 7614, 23366,
574, 0.573, 7273, 8327, 7619, 23371,
575, 0.574, 7270, 8330, 7625, 23378,
576, 0.575, 7269, 8331, 7627, 23380,
577, 0.576, 7264, 8335, 7636, 23390,
578, 0.577, 7259, 8340, 7646, 23401,
579, 0.578, 7259, 8341, 7647, 23403,
580, 0.579, 7255, 8344, 7654, 23411,
581, 0.58, 7253, 8345, 7657, 23414,
582, 0.581, 7251, 8348, 7663, 23422,
583, 0.582, 7248, 8351, 7668, 23427,
584, 0.583, 7242, 8356, 7679, 23440,
585, 0.584, 7242, 8356, 7679, 23440,
586, 0.585, 7239, 8358, 7684, 23444,
587, 0.586, 7236, 8361, 7690, 23451,
588, 0.587, 7236, 8362, 7693, 23455,
589, 0.588, 7231, 8365, 7701, 23463,
590, 0.589, 7225, 8370, 7711, 23474,
591, 0.59, 7226, 8371, 7712, 23476,
592, 0.591, 7222, 8374, 7719, 23483,
593, 0.592, 7220, 8376, 7723, 23488,
594, 0.593, 7217, 8378, 7728, 23493,
595, 0.594, 7214, 8380, 7733, 23498,
596, 0.595, 7213, 8382, 7736, 23501,
597, 0.596, 7209, 8386, 7744, 23511,
598, 0.597, 7203, 8390, 7754, 23520,
599, 0.598, 7203, 8391, 7755, 23523,
600, 0.599, 7200, 8394, 7760, 23529,
601, 0.6, 7193, 8401, 7775, 23545,
602, 0.601, 7192, 8401, 7776, 23546,
603, 0.602, 7189, 8403, 7781, 23551,
604, 0.603, 7186, 8406, 7787, 23558,
605, 0.604, 7186, 8406, 7788, 23559,
606, 0.605, 7180, 8411, 7798, 23569,
607, 0.606, 7177, 8414, 7805, 23577,
608, 0.607, 7176, 8416, 7809, 23583,
609, 0.608, 7173, 8418, 7813, 23587,
610, 0.609, 7170, 8421, 7819, 23593,
611, 0.61, 7170, 8421, 7820, 23594,
612, 0.611, 7165, 8426, 7830, 23605,
613, 0.612, 7160, 8429, 7838, 23613,
614, 0.613, 7159, 8431, 7841, 23617,
615, 0.614, 7156, 8433, 7847, 23623,
616, 0.615, 7152, 8435, 7851, 23627,
617, 0.616, 7152, 8437, 7853, 23631,
618, 0.617, 7148, 8441, 7863, 23643,
619, 0.618, 7143, 8445, 7871, 23651,
620, 0.619, 7142, 8445, 7872, 23652,
621, 0.62, 7139, 8447, 7877, 23657,
622, 0.621, 7136, 8450, 7883, 23662,
623, 0.622, 7136, 8451, 7884, 23665,
624, 0.623, 7131, 8455, 7894, 23675,
625, 0.624, 7126, 8459, 7902, 23684,
626, 0.625, 7126, 8461, 7905, 23688,
627, 0.626, 7122, 8464, 7911, 23695,
628, 0.627, 7120, 8466, 7916, 23699,
629, 0.628, 7119, 8467, 7918, 23702,
630, 0.629, 7115, 8471, 7927, 23712,
631, 0.63, 7109, 8475, 7936, 23722,
632, 0.631, 7109, 8475, 7937, 23723,
633, 0.632, 7106, 8478, 7942, 23729,
634, 0.633, 7103, 8480, 7947, 23734,
635, 0.634, 7098, 8485, 7957, 23745,
636, 0.635, 7098, 8486, 7959, 23748,
637, 0.636, 7097, 8489, 7965, 23756,
638, 0.637, 7093, 8492, 7971, 23762,
639, 0.638, 7087, 8495, 7978, 23768,
640, 0.639, 7086, 8496, 7980, 23770,
641, 0.64, 7082, 8497, 7986, 23775,
642, 0.641, 7081, 8500, 7990, 23780,
643, 0.642, 7079, 8501, 7993, 23784,
644, 0.643, 7075, 8504, 8000, 23790,
645, 0.644, 7070, 8509, 8011, 23803,
646, 0.645, 7070, 8510, 8011, 23805,
647, 0.646, 7066, 8513, 8019, 23812,
648, 0.647, 7065, 8515, 8022, 23816,
649, 0.648, 7062, 8517, 8027, 23822,
650, 0.649, 7059, 8520, 8033, 23828,
651, 0.65, 7059, 8520, 8034, 23831,
652, 0.651, 7051, 8527, 8049, 23846,
653, 0.652, 7048, 8529, 8053, 23850,
654, 0.653, 7047, 8531, 8057, 23855,
655, 0.654, 7042, 8534, 8065, 23862,
656, 0.655, 7037, 8538, 8072, 23869,
657, 0.656, 7036, 8539, 8075, 23873,
658, 0.657, 7034, 8540, 8078, 23876,
659, 0.658, 7030, 8543, 8085, 23883,
660, 0.659, 7025, 8547, 8095, 23894,
661, 0.66, 7025, 8548, 8096, 23896,
662, 0.661, 7022, 8551, 8101, 23902,
663, 0.662, 7019, 8553, 8106, 23906,
664, 0.663, 7019, 8553, 8107, 23909,
665, 0.664, 7014, 8558, 8117, 23919,
666, 0.665, 7010, 8562, 8126, 23928,
667, 0.666, 7008, 8563, 8128, 23931,
668, 0.667, 7006, 8566, 8133, 23937,
669, 0.668, 7002, 8568, 8138, 23941,
670, 0.669, 7001, 8569, 8141, 23944,
671, 0.67, 6997, 8572, 8149, 23953,
672, 0.671, 6997, 8577, 8159, 23954,
673, 0.672, 6991, 8577, 8159, 23964,
674, 0.673, 6987, 8581, 8168, 23974,
675, 0.674, 6987, 8584, 8172, 23982,
676, 0.675, 6983, 8584, 8175, 23982,
677, 0.676, 6981, 8587, 8180, 23988,
678, 0.677, 6980, 8589, 8184, 23994,
679, 0.678, 6975, 8592, 8191, 24000,
680, 0.679, 6970, 8598, 8202, 24013,
681, 0.68, 6970, 8598, 8203, 24014,
682, 0.681, 6967, 8599, 8205, 24015,
683, 0.682, 6964, 8602, 8212, 24024,
684, 0.683, 6959, 8607, 8223, 24035,
685, 0.684, 6960, 8609, 8224, 24039,
686, 0.685, 6954, 8611, 8230, 24043,
687, 0.686, 6953, 8612, 8234, 24046,
688, 0.687, 6950, 8613, 8237, 24050,
689, 0.688, 6947, 8616, 8243, 24057,
690, 0.689, 6947, 8617, 8244, 24058,
691, 0.69, 6941, 8620, 8253, 24067,
692, 0.691, 6937, 8624, 8262, 24076,
693, 0.692, 6936, 8626, 8264, 24078,
694, 0.693, 6935, 8626, 8266, 24080,
695, 0.694, 6930, 8630, 8275, 24090,
696, 0.695, 6927, 8633, 8280, 24096,
697, 0.696, 6925, 8635, 8285, 24101,
698, 0.697, 6923, 8637, 8289, 24106,
699, 0.698, 6919, 8640, 8296, 24113,
700, 0.699, 6919, 8640, 8297, 24113,
701, 0.7, 6914, 8645, 8306, 24124,
702, 0.701, 6909, 8649, 8315, 24135,
703, 0.702, 6908, 8649, 8317, 24136,
704, 0.703, 6903, 8655, 8329, 24151,
705, 0.704, 6898, 8657, 8335, 24155,
706, 0.705, 6897, 8659, 8338, 24159,
707, 0.706, 6895, 8661, 8341, 24163,
708, 0.707, 6891, 8664, 8348, 24169,
709, 0.708, 6891, 8664, 8349, 24170,
710, 0.709, 6886, 8669, 8358, 24181,
711, 0.71, 6881, 8673, 8368, 24191,
712, 0.711, 6880, 8673, 8370, 24192,
713, 0.712, 6877, 8675, 8373, 24195,
714, 0.713, 6874, 8678, 8379, 24202,
715, 0.714, 6870, 8682, 8388, 24213,
716, 0.715, 6869, 8683, 8390, 24216,
717, 0.716, 6866, 8685, 8396, 24221,
718, 0.717, 6863, 8687, 8400, 24224,
719, 0.718, 6862, 8689, 8404, 24228,
720, 0.719, 6858, 8692, 8411, 24236,
721, 0.72, 6853, 8697, 8421, 24248,
722, 0.721, 6852, 8697, 8422, 24249,
723, 0.722, 6850, 8699, 8426, 24253,
724, 0.723, 6846, 8701, 8431, 24257,
725, 0.724, 6845, 8703, 8434, 24259,
726, 0.725, 6841, 8705, 8441, 24267,
727, 0.726, 6836, 8710, 8451, 24279,
728, 0.727, 6835, 8711, 8452, 24280,
729, 0.728, 6832, 8713, 8457, 24285,
730, 0.729, 6829, 8715, 8462, 24290,
731, 0.73, 6829, 8716, 8463, 24291,
732, 0.731, 6824, 8720, 8473, 24303,
733, 0.732, 6819, 8723, 8479, 24308,
734, 0.733, 6818, 8724, 8483, 24312,
735, 0.734, 6815, 8728, 8489, 24321,
736, 0.735, 6812, 8729, 8493, 24323,
737, 0.736, 6813, 8733, 8499, 24334,
738, 0.737, 6807, 8734, 8503, 24335,
739, 0.738, 6802, 8738, 8512, 24345,
740, 0.739, 6801, 8740, 8515, 24349,
741, 0.74, 6798, 8740, 8519, 24351,
742, 0.741, 6796, 8744, 8525, 24359,
743, 0.742, 6796, 8745, 8526, 24361,
744, 0.743, 6790, 8749, 8535, 24369,
745, 0.744, 6786, 8752, 8542, 24376,
746, 0.745, 6785, 8753, 8545, 24381,
747, 0.746, 6782, 8755, 8549, 24384,
748, 0.747, 6779, 8757, 8555, 24390,
749, 0.748, 6779, 8759, 8557, 24393,
750, 0.749, 6773, 8762, 8566, 24402,
751, 0.75, 6769, 8767, 8575, 24413,
752, 0.751, 6766, 8768, 8580, 24418,
753, 0.752, 6762, 8771, 8585, 24422,
754, 0.753, 6762, 8771, 8586, 24423,
755, 0.754, 6756, 8776, 8596, 24433,
756, 0.755, 6752, 8779, 8605, 24443,
757, 0.756, 6751, 8781, 8608, 24447,
758, 0.757, 6748, 8783, 8613, 24452,
759, 0.758, 6745, 8785, 8616, 24456,
760, 0.759, 6744, 8785, 8618, 24458,
761, 0.76, 6739, 8789, 8626, 24465,
762, 0.761, 6734, 8794, 8637, 24475,
763, 0.762, 6734, 8794, 8638, 24478,
764, 0.763, 6731, 8796, 8642, 24481,
765, 0.764, 6728, 8798, 8648, 24488,
766, 0.765, 6727, 8800, 8650, 24491,
767, 0.766, 6722, 8803, 8658, 24498,
768, 0.767, 6723, 8804, 8659, 24500,
769, 0.768, 6717, 8808, 8668, 24509,
770, 0.769, 6713, 8811, 8675, 24517,
771, 0.77, 6711, 8813, 8678, 24521,
772, 0.771, 6709, 8814, 8682, 24525,
773, 0.772, 6705, 8816, 8688, 24530,
774, 0.773, 6704, 8816, 8689, 24531,
775, 0.774, 6700, 8821, 8698, 24541,
776, 0.775, 6694, 8825, 8707, 24548,
777, 0.776, 6694, 8826, 8709, 24551,
778, 0.777, 6691, 8829, 8716, 24559,
779, 0.778, 6689, 8831, 8719, 24563,
780, 0.779, 6685, 8831, 8723, 24565,
781, 0.78, 6682, 8834, 8729, 24572,
782, 0.781, 6681, 8835, 8730, 24573,
783, 0.782, 6676, 8839, 8739, 24583,
784, 0.783, 6673, 8842, 8746, 24590,
785, 0.784, 6671, 8843, 8749, 24593,
786, 0.785, 6669, 8845, 8752, 24597,
787, 0.786, 6665, 8848, 8759, 24603,
788, 0.787, 6660, 8852, 8769, 24614,
789, 0.788, 6660, 8853, 8769, 24615,
790, 0.789, 6655, 8855, 8777, 24621,
791, 0.79, 6654, 8857, 8779, 24623,
792, 0.791, 6654, 8859, 8783, 24630,
793, 0.792, 6648, 8860, 8789, 24632,
794, 0.793, 6644, 8866, 8798, 24644,
795, 0.794, 6643, 8866, 8800, 24645,
796, 0.795, 6639, 8868, 8806, 24650,
797, 0.796, 6637, 8870, 8810, 24656,
798, 0.797, 6635, 8871, 8813, 24658,
799, 0.798, 6631, 8875, 8820, 24666,
800, 0.799, 6626, 8878, 8828, 24673,
801, 0.8, 6625, 8880, 8832, 24679,
802, 0.801, 6619, 8883, 8840, 24686,
803, 0.802, 6616, 8887, 8847, 24695,
804, 0.803, 6614, 8888, 8851, 24698,
805, 0.804, 6611, 8889, 8854, 24700,
806, 0.805, 6608, 8893, 8860, 24708,
807, 0.806, 6603, 8897, 8869, 24717,
808, 0.807, 6604, 8899, 8873, 24724,
809, 0.808, 6599, 8900, 8877, 24725,
810, 0.809, 6597, 8901, 8880, 24728,
811, 0.81, 6596, 8903, 8885, 24734,
812, 0.811, 6591, 8906, 8891, 24739,
813, 0.812, 6590, 8906, 8892, 24740,
814, 0.813, 6585, 8911, 8901, 24750,
815, 0.814, 6580, 8914, 8909, 24758,
816, 0.815, 6580, 8916, 8912, 24762,
817, 0.816, 6576, 8917, 8917, 24766,
818, 0.817, 6574, 8919, 8921, 24771,
819, 0.818, 6573, 8920, 8923, 24771,
820, 0.819, 6568, 8924, 8930, 24780,
821, 0.82, 6564, 8928, 8939, 24790,
822, 0.821, 6563, 8929, 8942, 24792,
823, 0.822, 6560, 8930, 8946, 24796,
824, 0.823, 6557, 8933, 8952, 24803,
825, 0.824, 6555, 8934, 8955, 24806,
826, 0.825, 6551, 8937, 8961, 24812,
827, 0.826, 6546, 8940, 8969, 24820,
828, 0.827, 6545, 8941, 8971, 24822,
829, 0.828, 6542, 8943, 8976, 24827,
830, 0.829, 6540, 8947, 8982, 24835,
831, 0.83, 6534, 8951, 8993, 24846,
832, 0.831, 6534, 8951, 8993, 24846,
833, 0.832, 6531, 8954, 8998, 24850,
834, 0.833, 6529, 8956, 9003, 24855,
835, 0.834, 6528, 8956, 9005, 24857,
836, 0.835, 6523, 8960, 9012, 24865,
837, 0.836, 6519, 8964, 9021, 24876,
838, 0.837, 6517, 8964, 9023, 24878,
839, 0.838, 6514, 8966, 9027, 24880,
840, 0.839, 6511, 8968, 9032, 24885,
841, 0.84, 6510, 8970, 9035, 24890,
842, 0.841, 6505, 8973, 9043, 24896,
843, 0.842, 6500, 8977, 9052, 24907,
844, 0.843, 6500, 8978, 9053, 24908,
845, 0.844, 6497, 8979, 9058, 24912,
846, 0.845, 6495, 8982, 9063, 24919,
847, 0.846, 6493, 8984, 9066, 24921,
848, 0.847, 6489, 8987, 9073, 24929,
849, 0.848, 6484, 8991, 9083, 24940,
850, 0.849, 6484, 8992, 9084, 24941,
851, 0.85, 6480, 8994, 9091, 24949,
852, 0.851, 6477, 8996, 9095, 24951,
853, 0.852, 6472, 8998, 9102, 24957,
854, 0.853, 6465, 9001, 9109, 24961,
855, 0.854, 6464, 9002, 9112, 24964,
856, 0.855, 6463, 9007, 9120, 24976,
857, 0.856, 6460, 9008, 9123, 24979,
858, 0.857, 6459, 9009, 9125, 24981,
859, 0.858, 6455, 9013, 9133, 24990,
860, 0.859, 6451, 9017, 9142, 25001,
861, 0.86, 6449, 9017, 9143, 24999,
862, 0.861, 6447, 9018, 9144, 25000,
863, 0.862, 6442, 9021, 9152, 25008,
864, 0.863, 6438, 9025, 9161, 25017,
865, 0.864, 6437, 9026, 9163, 25021,
866, 0.865, 6436, 9028, 9167, 25026,
867, 0.866, 6430, 9028, 9171, 25026,
868, 0.867, 6430, 9029, 9173, 25028,
869, 0.868, 6426, 9034, 9183, 25040,
870, 0.869, 6421, 9037, 9191, 25048,
871, 0.87, 6420, 9039, 9193, 25050,
872, 0.871, 6416, 9040, 9198, 25053,
873, 0.872, 6414, 9042, 9201, 25057,
874, 0.873, 6412, 9043, 9204, 25060,
875, 0.874, 6408, 9046, 9212, 25068,
876, 0.875, 6408, 9047, 9212, 25069,
877, 0.876, 6402, 9051, 9221, 25078,
878, 0.877, 6398, 9053, 9228, 25083,
879, 0.878, 6396, 9054, 9231, 25086,
880, 0.879, 6395, 9055, 9233, 25089,
881, 0.88, 6390, 9058, 9241, 25095,
882, 0.881, 6390, 9058, 9251, 25095,
883, 0.882, 6384, 9063, 9251, 25106,
884, 0.883, 6381, 9065, 9256, 25112,
885, 0.884, 6378, 9067, 9261, 25117,
886, 0.885, 6378, 9068, 9262, 25118,
887, 0.886, 6373, 9071, 9270, 25125,
888, 0.887, 6368, 9076, 9280, 25136,
889, 0.888, 6367, 9075, 9280, 25136,
890, 0.889, 6363, 9077, 9285, 25140,
891, 0.89, 6361, 9079, 9290, 25144,
892, 0.891, 6361, 9083, 9295, 25154,
893, 0.892, 6355, 9083, 9299, 25153,
894, 0.893, 6350, 9087, 9308, 25163,
895, 0.894, 6350, 9088, 9310, 25165,
896, 0.895, 6347, 9089, 9313, 25168,
897, 0.896, 6343, 9091, 9319, 25173,
898, 0.897, 6344, 9092, 9319, 25173,
899, 0.898, 6338, 9095, 9328, 25182,
900, 0.899, 6334, 9099, 9336, 25191,
901, 0.9, 6332, 9101, 9339, 25193,
902, 0.901, 6329, 9102, 9343, 25196,
903, 0.902, 6321, 9108, 9357, 25213,
904, 0.903, 6321, 9109, 9358, 25214,
905, 0.904, 6317, 9112, 9365, 25220,
906, 0.905, 6315, 9113, 9368, 25224,
907, 0.906, 6313, 9115, 9372, 25228,
908, 0.907, 6309, 9117, 9379, 25234,
909, 0.908, 6309, 9118, 9379, 25235,
910, 0.909, 6304, 9122, 9388, 25244,
911, 0.91, 6302, 9123, 9391, 25248,
912, 0.911, 6298, 9125, 9398, 25253,
913, 0.912, 6294, 9128, 9404, 25260,
914, 0.913, 6291, 9129, 9407, 25260,
915, 0.914, 6289, 9131, 9411, 25265,
916, 0.915, 6286, 9134, 9418, 25273,
917, 0.916, 6286, 9134, 9417, 25272,
918, 0.917, 6280, 9138, 9426, 25281,
919, 0.918, 6277, 9140, 9432, 25286,
920, 0.919, 6274, 9141, 9435, 25289,
921, 0.92, 6272, 9143, 9438, 25292,
922, 0.921, 6268, 9145, 9445, 25296,
923, 0.922, 6268, 9146, 9445, 25298,
924, 0.923, 6262, 9150, 9456, 25308,
925, 0.924, 6257, 9153, 9463, 25316,
926, 0.925, 6257, 9154, 9466, 25319,
927, 0.926, 6254, 9155, 9468, 25321,
928, 0.927, 6250, 9159, 9475, 25327,
929, 0.928, 6245, 9162, 9484, 25338,
930, 0.929, 6245, 9162, 9485, 25338,
931, 0.93, 6241, 9165, 9492, 25344,
932, 0.931, 6239, 9166, 9494, 25345,
933, 0.932, 6237, 9167, 9497, 25348,
934, 0.933, 6233, 9171, 9504, 25357,
935, 0.934, 6228, 9174, 9513, 25365,
936, 0.935, 6227, 9174, 9513, 25364,
937, 0.936, 6226, 9176, 9518, 25370,
938, 0.937, 6221, 9178, 9523, 25374,
939, 0.938, 6221, 9179, 9524, 25374,
940, 0.939, 6216, 9183, 9533, 25384,
941, 0.94, 6212, 9185, 9540, 25390,
942, 0.941, 6210, 9187, 9543, 25394,
943, 0.942, 6208, 9189, 9547, 25398,
944, 0.943, 6204, 9190, 9552, 25402,
945, 0.944, 6204, 9192, 9554, 25405,
946, 0.945, 6198, 9195, 9562, 25413,
947, 0.946, 6194, 9200, 9572, 25426,
948, 0.947, 6192, 9199, 9572, 25421,
949, 0.948, 6189, 9201, 9578, 25428,
950, 0.949, 6187, 9203, 9581, 25432,
951, 0.95, 6184, 9204, 9584, 25434,
952, 0.951, 6176, 9210, 9598, 25448,
953, 0.952, 6175, 9211, 9600, 25450,
954, 0.953, 6173, 9212, 9603, 25453,
955, 0.954, 6169, 9215, 9610, 25459,
956, 0.955, 6169, 9216, 9612, 25463,
957, 0.956, 6163, 9218, 9619, 25467,
958, 0.957, 6158, 9223, 9628, 25478,
959, 0.958, 6157, 9224, 9630, 25479,
960, 0.959, 6155, 9226, 9634, 25483,
961, 0.96, 6152, 9228, 9639, 25489,
962, 0.961, 6151, 9229, 9642, 25491,
963, 0.962, 6146, 9231, 9649, 25497,
964, 0.963, 6141, 9236, 9657, 25506,
965, 0.964, 6141, 9237, 9659, 25510,
966, 0.965, 6137, 9238, 9664, 25512,
967, 0.966, 6134, 9240, 9668, 25516,
968, 0.967, 6134, 9241, 9670, 25518,
969, 0.968, 6128, 9243, 9677, 25524,
970, 0.969, 6123, 9248, 9687, 25535,
971, 0.97, 6123, 9249, 9688, 25537,
972, 0.971, 6119, 9250, 9693, 25539,
973, 0.972, 6118, 9253, 9699, 25547,
974, 0.973, 6115, 9253, 9701, 25548,
975, 0.974, 6111, 9256, 9707, 25554,
976, 0.975, 6111, 9257, 9709, 25557,
977, 0.976, 6105, 9260, 9716, 25564,
978, 0.977, 6102, 9263, 9723, 25571,
979, 0.978, 6099, 9263, 9725, 25571,
980, 0.979, 6097, 9264, 9728, 25573,
981, 0.98, 6094, 9267, 9735, 25580,
982, 0.981, 6094, 9268, 9736, 25583,
983, 0.982, 6087, 9271, 9744, 25589,
984, 0.983, 6083, 9274, 9752, 25596,
985, 0.984, 6082, 9276, 9753, 25599,
986, 0.985, 6080, 9277, 9757, 25602,
987, 0.986, 6077, 9280, 9764, 25610,
988, 0.987, 6071, 9284, 9773, 25618,
989, 0.988, 6071, 9285, 9774, 25620,
990, 0.989, 6070, 9284, 9774, 25619,
991, 0.99, 6064, 9287, 9782, 25627,
992, 0.991, 6059, 9290, 9790, 25631,
993, 0.992, 6058, 9290, 9791, 25632,
994, 0.993, 6055, 9292, 9795, 25637,
995, 0.994, 6052, 9294, 9800, 25641,
996, 0.995, 6052, 9295, 9802, 25645,
997, 0.996, 6047, 9298, 9810, 25652,
998, 0.997, 6043, 9302, 9818, 25660,
999, 0.998, 6042, 9304, 9821, 25664,
1000, 0.999, 6038, 9303, 9822, 25661,
