1, 0.0, 1629, 1421, 960, 3987,
2, 0.001, 3799, 3330, 2246, 9328,
3, 0.002, 3796, 3323, 2242, 9314,
4, 0.003, 3795, 3319, 2239, 9304,
5, 0.004, 3793, 3318, 2242, 9304,
6, 0.005, 3792, 3316, 2240, 9301,
7, 0.006, 3792, 3318, 2243, 9305,
8, 0.007, 3792, 3318, 2244, 9305,
9, 0.008, 3791, 3320, 2249, 9312,
10, 0.009, 3790, 3319, 2248, 9310,
11, 0.01, 3790, 3322, 2253, 9318,
12, 0.011, 3789, 3323, 2254, 9318,
13, 0.012, 3789, 3324, 2256, 9321,
14, 0.013, 3788, 3326, 2259, 9327,
15, 0.014, 3789, 3330, 2265, 9338,
16, 0.015, 3789, 3330, 2266, 9338,
17, 0.016, 3788, 3332, 2269, 9343,
18, 0.017, 3788, 3334, 2272, 9348,
19, 0.018, 3788, 3334, 2272, 9350,
20, 0.019, 3787, 3338, 2278, 9358,
21, 0.02, 3787, 3341, 2283, 9367,
22, 0.021, 3787, 3342, 2284, 9369,
23, 0.022, 3787, 3343, 2286, 9372,
24, 0.023, 3786, 3346, 2290, 9379,
25, 0.024, 3787, 3346, 2291, 9380,
26, 0.025, 3786, 3350, 2297, 9391,
27, 0.026, 3786, 3353, 2301, 9398,
28, 0.027, 3786, 3354, 2303, 9400,
29, 0.028, 3786, 3355, 2304, 9402,
30, 0.029, 3786, 3358, 2309, 9412,
31, 0.03, 3785, 3361, 2314, 9419,
32, 0.031, 3785, 3362, 2316, 9422,
33, 0.032, 3785, 3363, 2316, 9423,
34, 0.033, 3785, 3367, 2322, 9433,
35, 0.034, 3784, 3369, 2326, 9439,
36, 0.035, 3784, 3371, 2329, 9443,
37, 0.036, 3784, 3371, 2330, 9445,
38, 0.037, 3784, 3375, 2335, 9454,
39, 0.038, 3783, 3379, 2341, 9465,
40, 0.039, 3783, 3379, 2341, 9465,
41, 0.04, 3783, 3382, 2345, 9471,
42, 0.041, 3783, 3383, 2348, 9476,
43, 0.042, 3783, 3384, 2350, 9479,
44, 0.043, 3783, 3387, 2354, 9487,
45, 0.044, 3782, 3391, 2360, 9496,
46, 0.045, 3782, 3392, 2361, 9498,
47, 0.046, 3782, 3394, 2364, 9504,
48, 0.047, 3782, 3395, 2367, 9508,
49, 0.048, 3782, 3397, 2369, 9513,
50, 0.049, 3782, 3400, 2374, 9520,
51, 0.05, 3781, 3404, 2379, 9529,
52, 0.051, 3782, 3406, 2382, 9535,
53, 0.052, 3781, 3408, 2386, 9541,
54, 0.053, 3781, 3412, 2392, 9551,
55, 0.054, 3781, 3412, 2392, 9552,
56, 0.055, 3780, 3415, 2397, 9559,
57, 0.056, 3780, 3417, 2399, 9563,
58, 0.057, 3780, 3418, 2402, 9567,
59, 0.058, 3780, 3421, 2405, 9574,
60, 0.059, 3780, 3422, 2406, 9576,
61, 0.06, 3780, 3425, 2412, 9585,
62, 0.061, 3779, 3429, 2418, 9594,
63, 0.062, 3780, 3429, 2418, 9596,
64, 0.063, 3779, 3430, 2420, 9599,
65, 0.064, 3779, 3433, 2424, 9606,
66, 0.065, 3779, 3434, 2425, 9607,
67, 0.066, 3779, 3437, 2431, 9616,
68, 0.067, 3778, 3439, 2433, 9621,
69, 0.068, 3778, 3442, 2437, 9628,
70, 0.069, 3778, 3446, 2443, 9638,
71, 0.07, 3778, 3446, 2444, 9639,
72, 0.071, 3778, 3448, 2447, 9645,
73, 0.072, 3778, 3450, 2450, 9650,
74, 0.073, 3778, 3451, 2451, 9651,
75, 0.074, 3778, 3455, 2457, 9663,
76, 0.075, 3778, 3458, 2462, 9671,
77, 0.076, 3778, 3459, 2463, 9672,
78, 0.077, 3777, 3460, 2466, 9677,
79, 0.078, 3777, 3463, 2470, 9683,
80, 0.079, 3777, 3464, 2471, 9686,
81, 0.08, 3777, 3467, 2476, 9694,
82, 0.081, 3777, 3471, 2481, 9703,
83, 0.082, 3777, 3472, 2483, 9706,
84, 0.083, 3776, 3474, 2486, 9711,
85, 0.084, 3776, 3476, 2489, 9716,
86, 0.085, 3776, 3477, 2490, 9718,
87, 0.086, 3776, 3480, 2495, 9727,
88, 0.087, 3776, 3484, 2502, 9738,
89, 0.088, 3776, 3485, 2502, 9740,
90, 0.089, 3776, 3488, 2507, 9747,
91, 0.09, 3776, 3489, 2509, 9750,
92, 0.091, 3776, 3490, 2510, 9753,
93, 0.092, 3775, 3493, 2515, 9761,
94, 0.093, 3775, 3496, 2520, 9769,
95, 0.094, 3775, 3497, 2521, 9772,
96, 0.095, 3775, 3499, 2525, 9777,
97, 0.096, 3775, 3501, 2527, 9782,
98, 0.097, 3775, 3502, 2529, 9785,
99, 0.098, 3774, 3506, 2535, 9795,
100, 0.099, 3774, 3509, 2539, 9801,
101, 0.1, 3774, 3515, 2548, 9818,
102, 0.101, 3774, 3515, 2548, 9819,
103, 0.102, 3774, 3518, 2553, 9825,
104, 0.103, 3774, 3519, 2555, 9828,
105, 0.104, 3774, 3521, 2557, 9833,
106, 0.105, 3774, 3524, 2561, 9840,
107, 0.106, 3773, 3528, 2567, 9850,
108, 0.107, 3773, 3528, 2568, 9851,
109, 0.108, 3773, 3531, 2572, 9859,
110, 0.109, 3773, 3532, 2574, 9861,
111, 0.11, 3773, 3533, 2576, 9865,
112, 0.111, 3773, 3536, 2580, 9873,
113, 0.112, 3773, 3536, 2580, 9873,
114, 0.113, 3773, 3541, 2587, 9885,
115, 0.114, 3773, 3544, 2592, 9893,
116, 0.115, 3773, 3545, 2594, 9896,
117, 0.116, 3772, 3547, 2596, 9900,
118, 0.117, 3772, 3549, 2600, 9906,
119, 0.118, 3772, 3550, 2601, 9909,
120, 0.119, 3772, 3554, 2606, 9918,
121, 0.12, 3772, 3557, 2611, 9926,
122, 0.121, 3772, 3558, 2613, 9930,
123, 0.122, 3772, 3560, 2616, 9933,
124, 0.123, 3771, 3562, 2619, 9940,
125, 0.124, 3771, 3566, 2626, 9940,
126, 0.125, 3772, 3567, 2626, 9951,
127, 0.126, 3771, 3570, 2631, 9960,
128, 0.127, 3772, 3571, 2633, 9963,
129, 0.128, 3771, 3573, 2635, 9968,
130, 0.129, 3771, 3575, 2639, 9974,
131, 0.13, 3771, 3577, 2641, 9978,
132, 0.131, 3771, 3580, 2645, 9986,
133, 0.132, 3771, 3584, 2652, 9997,
134, 0.133, 3771, 3584, 2652, 9998,
135, 0.134, 3770, 3588, 2657, 10006,
136, 0.135, 3771, 3589, 2659, 10010,
137, 0.136, 3770, 3591, 2662, 10014,
138, 0.137, 3770, 3593, 2665, 10019,
139, 0.138, 3770, 3594, 2667, 10022,
140, 0.139, 3770, 3597, 2672, 10031,
141, 0.14, 3769, 3601, 2678, 10041,
142, 0.141, 3770, 3601, 2678, 10042,
143, 0.142, 3769, 3603, 2681, 10046,
144, 0.143, 3769, 3606, 2684, 10052,
145, 0.144, 3769, 3606, 2686, 10054,
146, 0.145, 3769, 3610, 2691, 10064,
147, 0.146, 3769, 3614, 2697, 10075,
148, 0.147, 3769, 3614, 2698, 10075,
149, 0.148, 3769, 3618, 2702, 10083,
150, 0.149, 3769, 3618, 2704, 10086,
151, 0.15, 3769, 3619, 2705, 10087,
152, 0.151, 3768, 3625, 2713, 10102,
153, 0.152, 3768, 3626, 2716, 10107,
154, 0.153, 3768, 3627, 2717, 10108,
155, 0.154, 3768, 3631, 2723, 10119,
156, 0.155, 3767, 3634, 2727, 10126,
157, 0.156, 3768, 3636, 2730, 10130,
158, 0.157, 3768, 3638, 2733, 10136,
159, 0.158, 3768, 3640, 2737, 10143,
160, 0.159, 3768, 3644, 2742, 10152,
161, 0.16, 3768, 3645, 2743, 10154,
162, 0.161, 3768, 3646, 2746, 10158,
163, 0.162, 3767, 3649, 2749, 10165,
164, 0.163, 3768, 3649, 2750, 10166,
165, 0.164, 3767, 3653, 2756, 10177,
166, 0.165, 3767, 3657, 2761, 10185,
167, 0.166, 3767, 3658, 2763, 10188,
168, 0.167, 3767, 3660, 2767, 10194,
169, 0.168, 3767, 3662, 2770, 10199,
170, 0.169, 3767, 3663, 2771, 10202,
171, 0.17, 3766, 3667, 2777, 10212,
172, 0.171, 3766, 3671, 2782, 10221,
173, 0.172, 3767, 3672, 2784, 10224,
174, 0.173, 3766, 3674, 2786, 10229,
175, 0.174, 3766, 3676, 2790, 10235,
176, 0.175, 3766, 3676, 2790, 10235,
177, 0.176, 3766, 3680, 2796, 10245,
178, 0.177, 3766, 3682, 2800, 10251,
179, 0.178, 3766, 3684, 2803, 10256,
180, 0.179, 3766, 3685, 2804, 10259,
181, 0.18, 3765, 3689, 2809, 10268,
182, 0.181, 3765, 3692, 2814, 10276,
183, 0.182, 3765, 3693, 2816, 10280,
184, 0.183, 3765, 3695, 2819, 10285,
185, 0.184, 3765, 3697, 2822, 10290,
186, 0.185, 3765, 3699, 2824, 10295,
187, 0.186, 3765, 3702, 2829, 10302,
188, 0.187, 3765, 3705, 2834, 10310,
189, 0.188, 3765, 3706, 2836, 10313,
190, 0.189, 3764, 3708, 2838, 10317,
191, 0.19, 3764, 3710, 2842, 10324,
192, 0.191, 3764, 3711, 2843, 10326,
193, 0.192, 3764, 3715, 2848, 10335,
194, 0.193, 3764, 3719, 2854, 10345,
195, 0.194, 3764, 3719, 2855, 10346,
196, 0.195, 3764, 3721, 2857, 10350,
197, 0.196, 3764, 3723, 2861, 10357,
198, 0.197, 3764, 3723, 2861, 10357,
199, 0.198, 3763, 3728, 2868, 10369,
200, 0.199, 3763, 3731, 2873, 10378,
201, 0.2, 3763, 3733, 2876, 10382,
202, 0.201, 3763, 3736, 2881, 10392,
203, 0.202, 3762, 3740, 2886, 10400,
204, 0.203, 3762, 3741, 2887, 10402,
205, 0.204, 3762, 3742, 2889, 10406,
206, 0.205, 3762, 3745, 2894, 10413,
207, 0.206, 3762, 3748, 2899, 10423,
208, 0.207, 3762, 3749, 2900, 10425,
209, 0.208, 3762, 3751, 2903, 10430,
210, 0.209, 3761, 3753, 2907, 10436,
211, 0.21, 3762, 3754, 2908, 10437,
212, 0.211, 3762, 3758, 2913, 10448,
213, 0.212, 3761, 3758, 2914, 10448,
214, 0.213, 3761, 3762, 2920, 10457,
215, 0.214, 3761, 3766, 2925, 10467,
216, 0.215, 3761, 3767, 2927, 10469,
217, 0.216, 3761, 3768, 2930, 10474,
218, 0.217, 3760, 3770, 2933, 10480,
219, 0.218, 3760, 3775, 2939, 10490,
220, 0.219, 3761, 3776, 2940, 10493,
221, 0.22, 3760, 3777, 2943, 10497,
222, 0.221, 3760, 3780, 2947, 10503,
223, 0.222, 3760, 3780, 2947, 10505,
224, 0.223, 3760, 3784, 2953, 10514,
225, 0.224, 3759, 3788, 2959, 10525,
226, 0.225, 3759, 3788, 2959, 10526,
227, 0.226, 3759, 3792, 2965, 10535,
228, 0.227, 3759, 3793, 2966, 10538,
229, 0.228, 3759, 3795, 2969, 10542,
230, 0.229, 3759, 3797, 2972, 10548,
231, 0.23, 3759, 3801, 2978, 10558,
232, 0.231, 3759, 3802, 2980, 10561,
233, 0.232, 3759, 3803, 2982, 10565,
234, 0.233, 3759, 3806, 2987, 10573,
235, 0.234, 3758, 3811, 2993, 10584,
236, 0.235, 3758, 3811, 2993, 10585,
237, 0.236, 3758, 3813, 2996, 10589,
238, 0.237, 3758, 3815, 3000, 10596,
239, 0.238, 3758, 3816, 3001, 10598,
240, 0.239, 3758, 3819, 3006, 10606,
241, 0.24, 3758, 3822, 3011, 10615,
242, 0.241, 3758, 3824, 3013, 10618,
243, 0.242, 3757, 3826, 3016, 10623,
244, 0.243, 3757, 3828, 3019, 10629,
245, 0.244, 3757, 3829, 3021, 10632,
246, 0.245, 3757, 3832, 3025, 10638,
247, 0.246, 3756, 3835, 3031, 10648,
248, 0.247, 3757, 3837, 3032, 10651,
249, 0.248, 3757, 3839, 3036, 10658,
250, 0.249, 3756, 3842, 3040, 10664,
251, 0.25, 3756, 3842, 3040, 10665,
252, 0.251, 3756, 3848, 3049, 10680,
253, 0.252, 3756, 3850, 3052, 10685,
254, 0.253, 3756, 3851, 3054, 10688,
255, 0.254, 3755, 3854, 3059, 10696,
256, 0.255, 3755, 3858, 3064, 10706,
257, 0.256, 3755, 3858, 3065, 10707,
258, 0.257, 3755, 3861, 3069, 10714,
259, 0.258, 3755, 3863, 3071, 10719,
260, 0.259, 3755, 3864, 3073, 10722,
261, 0.26, 3755, 3867, 3078, 10729,
262, 0.261, 3755, 3871, 3083, 10739,
263, 0.262, 3755, 3871, 3084, 10741,
264, 0.263, 3755, 3874, 3088, 10747,
265, 0.264, 3754, 3876, 3091, 10752,
266, 0.265, 3754, 3880, 3097, 10763,
267, 0.266, 3754, 3880, 3097, 10763,
268, 0.267, 3754, 3883, 3101, 10770,
269, 0.268, 3754, 3884, 3104, 10774,
270, 0.269, 3754, 3886, 3106, 10778,
271, 0.27, 3754, 3888, 3110, 10784,
272, 0.271, 3753, 3892, 3116, 10795,
273, 0.272, 3753, 3892, 3116, 10795,
274, 0.273, 3753, 3895, 3120, 10801,
275, 0.274, 3753, 3897, 3124, 10808,
276, 0.275, 3753, 3898, 3125, 10811,
277, 0.276, 3753, 3901, 3129, 10817,
278, 0.277, 3753, 3904, 3134, 10826,
279, 0.278, 3753, 3905, 3136, 10829,
280, 0.279, 3753, 3907, 3139, 10834,
281, 0.28, 3752, 3909, 3142, 10838,
282, 0.281, 3753, 3910, 3143, 10841,
283, 0.282, 3752, 3913, 3148, 10850,
284, 0.283, 3752, 3916, 3152, 10857,
285, 0.284, 3752, 3918, 3154, 10860,
286, 0.285, 3752, 3919, 3157, 10865,
287, 0.286, 3752, 3922, 3161, 10872,
288, 0.287, 3752, 3922, 3161, 10872,
289, 0.288, 3752, 3926, 3167, 10883,
290, 0.289, 3751, 3929, 3171, 10890,
291, 0.29, 3751, 3930, 3174, 10893,
292, 0.291, 3751, 3932, 3177, 10898,
293, 0.292, 3751, 3935, 3180, 10905,
294, 0.293, 3751, 3935, 3181, 10906,
295, 0.294, 3750, 3939, 3186, 10914,
296, 0.295, 3750, 3942, 3192, 10923,
297, 0.296, 3750, 3943, 3193, 10927,
298, 0.297, 3750, 3946, 3197, 10934,
299, 0.298, 3750, 3947, 3200, 10938,
300, 0.299, 3750, 3948, 3201, 10941,
301, 0.3, 3749, 3954, 3210, 10955,
302, 0.301, 3749, 3956, 3212, 10960,
303, 0.302, 3749, 3957, 3214, 10963,
304, 0.303, 3749, 3960, 3219, 10972,
305, 0.304, 3749, 3964, 3225, 10980,
306, 0.305, 3749, 3965, 3227, 10984,
307, 0.306, 3748, 3969, 3232, 10992,
308, 0.307, 3749, 3968, 3232, 10992,
309, 0.308, 3749, 3969, 3233, 10994,
310, 0.309, 3748, 3973, 3239, 11004,
311, 0.31, 3748, 3977, 3244, 11014,
312, 0.311, 3748, 3977, 3245, 11016,
313, 0.312, 3748, 3979, 3248, 11020,
314, 0.313, 3748, 3981, 3251, 11025,
315, 0.314, 3748, 3981, 3251, 11026,
316, 0.315, 3747, 3986, 3258, 11038,
317, 0.316, 3747, 3989, 3263, 11046,
318, 0.317, 3747, 3991, 3265, 11050,
319, 0.318, 3747, 3991, 3266, 11051,
320, 0.319, 3747, 3995, 3272, 11061,
321, 0.32, 3746, 3998, 3277, 11070,
322, 0.321, 3746, 4001, 3281, 11077,
323, 0.322, 3746, 4003, 3285, 11083,
324, 0.323, 3745, 4007, 3290, 11091,
325, 0.324, 3746, 4008, 3292, 11095,
326, 0.325, 3746, 4010, 3294, 11099,
327, 0.326, 3745, 4012, 3298, 11106,
328, 0.327, 3745, 4015, 3302, 11113,
329, 0.328, 3746, 4014, 3300, 11110,
330, 0.329, 3746, 4016, 3303, 11115,
331, 0.33, 3745, 4022, 3312, 11131,
332, 0.331, 3744, 4024, 3317, 11138,
333, 0.332, 3745, 4027, 3320, 11144,
334, 0.333, 3744, 4029, 3323, 11148,
335, 0.334, 3744, 4029, 3324, 11150,
336, 0.335, 3744, 4033, 3330, 11160,
337, 0.336, 3744, 4037, 3335, 11170,
338, 0.337, 3744, 4037, 3336, 11171,
339, 0.338, 3744, 4039, 3339, 11176,
340, 0.339, 3743, 4041, 3342, 11181,
341, 0.34, 3744, 4042, 3343, 11183,
342, 0.341, 3743, 4046, 3349, 11194,
343, 0.342, 3743, 4048, 3352, 11198,
344, 0.343, 3743, 4050, 3356, 11205,
345, 0.344, 3743, 4051, 3356, 11206,
346, 0.345, 3743, 4055, 3362, 11216,
347, 0.346, 3743, 4058, 3368, 11226,
348, 0.347, 3742, 4059, 3369, 11227,
349, 0.348, 3743, 4061, 3372, 11234,
350, 0.349, 3742, 4064, 3376, 11239,
351, 0.35, 3743, 4065, 3377, 11243,
352, 0.351, 3743, 4065, 3378, 11244,
353, 0.352, 3743, 4069, 3383, 11253,
354, 0.353, 3742, 4075, 3392, 11268,
355, 0.354, 3742, 4076, 3395, 11272,
356, 0.355, 3742, 4078, 3398, 11277,
357, 0.356, 3742, 4080, 3400, 11282,
358, 0.357, 3741, 4085, 3408, 11294,
359, 0.358, 3741, 4084, 3407, 11293,
360, 0.359, 3741, 4088, 3412, 11301,
361, 0.36, 3741, 4089, 3414, 11305,
362, 0.361, 3741, 4090, 3416, 11307,
363, 0.362, 3740, 4093, 3420, 11316,
364, 0.363, 3740, 4093, 3420, 11315,
365, 0.364, 3740, 4098, 3427, 11327,
366, 0.365, 3740, 4099, 3430, 11332,
367, 0.366, 3740, 4102, 3434, 11338,
368, 0.367, 3740, 4103, 3435, 11341,
369, 0.368, 3739, 4106, 3441, 11349,
370, 0.369, 3739, 4110, 3446, 11358,
371, 0.37, 3739, 4110, 3447, 11361,
372, 0.371, 3739, 4112, 3450, 11365,
373, 0.372, 3739, 4115, 3454, 11372,
374, 0.373, 3738, 4119, 3460, 11383,
375, 0.374, 3739, 4119, 3461, 11384,
376, 0.375, 3738, 4121, 3463, 11387,
377, 0.376, 3738, 4123, 3467, 11395,
378, 0.377, 3738, 4124, 3467, 11395,
379, 0.378, 3738, 4128, 3473, 11405,
380, 0.379, 3737, 4130, 3477, 11412,
381, 0.38, 3738, 4132, 3480, 11416,
382, 0.381, 3737, 4134, 3483, 11421,
383, 0.382, 3737, 4136, 3487, 11428,
384, 0.383, 3737, 4140, 3492, 11437,
385, 0.384, 3737, 4140, 3493, 11438,
386, 0.385, 3737, 4143, 3497, 11445,
387, 0.386, 3736, 4144, 3499, 11449,
388, 0.387, 3736, 4146, 3501, 11452,
389, 0.388, 3736, 4148, 3505, 11459,
390, 0.389, 3736, 4152, 3511, 11469,
391, 0.39, 3736, 4153, 3512, 11471,
392, 0.391, 3736, 4155, 3515, 11476,
393, 0.392, 3735, 4157, 3518, 11481,
394, 0.393, 3736, 4158, 3519, 11483,
395, 0.394, 3735, 4161, 3525, 11492,
396, 0.395, 3735, 4164, 3530, 11500,
397, 0.396, 3735, 4166, 3531, 11504,
398, 0.397, 3734, 4169, 3536, 11512,
399, 0.398, 3735, 4167, 3533, 11507,
400, 0.399, 3734, 4170, 3538, 11516,
401, 0.4, 3734, 4177, 3549, 11534,
402, 0.401, 3733, 4178, 3550, 11536,
403, 0.402, 3733, 4180, 3552, 11539,
404, 0.403, 3734, 4182, 3555, 11544,
405, 0.404, 3733, 4186, 3562, 11556,
406, 0.405, 3733, 4189, 3566, 11563,
407, 0.406, 3733, 4189, 3567, 11564,
408, 0.407, 3733, 4189, 3567, 11565,
409, 0.408, 3733, 4190, 3568, 11567,
410, 0.409, 3732, 4194, 3575, 11577,
411, 0.41, 3732, 4195, 3576, 11579,
412, 0.411, 3732, 4200, 3584, 11592,
413, 0.412, 3731, 4204, 3590, 11602,
414, 0.413, 3732, 4205, 3590, 11604,
415, 0.414, 3731, 4206, 3594, 11609,
416, 0.415, 3731, 4209, 3598, 11616,
417, 0.416, 3731, 4213, 3604, 11627,
418, 0.417, 3731, 4214, 3605, 11628,
419, 0.418, 3730, 4216, 3608, 11633,
420, 0.419, 3730, 4218, 3611, 11638,
421, 0.42, 3730, 4219, 3612, 11641,
422, 0.421, 3730, 4222, 3617, 11649,
423, 0.422, 3729, 4225, 3622, 11657,
424, 0.423, 3730, 4226, 3624, 11660,
425, 0.424, 3729, 4228, 3627, 11666,
426, 0.425, 3729, 4230, 3630, 11670,
427, 0.426, 3730, 4229, 3627, 11666,
428, 0.427, 3729, 4235, 3637, 11683,
429, 0.428, 3728, 4238, 3642, 11692,
430, 0.429, 3728, 4239, 3643, 11693,
431, 0.43, 3728, 4242, 3648, 11700,
432, 0.431, 3728, 4243, 3650, 11705,
433, 0.432, 3728, 4245, 3652, 11709,
434, 0.433, 3728, 4248, 3657, 11716,
435, 0.434, 3727, 4252, 3663, 11726,
436, 0.435, 3728, 4252, 3663, 11727,
437, 0.436, 3727, 4253, 3666, 11731,
438, 0.437, 3728, 4253, 3665, 11731,
439, 0.438, 3727, 4257, 3671, 11740,
440, 0.439, 3727, 4260, 3676, 11748,
441, 0.44, 3727, 4265, 3683, 11761,
442, 0.441, 3727, 4265, 3683, 11760,
443, 0.442, 3726, 4267, 3687, 11767,
444, 0.443, 3728, 4264, 3681, 11758,
445, 0.444, 3726, 4270, 3692, 11775,
446, 0.445, 3726, 4273, 3696, 11782,
447, 0.446, 3726, 4273, 3696, 11782,
448, 0.447, 3726, 4277, 3701, 11792,
449, 0.448, 3725, 4280, 3707, 11801,
450, 0.449, 3725, 4281, 3709, 11803,
451, 0.45, 3725, 4283, 3712, 11808,
452, 0.451, 3724, 4289, 3720, 11823,
453, 0.452, 3724, 4290, 3721, 11825,
454, 0.453, 3724, 4292, 3725, 11830,
455, 0.454, 3724, 4292, 3725, 11832,
456, 0.455, 3725, 4292, 3725, 11832,
457, 0.456, 3724, 4296, 3731, 11841,
458, 0.457, 3724, 4300, 3738, 11853,
459, 0.458, 3724, 4301, 3739, 11855,
460, 0.459, 3723, 4304, 3743, 11862,
461, 0.46, 3723, 4306, 3747, 11868,
462, 0.461, 3724, 4307, 3748, 11871,
463, 0.462, 3723, 4311, 3753, 11879,
464, 0.463, 3722, 4314, 3759, 11888,
465, 0.464, 3723, 4312, 3755, 11883,
466, 0.465, 3722, 4317, 3763, 11895,
467, 0.466, 3722, 4321, 3768, 11905,
468, 0.467, 3722, 4322, 3770, 11907,
469, 0.468, 3721, 4325, 3775, 11916,
470, 0.469, 3721, 4329, 3781, 11926,
471, 0.47, 3721, 4329, 3781, 11927,
472, 0.471, 3721, 4332, 3786, 11934,
473, 0.472, 3721, 4334, 3789, 11939,
474, 0.473, 3721, 4335, 3791, 11944,
475, 0.474, 3721, 4338, 3795, 11950,
476, 0.475, 3721, 4338, 3796, 11951,
477, 0.476, 3720, 4342, 3802, 11962,
478, 0.477, 3720, 4345, 3806, 11970,
479, 0.478, 3720, 4346, 3808, 11972,
480, 0.479, 3720, 4348, 3811, 11977,
481, 0.48, 3720, 4351, 3815, 11985,
482, 0.481, 3719, 4351, 3815, 11985,
483, 0.482, 3719, 4355, 3821, 11994,
484, 0.483, 3720, 4355, 3820, 11995,
485, 0.484, 3719, 4359, 3826, 12004,
486, 0.485, 3718, 4359, 3828, 12005,
487, 0.486, 3718, 4362, 3832, 12012,
488, 0.487, 3718, 4361, 3831, 12011,
489, 0.488, 3718, 4367, 3839, 12024,
490, 0.489, 3717, 4370, 3844, 12032,
491, 0.49, 3718, 4370, 3845, 12034,
492, 0.491, 3718, 4372, 3848, 12039,
493, 0.492, 3718, 4375, 3852, 12046,
494, 0.493, 3718, 4375, 3851, 12045,
495, 0.494, 3718, 4377, 3855, 12052,
496, 0.495, 3717, 4381, 3861, 12062,
497, 0.496, 3717, 4381, 3862, 12063,
498, 0.497, 3717, 4383, 3865, 12069,
499, 0.498, 3717, 4386, 3868, 12074,
500, 0.499, 3717, 4386, 3868, 12074,
501, 0.5, 3716, 4395, 3883, 12098,
502, 0.501, 3709, 4413, 3914, 12145,
503, 0.502, 3707, 4415, 3918, 12149,
504, 0.503, 3705, 4418, 3924, 12156,
505, 0.504, 3703, 4419, 3928, 12161,
506, 0.505, 3702, 4421, 3930, 12164,
507, 0.506, 3702, 4422, 3932, 12166,
508, 0.507, 3700, 4424, 3937, 12172,
509, 0.508, 3698, 4426, 3941, 12177,
510, 0.509, 3697, 4428, 3944, 12181,
511, 0.51, 3695, 4431, 3950, 12189,
512, 0.511, 3694, 4432, 3953, 12192,
513, 0.512, 3694, 4433, 3959, 12193,
514, 0.513, 3691, 4435, 3960, 12200,
515, 0.514, 3690, 4437, 3963, 12204,
516, 0.515, 3688, 4438, 3965, 12207,
517, 0.516, 3688, 4439, 3966, 12209,
518, 0.517, 3686, 4441, 3971, 12214,
519, 0.518, 3683, 4443, 3977, 12221,
520, 0.519, 3683, 4444, 3978, 12222,
521, 0.52, 3681, 4447, 3984, 12230,
522, 0.521, 3680, 4448, 3986, 12232,
523, 0.522, 3680, 4449, 3987, 12234,
524, 0.523, 3677, 4452, 3995, 12244,
525, 0.524, 3674, 4456, 4003, 12254,
526, 0.525, 3673, 4459, 4008, 12261,
527, 0.526, 3672, 4459, 4009, 12261,
528, 0.527, 3672, 4459, 4008, 12259,
529, 0.528, 3670, 4460, 4011, 12263,
530, 0.529, 3668, 4462, 4016, 12268,
531, 0.53, 3665, 4467, 4025, 12281,
532, 0.531, 3665, 4468, 4026, 12283,
533, 0.532, 3664, 4469, 4029, 12287,
534, 0.533, 3661, 4473, 4036, 12295,
535, 0.534, 3659, 4476, 4042, 12304,
536, 0.535, 3659, 4476, 4043, 12304,
537, 0.536, 3657, 4479, 4048, 12310,
538, 0.537, 3656, 4480, 4051, 12313,
539, 0.538, 3655, 4483, 4055, 12320,
540, 0.539, 3652, 4486, 4061, 12328,
541, 0.54, 3649, 4489, 4069, 12337,
542, 0.541, 3649, 4490, 4069, 12338,
543, 0.542, 3648, 4491, 4072, 12340,
544, 0.543, 3647, 4491, 4074, 12342,
545, 0.544, 3646, 4493, 4077, 12346,
546, 0.545, 3645, 4494, 4079, 12349,
547, 0.546, 3642, 4496, 4084, 12354,
548, 0.547, 3643, 4496, 4084, 12355,
549, 0.548, 3641, 4498, 4088, 12358,
550, 0.549, 3640, 4499, 4090, 12362,
551, 0.55, 3639, 4500, 4093, 12365,
552, 0.551, 3636, 4504, 4100, 12373,
553, 0.552, 3635, 4505, 4102, 12375,
554, 0.553, 3634, 4506, 4105, 12378,
555, 0.554, 3632, 4506, 4107, 12380,
556, 0.555, 3630, 4509, 4112, 12386,
557, 0.556, 3630, 4509, 4113, 12387,
558, 0.557, 3628, 4512, 4117, 12394,
559, 0.558, 3627, 4513, 4119, 12396,
560, 0.559, 3626, 4513, 4121, 12398,
561, 0.56, 3624, 4515, 4125, 12402,
562, 0.561, 3622, 4518, 4131, 12409,
563, 0.562, 3622, 4519, 4132, 12411,
564, 0.563, 3620, 4520, 4135, 12414,
565, 0.564, 3619, 4521, 4137, 12416,
566, 0.565, 3618, 4521, 4139, 12418,
567, 0.566, 3617, 4523, 4143, 12422,
568, 0.567, 3617, 4523, 4143, 12422,
569, 0.568, 3614, 4526, 4148, 12429,
570, 0.569, 3613, 4528, 4152, 12434,
571, 0.57, 3611, 4529, 4154, 12436,
572, 0.571, 3611, 4529, 4155, 12436,
573, 0.572, 3609, 4531, 4159, 12442,
574, 0.573, 3607, 4532, 4162, 12444,
575, 0.574, 3606, 4533, 4165, 12447,
576, 0.575, 3606, 4534, 4167, 12450,
577, 0.576, 3604, 4536, 4171, 12453,
578, 0.577, 3601, 4538, 4176, 12460,
579, 0.578, 3601, 4539, 4177, 12461,
580, 0.579, 3599, 4540, 4181, 12465,
581, 0.58, 3598, 4541, 4182, 12466,
582, 0.581, 3599, 4540, 4180, 12463,
583, 0.582, 3597, 4541, 4183, 12466,
584, 0.583, 3595, 4543, 4187, 12470,
585, 0.584, 3595, 4543, 4187, 12470,
586, 0.585, 3594, 4543, 4188, 12472,
587, 0.586, 3593, 4544, 4191, 12475,
588, 0.587, 3593, 4545, 4192, 12476,
589, 0.588, 3590, 4547, 4197, 12481,
590, 0.589, 3588, 4549, 4202, 12488,
591, 0.59, 3588, 4549, 4202, 12487,
592, 0.591, 3586, 4550, 4205, 12490,
593, 0.592, 3585, 4552, 4208, 12493,
594, 0.593, 3584, 4553, 4209, 12496,
595, 0.594, 3582, 4555, 4214, 12501,
596, 0.595, 3580, 4557, 4219, 12506,
597, 0.596, 3579, 4557, 4220, 12507,
598, 0.597, 3579, 4558, 4222, 12510,
599, 0.598, 3577, 4560, 4225, 12513,
600, 0.599, 3577, 4560, 4226, 12515,
601, 0.6, 3574, 4564, 4234, 12525,
602, 0.601, 3572, 4565, 4237, 12527,
603, 0.602, 3572, 4566, 4238, 12528,
604, 0.603, 3569, 4567, 4241, 12532,
605, 0.604, 3567, 4570, 4247, 12539,
606, 0.605, 3567, 4570, 4247, 12539,
607, 0.606, 3565, 4572, 4251, 12543,
608, 0.607, 3564, 4573, 4254, 12547,
609, 0.608, 3564, 4574, 4255, 12549,
610, 0.609, 3562, 4575, 4259, 12553,
611, 0.61, 3559, 4578, 4264, 12558,
612, 0.611, 3559, 4578, 4265, 12559,
613, 0.612, 3558, 4578, 4266, 12560,
614, 0.613, 3556, 4580, 4270, 12565,
615, 0.614, 3554, 4582, 4274, 12569,
616, 0.615, 3554, 4583, 4275, 12570,
617, 0.616, 3552, 4584, 4279, 12574,
618, 0.617, 3551, 4586, 4282, 12578,
619, 0.618, 3551, 4586, 4282, 12579,
620, 0.619, 3549, 4588, 4287, 12584,
621, 0.62, 3546, 4590, 4292, 12589,
622, 0.621, 3546, 4591, 4293, 12591,
623, 0.622, 3545, 4591, 4294, 12592,
624, 0.623, 3543, 4593, 4298, 12596,
625, 0.624, 3541, 4595, 4303, 12596,
626, 0.625, 3541, 4595, 4303, 12602,
627, 0.626, 3539, 4597, 4307, 12606,
628, 0.627, 3538, 4597, 4309, 12607,
629, 0.628, 3537, 4598, 4311, 12609,
630, 0.629, 3535, 4600, 4314, 12613,
631, 0.63, 3535, 4600, 4315, 12614,
632, 0.631, 3533, 4602, 4319, 12619,
633, 0.632, 3531, 4604, 4324, 12624,
634, 0.633, 3531, 4605, 4325, 12626,
635, 0.634, 3529, 4606, 4328, 12629,
636, 0.635, 3528, 4607, 4331, 12632,
637, 0.636, 3528, 4608, 4332, 12634,
638, 0.637, 3525, 4610, 4337, 12639,
639, 0.638, 3524, 4611, 4340, 12643,
640, 0.639, 3523, 4612, 4342, 12645,
641, 0.64, 3522, 4613, 4343, 12645,
642, 0.641, 3520, 4614, 4346, 12648,
643, 0.642, 3519, 4616, 4350, 12653,
644, 0.643, 3518, 4616, 4351, 12655,
645, 0.644, 3517, 4617, 4353, 12656,
646, 0.645, 3515, 4618, 4356, 12660,
647, 0.646, 3516, 4618, 4356, 12660,
648, 0.647, 3513, 4620, 4360, 12664,
649, 0.648, 3511, 4622, 4365, 12670,
650, 0.649, 3511, 4623, 4365, 12671,
651, 0.65, 3510, 4623, 4367, 12673,
652, 0.651, 3506, 4628, 4376, 12683,
653, 0.652, 3506, 4628, 4377, 12684,
654, 0.653, 3505, 4629, 4379, 12687,
655, 0.654, 3503, 4630, 4382, 12689,
656, 0.655, 3503, 4631, 4383, 12691,
657, 0.656, 3501, 4632, 4387, 12694,
658, 0.657, 3498, 4635, 4393, 12701,
659, 0.658, 3498, 4635, 4393, 12701,
660, 0.659, 3496, 4637, 4397, 12705,
661, 0.66, 3496, 4638, 4399, 12708,
662, 0.661, 3495, 4639, 4401, 12710,
663, 0.662, 3493, 4640, 4404, 12715,
664, 0.663, 3491, 4643, 4410, 12721,
665, 0.664, 3490, 4643, 4410, 12721,
666, 0.665, 3489, 4644, 4412, 12723,
667, 0.666, 3488, 4645, 4414, 12726,
668, 0.667, 3488, 4645, 4415, 12727,
669, 0.668, 3486, 4647, 4419, 12731,
670, 0.669, 3484, 4648, 4423, 12734,
671, 0.67, 3483, 4649, 4424, 12736,
672, 0.671, 3482, 4650, 4427, 12738,
673, 0.672, 3481, 4651, 4429, 12741,
674, 0.673, 3481, 4651, 4429, 12741,
675, 0.674, 3478, 4653, 4434, 12747,
676, 0.675, 3476, 4655, 4438, 12751,
677, 0.676, 3475, 4655, 4439, 12752,
678, 0.677, 3475, 4656, 4441, 12754,
679, 0.678, 3473, 4658, 4445, 12758,
680, 0.679, 3472, 4659, 4448, 12762,
681, 0.68, 3470, 4660, 4450, 12763,
682, 0.681, 3470, 4661, 4452, 12766,
683, 0.682, 3469, 4662, 4455, 12770,
684, 0.683, 3468, 4662, 4455, 12769,
685, 0.684, 3465, 4664, 4460, 12774,
686, 0.685, 3463, 4666, 4465, 12779,
687, 0.686, 3463, 4666, 4465, 12779,
688, 0.687, 3461, 4668, 4468, 12783,
689, 0.688, 3460, 4669, 4470, 12786,
690, 0.689, 3460, 4669, 4472, 12787,
691, 0.69, 3458, 4671, 4476, 12793,
692, 0.691, 3455, 4674, 4481, 12799,
693, 0.692, 3455, 4674, 4482, 12800,
694, 0.693, 3454, 4676, 4485, 12803,
695, 0.694, 3453, 4677, 4487, 12805,
696, 0.695, 3452, 4677, 4489, 12807,
697, 0.696, 3450, 4679, 4493, 12811,
698, 0.697, 3447, 4682, 4498, 12818,
699, 0.698, 3448, 4682, 4498, 12818,
700, 0.699, 3446, 4682, 4500, 12820,
701, 0.7, 3445, 4684, 4504, 12824,
702, 0.701, 3442, 4686, 4509, 12830,
703, 0.702, 3442, 4688, 4512, 12833,
704, 0.703, 3439, 4689, 4515, 12836,
705, 0.704, 3439, 4690, 4516, 12838,
706, 0.705, 3437, 4692, 4521, 12844,
707, 0.706, 3435, 4694, 4526, 12849,
708, 0.707, 3434, 4695, 4527, 12850,
709, 0.708, 3433, 4696, 4530, 12853,
710, 0.709, 3432, 4697, 4532, 12856,
711, 0.71, 3431, 4697, 4532, 12856,
712, 0.711, 3429, 4699, 4538, 12862,
713, 0.712, 3427, 4701, 4542, 12866,
714, 0.713, 3426, 4701, 4543, 12867,
715, 0.714, 3426, 4702, 4545, 12870,
716, 0.715, 3424, 4704, 4549, 12873,
717, 0.716, 3422, 4704, 4551, 12875,
718, 0.717, 3422, 4705, 4551, 12876,
719, 0.718, 3421, 4706, 4553, 12879,
720, 0.719, 3419, 4707, 4557, 12881,
721, 0.72, 3419, 4708, 4558, 12883,
722, 0.721, 3416, 4710, 4562, 12887,
723, 0.722, 3414, 4712, 4567, 12893,
724, 0.723, 3414, 4713, 4569, 12896,
725, 0.724, 3413, 4713, 4570, 12897,
726, 0.725, 3411, 4715, 4574, 12901,
727, 0.726, 3408, 4717, 4579, 12907,
728, 0.727, 3408, 4717, 4579, 12907,
729, 0.728, 3406, 4719, 4583, 12911,
730, 0.729, 3405, 4720, 4585, 12914,
731, 0.73, 3405, 4720, 4586, 12914,
732, 0.731, 3403, 4722, 4591, 12919,
733, 0.732, 3401, 4724, 4595, 12924,
734, 0.733, 3400, 4724, 4596, 12925,
735, 0.734, 3399, 4726, 4599, 12929,
736, 0.735, 3397, 4727, 4602, 12932,
737, 0.736, 3397, 4728, 4603, 12934,
738, 0.737, 3395, 4730, 4608, 12939,
739, 0.738, 3393, 4732, 4612, 12944,
740, 0.739, 3392, 4733, 4614, 12945,
741, 0.74, 3391, 4733, 4616, 12947,
742, 0.741, 3389, 4735, 4620, 12951,
743, 0.742, 3387, 4738, 4625, 12958,
744, 0.743, 3387, 4738, 4625, 12957,
745, 0.744, 3385, 4739, 4629, 12962,
746, 0.745, 3384, 4740, 4631, 12964,
747, 0.746, 3383, 4741, 4633, 12966,
748, 0.747, 3381, 4743, 4637, 12970,
749, 0.748, 3379, 4745, 4642, 12976,
750, 0.749, 3378, 4746, 4643, 12978,
751, 0.75, 3377, 4746, 4646, 12980,
752, 0.751, 3373, 4750, 4654, 12989,
753, 0.752, 3373, 4750, 4654, 12989,
754, 0.753, 3372, 4751, 4656, 12992,
755, 0.754, 3370, 4753, 4660, 12996,
756, 0.755, 3370, 4754, 4662, 12999,
757, 0.756, 3367, 4755, 4665, 13001,
758, 0.757, 3365, 4758, 4671, 13007,
759, 0.758, 3365, 4758, 4671, 13008,
760, 0.759, 3363, 4759, 4674, 13012,
761, 0.76, 3362, 4760, 4677, 13014,
762, 0.761, 3361, 4761, 4679, 13016,
763, 0.762, 3359, 4763, 4682, 13021,
764, 0.763, 3356, 4765, 4688, 13027,
765, 0.764, 3356, 4765, 4688, 13026,
766, 0.765, 3355, 4766, 4691, 13030,
767, 0.766, 3354, 4768, 4693, 13032,
768, 0.767, 3353, 4768, 4695, 13035,
769, 0.768, 3351, 4770, 4699, 13039,
770, 0.769, 3349, 4772, 4704, 13044,
771, 0.77, 3348, 4772, 4705, 13045,
772, 0.771, 3347, 4774, 4708, 13048,
773, 0.772, 3345, 4775, 4710, 13051,
774, 0.773, 3345, 4775, 4712, 13053,
775, 0.774, 3343, 4777, 4716, 13058,
776, 0.775, 3341, 4780, 4722, 13064,
777, 0.776, 3340, 4780, 4722, 13064,
778, 0.777, 3339, 4781, 4725, 13067,
779, 0.778, 3337, 4782, 4727, 13070,
780, 0.779, 3334, 4785, 4733, 13075,
781, 0.78, 3335, 4785, 4733, 13076,
782, 0.781, 3332, 4786, 4737, 13080,
783, 0.782, 3332, 4787, 4739, 13082,
784, 0.783, 3330, 4788, 4742, 13085,
785, 0.784, 3329, 4790, 4744, 13088,
786, 0.785, 3328, 4790, 4746, 13090,
787, 0.786, 3326, 4792, 4750, 13093,
788, 0.787, 3324, 4794, 4754, 13099,
789, 0.788, 3324, 4794, 4755, 13100,
790, 0.789, 3322, 4796, 4758, 13103,
791, 0.79, 3321, 4797, 4761, 13107,
792, 0.791, 3321, 4797, 4762, 13107,
793, 0.792, 3318, 4800, 4767, 13113,
794, 0.793, 3316, 4802, 4771, 13118,
795, 0.794, 3315, 4802, 4773, 13119,
796, 0.795, 3314, 4803, 4775, 13122,
797, 0.796, 3312, 4804, 4778, 13124,
798, 0.797, 3312, 4805, 4778, 13125,
799, 0.798, 3310, 4807, 4784, 13132,
800, 0.799, 3308, 4808, 4787, 13136,
801, 0.8, 3305, 4812, 4794, 13143,
802, 0.801, 3305, 4812, 4796, 13144,
803, 0.802, 3303, 4813, 4797, 13146,
804, 0.803, 3301, 4814, 4800, 13148,
805, 0.804, 3301, 4814, 4801, 13150,
806, 0.805, 3299, 4816, 4806, 13155,
807, 0.806, 3296, 4818, 4811, 13159,
808, 0.807, 3296, 4819, 4812, 13161,
809, 0.808, 3294, 4820, 4815, 13165,
810, 0.809, 3293, 4822, 4818, 13168,
811, 0.81, 3293, 4823, 4820, 13170,
812, 0.811, 3291, 4824, 4823, 13174,
813, 0.812, 3290, 4824, 4824, 13175,
814, 0.813, 3288, 4826, 4829, 13180,
815, 0.814, 3286, 4828, 4833, 13185,
816, 0.815, 3285, 4829, 4835, 13187,
817, 0.816, 3284, 4830, 4838, 13190,
818, 0.817, 3282, 4831, 4840, 13192,
819, 0.818, 3282, 4832, 4841, 13194,
820, 0.819, 3280, 4834, 4846, 13199,
821, 0.82, 3277, 4836, 4850, 13203,
822, 0.821, 3277, 4836, 4851, 13203,
823, 0.822, 3275, 4837, 4854, 13206,
824, 0.823, 3274, 4838, 4856, 13209,
825, 0.824, 3273, 4839, 4857, 13211,
826, 0.825, 3271, 4841, 4862, 13217,
827, 0.826, 3269, 4843, 4867, 13221,
828, 0.827, 3268, 4843, 4868, 13222,
829, 0.828, 3267, 4845, 4871, 13225,
830, 0.829, 3266, 4847, 4874, 13230,
831, 0.83, 3265, 4846, 4875, 13229,
832, 0.831, 3263, 4848, 4879, 13233,
833, 0.832, 3260, 4851, 4884, 13240,
834, 0.833, 3260, 4850, 4884, 13239,
835, 0.834, 3258, 4852, 4888, 13243,
836, 0.835, 3257, 4852, 4890, 13245,
837, 0.836, 3257, 4853, 4891, 13247,
838, 0.837, 3254, 4855, 4895, 13251,
839, 0.838, 3252, 4857, 4901, 13257,
840, 0.839, 3252, 4857, 4901, 13258,
841, 0.84, 3250, 4859, 4905, 13262,
842, 0.841, 3250, 4861, 4908, 13266,
843, 0.842, 3248, 4861, 4909, 13267,
844, 0.843, 3246, 4863, 4912, 13270,
845, 0.844, 3244, 4865, 4917, 13275,
846, 0.845, 3244, 4865, 4918, 13276,
847, 0.846, 3242, 4866, 4921, 13279,
848, 0.847, 3241, 4867, 4923, 13282,
849, 0.848, 3240, 4868, 4925, 13284,
850, 0.849, 3238, 4870, 4929, 13288,
851, 0.85, 3235, 4872, 4935, 13294,
852, 0.851, 3234, 4873, 4937, 13296,
853, 0.852, 3232, 4874, 4940, 13299,
854, 0.853, 3230, 4877, 4945, 13304,
855, 0.854, 3230, 4877, 4946, 13306,
856, 0.855, 3228, 4878, 4948, 13308,
857, 0.856, 3227, 4879, 4951, 13312,
858, 0.857, 3226, 4879, 4952, 13312,
859, 0.858, 3224, 4881, 4957, 13317,
860, 0.859, 3221, 4883, 4962, 13322,
861, 0.86, 3221, 4884, 4962, 13322,
862, 0.861, 3220, 4885, 4965, 13325,
863, 0.862, 3218, 4886, 4967, 13327,
864, 0.863, 3218, 4887, 4969, 13329,
865, 0.864, 3215, 4888, 4973, 13333,
866, 0.865, 3213, 4890, 4978, 13339,
867, 0.866, 3212, 4890, 4978, 13339,
868, 0.867, 3211, 4893, 4982, 13345,
869, 0.868, 3210, 4892, 4983, 13345,
870, 0.869, 3209, 4894, 4986, 13347,
871, 0.87, 3207, 4895, 4989, 13350,
872, 0.871, 3207, 4895, 4989, 13351,
873, 0.872, 3204, 4897, 4994, 13356,
874, 0.873, 3202, 4899, 4998, 13360,
875, 0.874, 3202, 4900, 5000, 13362,
876, 0.875, 3200, 4901, 5002, 13365,
877, 0.876, 3199, 4902, 5006, 13369,
878, 0.877, 3196, 4905, 5011, 13375,
879, 0.878, 3196, 4905, 5012, 13375,
880, 0.879, 3194, 4906, 5014, 13378,
881, 0.88, 3193, 4907, 5017, 13380,
882, 0.881, 3193, 4908, 5018, 13382,
883, 0.882, 3191, 4909, 5022, 13386,
884, 0.883, 3188, 4912, 5028, 13393,
885, 0.884, 3188, 4912, 5029, 13394,
886, 0.885, 3186, 4914, 5032, 13397,
887, 0.886, 3185, 4914, 5033, 13397,
888, 0.887, 3185, 4915, 5036, 13401,
889, 0.888, 3182, 4917, 5039, 13405,
890, 0.889, 3180, 4918, 5043, 13409,
891, 0.89, 3179, 4919, 5044, 13410,
892, 0.891, 3178, 4920, 5046, 13412,
893, 0.892, 3177, 4921, 5049, 13415,
894, 0.893, 3174, 4923, 5055, 13421,
895, 0.894, 3174, 4923, 5055, 13421,
896, 0.895, 3172, 4925, 5059, 13426,
897, 0.896, 3171, 4926, 5061, 13427,
898, 0.897, 3171, 4926, 5062, 13429,
899, 0.898, 3168, 4928, 5066, 13433,
900, 0.899, 3166, 4930, 5071, 13438,
901, 0.9, 3166, 4931, 5072, 13440,
902, 0.901, 3164, 4932, 5075, 13443,
903, 0.902, 3160, 4935, 5082, 13449,
904, 0.903, 3160, 4935, 5083, 13451,
905, 0.904, 3159, 4936, 5085, 13453,
906, 0.905, 3157, 4937, 5088, 13456,
907, 0.906, 3157, 4938, 5088, 13457,
908, 0.907, 3155, 4940, 5094, 13462,
909, 0.908, 3152, 4942, 5098, 13466,
910, 0.909, 3152, 4942, 5099, 13467,
911, 0.91, 3151, 4943, 5101, 13470,
912, 0.911, 3149, 4944, 5104, 13473,
913, 0.912, 3146, 4946, 5109, 13478,
914, 0.913, 3146, 4946, 5110, 13479,
915, 0.914, 3144, 4948, 5113, 13483,
916, 0.915, 3143, 4948, 5115, 13483,
917, 0.916, 3143, 4950, 5117, 13487,
918, 0.917, 3141, 4951, 5120, 13490,
919, 0.918, 3138, 4953, 5125, 13495,
920, 0.919, 3138, 4954, 5126, 13496,
921, 0.92, 3136, 4955, 5129, 13499,
922, 0.921, 3135, 4955, 5131, 13500,
923, 0.922, 3134, 4957, 5133, 13504,
924, 0.923, 3132, 4958, 5137, 13508,
925, 0.924, 3132, 4958, 5137, 13508,
926, 0.925, 3129, 4960, 5142, 13512,
927, 0.926, 3127, 4961, 5145, 13516,
928, 0.927, 3126, 4962, 5148, 13518,
929, 0.928, 3126, 4962, 5148, 13518,
930, 0.929, 3123, 4964, 5152, 13522,
931, 0.93, 3122, 4966, 5157, 13528,
932, 0.931, 3121, 4967, 5158, 13530,
933, 0.932, 3120, 4968, 5161, 13532,
934, 0.933, 3118, 4969, 5164, 13534,
935, 0.934, 3118, 4969, 5163, 13535,
936, 0.935, 3115, 4971, 5169, 13540,
937, 0.936, 3113, 4973, 5173, 13544,
938, 0.937, 3112, 4973, 5174, 13545,
939, 0.938, 3111, 4974, 5175, 13547,
940, 0.939, 3109, 4975, 5179, 13550,
941, 0.94, 3107, 4977, 5183, 13555,
942, 0.941, 3107, 4978, 5185, 13557,
943, 0.942, 3105, 4979, 5187, 13560,
944, 0.943, 3104, 4980, 5190, 13563,
945, 0.944, 3104, 4980, 5191, 13563,
946, 0.945, 3101, 4983, 5196, 13569,
947, 0.946, 3099, 4984, 5199, 13572,
948, 0.947, 3098, 4984, 5201, 13572,
949, 0.948, 3097, 4985, 5203, 13575,
950, 0.949, 3095, 4987, 5206, 13579,
951, 0.95, 3093, 4989, 5212, 13585,
952, 0.951, 3092, 4990, 5214, 13587,
953, 0.952, 3090, 4991, 5217, 13590,
954, 0.953, 3087, 4993, 5222, 13595,
955, 0.954, 3087, 4994, 5222, 13596,
956, 0.955, 3086, 4995, 5225, 13599,
957, 0.956, 3084, 4996, 5228, 13602,
958, 0.957, 3084, 4996, 5228, 13602,
959, 0.958, 3082, 4998, 5234, 13608,
960, 0.959, 3079, 5000, 5238, 13612,
961, 0.96, 3079, 5001, 5239, 13614,
962, 0.961, 3077, 5002, 5242, 13616,
963, 0.962, 3076, 5003, 5244, 13619,
964, 0.963, 3077, 5004, 5246, 13622,
965, 0.964, 3073, 5005, 5250, 13624,
966, 0.965, 3071, 5006, 5253, 13628,
967, 0.966, 3071, 5007, 5255, 13630,
968, 0.967, 3070, 5008, 5257, 13631,
969, 0.968, 3067, 5009, 5260, 13635,
970, 0.969, 3067, 5009, 5261, 13635,
971, 0.97, 3065, 5011, 5265, 13640,
972, 0.971, 3063, 5013, 5269, 13645,
973, 0.972, 3062, 5014, 5271, 13647,
974, 0.973, 3061, 5015, 5274, 13649,
975, 0.974, 3059, 5016, 5277, 13652,
976, 0.975, 3059, 5016, 5276, 13652,
977, 0.976, 3056, 5018, 5282, 13657,
978, 0.977, 3054, 5020, 5286, 13662,
979, 0.978, 3054, 5021, 5287, 13663,
980, 0.979, 3052, 5021, 5289, 13665,
981, 0.98, 3051, 5023, 5292, 13668,
982, 0.981, 3051, 5023, 5293, 13669,
983, 0.982, 3048, 5025, 5298, 13673,
984, 0.983, 3046, 5027, 5302, 13678,
985, 0.984, 3045, 5027, 5303, 13680,
986, 0.985, 3043, 5028, 5306, 13681,
987, 0.986, 3042, 5029, 5308, 13684,
988, 0.987, 3040, 5031, 5313, 13689,
989, 0.988, 3040, 5031, 5314, 13690,
990, 0.989, 3039, 5033, 5317, 13694,
991, 0.99, 3037, 5034, 5319, 13696,
992, 0.991, 3036, 5034, 5320, 13698,
993, 0.992, 3034, 5036, 5324, 13701,
994, 0.993, 3032, 5038, 5329, 13705,
995, 0.994, 3031, 5038, 5330, 13706,
996, 0.995, 3030, 5040, 5333, 13710,
997, 0.996, 3029, 5040, 5335, 13712,
998, 0.997, 3028, 5041, 5337, 13714,
999, 0.998, 3026, 5042, 5340, 13716,
1000, 0.999, 3024, 5044, 5344, 13721,
