1, 0.0, 6501, 5343, 3634, 15430,
2, 0.001, 52589, 43458, 29550, 65535,
3, 0.002, 52533, 43344, 29471, 65535,
4, 0.003, 52508, 43290, 29437, 65535,
5, 0.004, 52498, 43255, 29411, 65535,
6, 0.005, 52482, 43266, 29452, 65535,
7, 0.006, 52464, 43264, 29473, 65535,
8, 0.007, 52451, 43263, 29485, 65535,
9, 0.008, 52453, 43306, 29552, 65535,
10, 0.009, 52436, 43290, 29545, 65535,
11, 0.01, 52430, 43330, 29612, 65535,
12, 0.011, 52427, 43330, 29615, 65535,
13, 0.012, 52422, 43336, 29630, 65535,
14, 0.013, 52422, 43378, 29693, 65535,
15, 0.014, 52412, 43417, 29754, 65535,
16, 0.015, 52412, 43426, 29768, 65535,
17, 0.016, 52409, 43446, 29800, 65535,
18, 0.017, 52405, 43476, 29847, 65535,
19, 0.018, 52406, 43485, 29861, 65535,
20, 0.019, 52404, 43532, 29931, 65535,
21, 0.02, 52400, 43584, 30007, 65535,
22, 0.021, 52402, 43589, 30014, 65535,
23, 0.022, 52397, 43618, 30056, 65535,
24, 0.023, 52394, 43641, 30095, 65535,
25, 0.024, 52396, 43657, 30117, 65535,
26, 0.025, 52389, 43698, 30178, 65535,
27, 0.026, 52389, 43753, 30263, 65535,
28, 0.027, 52394, 43756, 30264, 65535,
29, 0.028, 52384, 43787, 30314, 65535,
30, 0.029, 52384, 43809, 30343, 65535,
31, 0.03, 52379, 43829, 30378, 65535,
32, 0.031, 52378, 43862, 30427, 65535,
33, 0.032, 52382, 43923, 30513, 65535,
34, 0.033, 52386, 43927, 30518, 65535,
35, 0.034, 52377, 43960, 30572, 65535,
36, 0.035, 52381, 43981, 30599, 65535,
37, 0.036, 52380, 44008, 30638, 65535,
38, 0.037, 52380, 44038, 30680, 65535,
39, 0.038, 52384, 44090, 30755, 65535,
40, 0.039, 52386, 44100, 30769, 65535,
41, 0.04, 52380, 44134, 30819, 65535,
42, 0.041, 52381, 44157, 30852, 65535,
43, 0.042, 52382, 44179, 30883, 65535,
44, 0.043, 52379, 44219, 30943, 65535,
45, 0.044, 52378, 44275, 31025, 65535,
46, 0.045, 52383, 44279, 31029, 65535,
47, 0.046, 52382, 44323, 31092, 65535,
48, 0.047, 52386, 44343, 31118, 65535,
49, 0.048, 52384, 44367, 31156, 65535,
50, 0.049, 52384, 44403, 31205, 65535,
51, 0.05, 52385, 44462, 31290, 65535,
52, 0.051, 52391, 44478, 31308, 65535,
53, 0.052, 52390, 44526, 31378, 65535,
54, 0.053, 52389, 44569, 31442, 65535,
55, 0.054, 52393, 44585, 31463, 65535,
56, 0.055, 52396, 44616, 31506, 65535,
57, 0.056, 52398, 44649, 31553, 65535,
58, 0.057, 52404, 44654, 31557, 65535,
59, 0.058, 52408, 44711, 31642, 65535,
60, 0.059, 52407, 44737, 31678, 65535,
61, 0.06, 52407, 44771, 31726, 65535,
62, 0.061, 52415, 44788, 31749, 65535,
63, 0.062, 52410, 44829, 31813, 65535,
64, 0.063, 52410, 44888, 31899, 65535,
65, 0.064, 52413, 44894, 31903, 65535,
66, 0.065, 52424, 44924, 31942, 65535,
67, 0.066, 52408, 44945, 31983, 65535,
68, 0.067, 52410, 44996, 32058, 65535,
69, 0.068, 52412, 45009, 32074, 65535,
70, 0.069, 52414, 45043, 32123, 65535,
71, 0.07, 52414, 45065, 32158, 65535,
72, 0.071, 52415, 45088, 32192, 65535,
73, 0.072, 52414, 45128, 32247, 65535,
74, 0.073, 52414, 45178, 32320, 65535,
75, 0.074, 52416, 45184, 32329, 65535,
76, 0.075, 52412, 45227, 32392, 65535,
77, 0.076, 52415, 45244, 32417, 65535,
78, 0.077, 52416, 45285, 32474, 65535,
79, 0.078, 52415, 45302, 32502, 65535,
80, 0.079, 52419, 45326, 32535, 65535,
81, 0.08, 52420, 45365, 32590, 65535,
82, 0.081, 52424, 45378, 32607, 65535,
83, 0.082, 52420, 45426, 32677, 65535,
84, 0.083, 52415, 45475, 32753, 65535,
85, 0.084, 52415, 45480, 32760, 65535,
86, 0.085, 52409, 45510, 32809, 65535,
87, 0.086, 52408, 45533, 32843, 65535,
88, 0.087, 52410, 45546, 32856, 65535,
89, 0.088, 52401, 45586, 32924, 65535,
90, 0.089, 52398, 45641, 33003, 65535,
91, 0.09, 52403, 45649, 33013, 65535,
92, 0.091, 52403, 45690, 33072, 65535,
93, 0.092, 52404, 45710, 33101, 65535,
94, 0.093, 52401, 45728, 33133, 65535,
95, 0.094, 52395, 45761, 33181, 65535,
96, 0.095, 52397, 45769, 33193, 65535,
97, 0.096, 52391, 45816, 33262, 65535,
98, 0.097, 52385, 45849, 33312, 65535,
99, 0.098, 52379, 45865, 33339, 65535,
100, 0.099, 52376, 45923, 33427, 65535,
101, 0.1, 52386, 45950, 33459, 65535,
102, 0.101, 52370, 45976, 33510, 65535,
103, 0.102, 52370, 45980, 33513, 65535,
104, 0.103, 52366, 46034, 33595, 65535,
105, 0.104, 52363, 46079, 33662, 65535,
106, 0.105, 52375, 46099, 33685, 65535,
107, 0.106, 52362, 46121, 33727, 65535,
108, 0.107, 52366, 46150, 33767, 65535,
109, 0.108, 52364, 46166, 33789, 65535,
110, 0.109, 52368, 46200, 33835, 65535,
111, 0.11, 52366, 46210, 33855, 65535,
112, 0.111, 52354, 46259, 33931, 65535,
113, 0.112, 52357, 46296, 33985, 65535,
114, 0.113, 52355, 46318, 34015, 65535,
115, 0.114, 52358, 46336, 34039, 65535,
116, 0.115, 52360, 46379, 34101, 65535,
117, 0.116, 52357, 46419, 34162, 65535,
118, 0.117, 52362, 46435, 34177, 65535,
119, 0.118, 52357, 46477, 34244, 65535,
120, 0.119, 52354, 46501, 34278, 65535,
121, 0.12, 52356, 46509, 34290, 65535,
122, 0.121, 52359, 46555, 34353, 65535,
123, 0.122, 52356, 46582, 34393, 65535,
124, 0.123, 52348, 46611, 34442, 65535,
125, 0.124, 52353, 46624, 34457, 65535,
126, 0.125, 52347, 46673, 34530, 65535,
127, 0.126, 52350, 46735, 34622, 65535,
128, 0.127, 52354, 46738, 34625, 65535,
129, 0.128, 52344, 46767, 34673, 65535,
130, 0.129, 52341, 46788, 34703, 65535,
131, 0.13, 52345, 46801, 34721, 65535,
132, 0.131, 52332, 46840, 34784, 65535,
133, 0.132, 52328, 46889, 34861, 65535,
134, 0.133, 52332, 46900, 34872, 65535,
135, 0.134, 52326, 46922, 34908, 65535,
136, 0.135, 52320, 46950, 34951, 65535,
137, 0.136, 52319, 47009, 35039, 65535,
138, 0.137, 52320, 47009, 35037, 65535,
139, 0.138, 52315, 47038, 35084, 65535,
140, 0.139, 52311, 47061, 35122, 65535,
141, 0.14, 52314, 47080, 35147, 65535,
142, 0.141, 52312, 47121, 35208, 65535,
143, 0.142, 52305, 47167, 35277, 65535,
144, 0.143, 52301, 47173, 35289, 65535,
145, 0.144, 52300, 47206, 35337, 65535,
146, 0.145, 52293, 47224, 35368, 65535,
147, 0.146, 52285, 47273, 35444, 65535,
148, 0.147, 52281, 47277, 35453, 65535,
149, 0.148, 52281, 47290, 35471, 65535,
150, 0.149, 52276, 47334, 35537, 65535,
151, 0.15, 52269, 47380, 35613, 65535,
152, 0.151, 52272, 47400, 35640, 65535,
153, 0.152, 52263, 47437, 35697, 65535,
154, 0.153, 52261, 47484, 35768, 65535,
155, 0.154, 52267, 47498, 35785, 65535,
156, 0.155, 52256, 47509, 35806, 65535,
157, 0.156, 52246, 47542, 35860, 65535,
158, 0.157, 52245, 47592, 35933, 65535,
159, 0.158, 52239, 47595, 35941, 65535,
160, 0.159, 52234, 47614, 35973, 65535,
161, 0.16, 52232, 47648, 36023, 65535,
162, 0.161, 52231, 47655, 36032, 65535,
163, 0.162, 52225, 47702, 36105, 65535,
164, 0.163, 52222, 47738, 36160, 65535,
165, 0.164, 52223, 47759, 36190, 65535,
166, 0.165, 52223, 47772, 36210, 65535,
167, 0.166, 52227, 47818, 36276, 65535,
168, 0.167, 52224, 47852, 36322, 65535,
169, 0.168, 52222, 47877, 36358, 65535,
170, 0.169, 52214, 47928, 36440, 65535,
171, 0.17, 52215, 47930, 36442, 65535,
172, 0.171, 52213, 47970, 36500, 65535,
173, 0.172, 52224, 47996, 36532, 65535,
174, 0.173, 52210, 48006, 36553, 65535,
175, 0.174, 52204, 48043, 36610, 65535,
176, 0.175, 52197, 48084, 36674, 65535,
177, 0.176, 52193, 48092, 36690, 65535,
178, 0.177, 52193, 48105, 36710, 65535,
179, 0.178, 52191, 48153, 36780, 65535,
180, 0.179, 52188, 48197, 36844, 65535,
181, 0.18, 52190, 48209, 36863, 65535,
182, 0.181, 52187, 48221, 36881, 65535,
183, 0.182, 52179, 48257, 36938, 65535,
184, 0.183, 52176, 48309, 37016, 65535,
185, 0.184, 52176, 48315, 37024, 65535,
186, 0.185, 52171, 48338, 37062, 65535,
187, 0.186, 52166, 48370, 37108, 65535,
188, 0.187, 52169, 48383, 37127, 65535,
189, 0.188, 52159, 48422, 37190, 65535,
190, 0.189, 52156, 48465, 37253, 65535,
191, 0.19, 52157, 48480, 37274, 65535,
192, 0.191, 52155, 48497, 37299, 65535,
193, 0.192, 52151, 48533, 37354, 65535,
194, 0.193, 52151, 48537, 37362, 65535,
195, 0.194, 52148, 48591, 37441, 65535,
196, 0.195, 52139, 48627, 37497, 65535,
197, 0.196, 52145, 48650, 37527, 65535,
198, 0.197, 52137, 48658, 37545, 65535,
199, 0.198, 52132, 48695, 37601, 65535,
200, 0.199, 52138, 48708, 37613, 65535,
201, 0.2, 52127, 48767, 37707, 65535,
202, 0.201, 52126, 48810, 37771, 65535,
203, 0.202, 52125, 48864, 37848, 65535,
204, 0.203, 52130, 48873, 37862, 65535,
205, 0.204, 52125, 48893, 37892, 65535,
206, 0.205, 52122, 48925, 37941, 65535,
207, 0.206, 52117, 48980, 38022, 65535,
208, 0.207, 52119, 48984, 38024, 65535,
209, 0.208, 52109, 49022, 38085, 65535,
210, 0.209, 52110, 49034, 38103, 65535,
211, 0.21, 52109, 49066, 38150, 65535,
212, 0.211, 52109, 49093, 38189, 65535,
213, 0.212, 52111, 49097, 38196, 65535,
214, 0.213, 52103, 49148, 38275, 65535,
215, 0.214, 52102, 49194, 38341, 65535,
216, 0.215, 52103, 49207, 38358, 65535,
217, 0.216, 52103, 49234, 38396, 65535,
218, 0.217, 52099, 49268, 38449, 65535,
219, 0.218, 52097, 49318, 38525, 65535,
220, 0.219, 52100, 49324, 38531, 65535,
221, 0.22, 52091, 49346, 38569, 65535,
222, 0.221, 52089, 49375, 38612, 65535,
223, 0.222, 52090, 49378, 38616, 65535,
224, 0.223, 52084, 49430, 38693, 65535,
225, 0.224, 52074, 49462, 38747, 65535,
226, 0.225, 52074, 49483, 38777, 65535,
227, 0.226, 52072, 49483, 38776, 65535,
228, 0.227, 52068, 49538, 38861, 65535,
229, 0.228, 52064, 49580, 38924, 65535,
230, 0.229, 52062, 49590, 38940, 65535,
231, 0.23, 52060, 49608, 38970, 65535,
232, 0.231, 52055, 49642, 39019, 65535,
233, 0.232, 52059, 49646, 39022, 65535,
234, 0.233, 52070, 49715, 39117, 65535,
235, 0.234, 52064, 49743, 39160, 65535,
236, 0.235, 52055, 49763, 39195, 65535,
237, 0.236, 52061, 49770, 39202, 65535,
238, 0.237, 52054, 49823, 39283, 65535,
239, 0.238, 52049, 49857, 39334, 65535,
240, 0.239, 52052, 49877, 39364, 65535,
241, 0.24, 52057, 49893, 39384, 65535,
242, 0.241, 52049, 49937, 39450, 65535,
243, 0.242, 52043, 49986, 39526, 65535,
244, 0.243, 52047, 49995, 39539, 65535,
245, 0.244, 52043, 50009, 39561, 65535,
246, 0.245, 52047, 50055, 39626, 65535,
247, 0.246, 52041, 50102, 39698, 65535,
248, 0.247, 52061, 50126, 39718, 65535,
249, 0.248, 52039, 50129, 39737, 65535,
250, 0.249, 52033, 50160, 39788, 65535,
251, 0.25, 52031, 50213, 39864, 65535,
252, 0.251, 52029, 50222, 39876, 65535,
253, 0.252, 52033, 50283, 39963, 65535,
254, 0.253, 52023, 50307, 40003, 65535,
255, 0.254, 52024, 50334, 40043, 65535,
256, 0.255, 52025, 50343, 40054, 65535,
257, 0.256, 52026, 50394, 40129, 65535,
258, 0.257, 52017, 50442, 40202, 65535,
259, 0.258, 52017, 50444, 40209, 65535,
260, 0.259, 52014, 50473, 40252, 65535,
261, 0.26, 52008, 50498, 40294, 65535,
262, 0.261, 52013, 50516, 40314, 65535,
263, 0.262, 52010, 50562, 40384, 65535,
264, 0.263, 52007, 50600, 40440, 65535,
265, 0.264, 52005, 50617, 40467, 65535,
266, 0.265, 52006, 50635, 40492, 65535,
267, 0.266, 51998, 50672, 40549, 65535,
268, 0.267, 51993, 50718, 40621, 65535,
269, 0.268, 51991, 50724, 40629, 65535,
270, 0.269, 51986, 50743, 40661, 65535,
271, 0.27, 51985, 50778, 40710, 65535,
272, 0.271, 51988, 50785, 40717, 65535,
273, 0.272, 51982, 50838, 40801, 65535,
274, 0.273, 51977, 50872, 40853, 65535,
275, 0.274, 51975, 50889, 40878, 65535,
276, 0.275, 51973, 50911, 40913, 65535,
277, 0.276, 51965, 50939, 40958, 65535,
278, 0.277, 51968, 50949, 40969, 65535,
279, 0.278, 51964, 50999, 41044, 65535,
280, 0.279, 51968, 51039, 41102, 65535,
281, 0.28, 51959, 51056, 41131, 65535,
282, 0.281, 51955, 51061, 41142, 65535,
283, 0.282, 51948, 51105, 41207, 65535,
284, 0.283, 51945, 51159, 41288, 65535,
285, 0.284, 51947, 51162, 41295, 65535,
286, 0.285, 51943, 51187, 41331, 65535,
287, 0.286, 51941, 51215, 41373, 65535,
288, 0.287, 51946, 51223, 41383, 65535,
289, 0.288, 51936, 51273, 41459, 65535,
290, 0.289, 51933, 51315, 41523, 65535,
291, 0.29, 51931, 51328, 41542, 65535,
292, 0.291, 51936, 51341, 41560, 65535,
293, 0.292, 51934, 51388, 41630, 65535,
294, 0.293, 51927, 51438, 41707, 65535,
295, 0.294, 51928, 51444, 41713, 65535,
296, 0.295, 51922, 51479, 41769, 65535,
297, 0.296, 51926, 51505, 41800, 65535,
298, 0.297, 51919, 51521, 41829, 65535,
299, 0.298, 51911, 51551, 41879, 65535,
300, 0.299, 51914, 51599, 41947, 65535,
301, 0.3, 51907, 51664, 42045, 65535,
302, 0.301, 51914, 51672, 42053, 65535,
303, 0.302, 51909, 51697, 42091, 65535,
304, 0.303, 51904, 51722, 42133, 65535,
305, 0.304, 51899, 51776, 42213, 65535,
306, 0.305, 51903, 51781, 42220, 65535,
307, 0.306, 51900, 51801, 42248, 65535,
308, 0.307, 51896, 51839, 42302, 65535,
309, 0.308, 51894, 51889, 42378, 65535,
310, 0.309, 51890, 51891, 42385, 65535,
311, 0.31, 51884, 51922, 42432, 65535,
312, 0.311, 51882, 51945, 42467, 65535,
313, 0.312, 51881, 51954, 42479, 65535,
314, 0.313, 51880, 52003, 42551, 65535,
315, 0.314, 51872, 52042, 42615, 65535,
316, 0.315, 51873, 52054, 42636, 65535,
317, 0.316, 51868, 52069, 42658, 65535,
318, 0.317, 51866, 52111, 42717, 65535,
319, 0.318, 51867, 52113, 42719, 65535,
320, 0.319, 51862, 52166, 42801, 65535,
321, 0.32, 51855, 52182, 42829, 65535,
322, 0.321, 51851, 52215, 42880, 65535,
323, 0.322, 51848, 52269, 42958, 65535,
324, 0.323, 51857, 52282, 42972, 65535,
325, 0.324, 51848, 52297, 42999, 65535,
326, 0.325, 51847, 52333, 43052, 65535,
327, 0.326, 51844, 52366, 43103, 65535,
328, 0.327, 51840, 52386, 43136, 65535,
329, 0.328, 51838, 52395, 43148, 65535,
330, 0.329, 51834, 52441, 43219, 65535,
331, 0.33, 51828, 52478, 43276, 65535,
332, 0.331, 51826, 52493, 43299, 65535,
333, 0.332, 51825, 52500, 43309, 65535,
334, 0.333, 51811, 52541, 43377, 65535,
335, 0.334, 51809, 52577, 43434, 65535,
336, 0.335, 51805, 52597, 43462, 65535,
337, 0.336, 51807, 52608, 43477, 65535,
338, 0.337, 51799, 52652, 43545, 65535,
339, 0.338, 51796, 52693, 43608, 65535,
340, 0.339, 51789, 52704, 43626, 65535,
341, 0.34, 51788, 52719, 43650, 65535,
342, 0.341, 51789, 52763, 43712, 65535,
343, 0.342, 51783, 52762, 43713, 65535,
344, 0.343, 51777, 52814, 43790, 65535,
345, 0.344, 51770, 52844, 43838, 65535,
346, 0.345, 51769, 52866, 43872, 65535,
347, 0.346, 51772, 52875, 43884, 65535,
348, 0.347, 51761, 52919, 43954, 65535,
349, 0.348, 51757, 52962, 44015, 65535,
350, 0.349, 51758, 52976, 44039, 65535,
351, 0.35, 51766, 52989, 44053, 65535,
352, 0.351, 51750, 53055, 44160, 65535,
353, 0.352, 51749, 53090, 44209, 65535,
354, 0.353, 51754, 53101, 44221, 65535,
355, 0.354, 51758, 53157, 44302, 65535,
356, 0.355, 51746, 53179, 44343, 65535,
357, 0.356, 51750, 53211, 44385, 65535,
358, 0.357, 51740, 53260, 44463, 65535,
359, 0.358, 51743, 53265, 44467, 65535,
360, 0.359, 51743, 53297, 44516, 65535,
361, 0.36, 51735, 53317, 44548, 65535,
362, 0.361, 51731, 53370, 44624, 65535,
363, 0.362, 51732, 53377, 44635, 65535,
364, 0.363, 51728, 53398, 44670, 65535,
365, 0.364, 51724, 53428, 44716, 65535,
366, 0.365, 51725, 53485, 44799, 65535,
367, 0.366, 51731, 53498, 44811, 65535,
368, 0.367, 51726, 53504, 44825, 65535,
369, 0.368, 51721, 53547, 44889, 65535,
370, 0.369, 51713, 53597, 44968, 65535,
371, 0.37, 51715, 53601, 44972, 65535,
372, 0.371, 51711, 53629, 45017, 65535,
373, 0.372, 51713, 53660, 45057, 65535,
374, 0.373, 51716, 53670, 45071, 65535,
375, 0.374, 51710, 53716, 45141, 65535,
376, 0.375, 51706, 53766, 45217, 65535,
377, 0.376, 51708, 53774, 45225, 65535,
378, 0.377, 51705, 53802, 45266, 65535,
379, 0.378, 51703, 53831, 45312, 65535,
380, 0.379, 51708, 53820, 45294, 65535,
381, 0.38, 51701, 53877, 45380, 65535,
382, 0.381, 51697, 53920, 45445, 65535,
383, 0.382, 51695, 53942, 45480, 65535,
384, 0.383, 51686, 53992, 45554, 65535,
385, 0.384, 51690, 53997, 45561, 65535,
386, 0.385, 51687, 54022, 45599, 65535,
387, 0.386, 51685, 54050, 45643, 65535,
388, 0.387, 51680, 54057, 45656, 65535,
389, 0.388, 51681, 54104, 45723, 65535,
390, 0.389, 51674, 54160, 45804, 65535,
391, 0.39, 51682, 54163, 45807, 65535,
392, 0.391, 51675, 54185, 45844, 65535,
393, 0.392, 51675, 54219, 45893, 65535,
394, 0.393, 51664, 54262, 45961, 65535,
395, 0.394, 51667, 54269, 45973, 65535,
396, 0.395, 51662, 54282, 45993, 65535,
397, 0.396, 51657, 54320, 46050, 65535,
398, 0.397, 51651, 54375, 46133, 65535,
399, 0.398, 51654, 54379, 46138, 65535,
400, 0.399, 51650, 54406, 46179, 65535,
401, 0.4, 51646, 54472, 46281, 65535,
402, 0.401, 51641, 54489, 46309, 65535,
403, 0.402, 51642, 54547, 46392, 65535,
404, 0.403, 51639, 54549, 46396, 65535,
405, 0.404, 51634, 54575, 46434, 65535,
406, 0.405, 51631, 54600, 46474, 65535,
407, 0.406, 51629, 54605, 46481, 65535,
408, 0.407, 51640, 54667, 46567, 65535,
409, 0.408, 51619, 54692, 46612, 65535,
410, 0.409, 51617, 54708, 46636, 65535,
411, 0.41, 51617, 54721, 46661, 65535,
412, 0.411, 51612, 54763, 46724, 65535,
413, 0.412, 51612, 54763, 46722, 65535,
414, 0.413, 51608, 54821, 46807, 65535,
415, 0.414, 51606, 54839, 46835, 65535,
416, 0.415, 51599, 54874, 46888, 65535,
417, 0.416, 51602, 54881, 46897, 65535,
418, 0.417, 51588, 54921, 46965, 65535,
419, 0.418, 51584, 54956, 47021, 65535,
420, 0.419, 51579, 54973, 47047, 65535,
421, 0.42, 51585, 54986, 47062, 65535,
422, 0.421, 51575, 55029, 47132, 65535,
423, 0.422, 51578, 55047, 47156, 65535,
424, 0.423, 51570, 55086, 47217, 65535,
425, 0.424, 51566, 55116, 47266, 65535,
426, 0.425, 51563, 55137, 47296, 65535,
427, 0.426, 51563, 55150, 47313, 65535,
428, 0.427, 51551, 55184, 47372, 65535,
429, 0.428, 51537, 55228, 47443, 65535,
430, 0.429, 51542, 55238, 47457, 65535,
431, 0.43, 51541, 55263, 47492, 65535,
432, 0.431, 51547, 55304, 47546, 65535,
433, 0.432, 51542, 55308, 47555, 65535,
434, 0.433, 51536, 55354, 47624, 65535,
435, 0.434, 51527, 55397, 47695, 65535,
436, 0.435, 51533, 55413, 47712, 65535,
437, 0.436, 51535, 55417, 47721, 65535,
438, 0.437, 51529, 55467, 47795, 65535,
439, 0.438, 51525, 55517, 47867, 65535,
440, 0.439, 51525, 55527, 47879, 65535,
441, 0.44, 51528, 55535, 47893, 65535,
442, 0.441, 51527, 55578, 47955, 65535,
443, 0.442, 51514, 55617, 48017, 65535,
444, 0.443, 51511, 55636, 48043, 65535,
445, 0.444, 51514, 55641, 48054, 65535,
446, 0.445, 51511, 55697, 48136, 65535,
447, 0.446, 51509, 55734, 48191, 65535,
448, 0.447, 51503, 55747, 48216, 65535,
449, 0.448, 51505, 55763, 48237, 65535,
450, 0.449, 51498, 55805, 48300, 65535,
451, 0.45, 51494, 55846, 48366, 65535,
452, 0.451, 51487, 55913, 48465, 65535,
453, 0.452, 51489, 55915, 48470, 65535,
454, 0.453, 51481, 55949, 48521, 65535,
455, 0.454, 51483, 55970, 48552, 65535,
456, 0.455, 51479, 55980, 48567, 65535,
457, 0.456, 51479, 56027, 48634, 65535,
458, 0.457, 51474, 56071, 48705, 65535,
459, 0.458, 51477, 56062, 48690, 65535,
460, 0.459, 51476, 56084, 48719, 65535,
461, 0.46, 51464, 56131, 48796, 65535,
462, 0.461, 51463, 56158, 48835, 65535,
463, 0.462, 51459, 56178, 48870, 65535,
464, 0.463, 51460, 56187, 48879, 65535,
465, 0.464, 51453, 56235, 48957, 65535,
466, 0.465, 51442, 56269, 49010, 65535,
467, 0.466, 51441, 56289, 49042, 65535,
468, 0.467, 51444, 56292, 49040, 65535,
469, 0.468, 51434, 56350, 49131, 65535,
470, 0.469, 51433, 56393, 49194, 65535,
471, 0.47, 51429, 56403, 49214, 65535,
472, 0.471, 51432, 56407, 49217, 65535,
473, 0.472, 51423, 56457, 49296, 65535,
474, 0.473, 51420, 56478, 49330, 65535,
475, 0.474, 51413, 56506, 49374, 65535,
476, 0.475, 51412, 56553, 49446, 65535,
477, 0.476, 51405, 56557, 49456, 65535,
478, 0.477, 51403, 56587, 49501, 65535,
479, 0.478, 51403, 56614, 49540, 65535,
480, 0.479, 51400, 56619, 49549, 65535,
481, 0.48, 51391, 56666, 49621, 65535,
482, 0.481, 51389, 56689, 49659, 65535,
483, 0.482, 51386, 56718, 49703, 65535,
484, 0.483, 51386, 56726, 49712, 65535,
485, 0.484, 51379, 56775, 49788, 65535,
486, 0.485, 51378, 56817, 49849, 65535,
487, 0.486, 51370, 56828, 49871, 65535,
488, 0.487, 51371, 56851, 49903, 65535,
489, 0.488, 51366, 56883, 49952, 65535,
490, 0.489, 51361, 56923, 50018, 65535,
491, 0.49, 51366, 56940, 50037, 65535,
492, 0.491, 51367, 56972, 50086, 65535,
493, 0.492, 51361, 56993, 50118, 65535,
494, 0.493, 51362, 57009, 50140, 65535,
495, 0.494, 51357, 57051, 50203, 65535,
496, 0.495, 51351, 57104, 50284, 65535,
497, 0.496, 51352, 57106, 50286, 65535,
498, 0.497, 51346, 57140, 50338, 65535,
499, 0.498, 51344, 57152, 50359, 65535,
500, 0.499, 51346, 57175, 50390, 65535,
501, 0.5, 51327, 57269, 50539, 65535,
502, 0.501, 51272, 57401, 50765, 65535,
503, 0.502, 51250, 57430, 50824, 65535,
504, 0.503, 51235, 57484, 50913, 65535,
505, 0.504, 51185, 57487, 50950, 65535,
506, 0.505, 51177, 57495, 50966, 65535,
507, 0.506, 51165, 57510, 50995, 65535,
508, 0.507, 51142, 57534, 51045, 65535,
509, 0.508, 51143, 57538, 51051, 65535,
510, 0.509, 51104, 57571, 51121, 65535,
511, 0.51, 51083, 57594, 51172, 65535,
512, 0.511, 51071, 57609, 51200, 65535,
513, 0.512, 51066, 57628, 51230, 65535,
514, 0.513, 51034, 57648, 51277, 65535,
515, 0.514, 51005, 57682, 51348, 65535,
516, 0.515, 50999, 57684, 51355, 65535,
517, 0.516, 50980, 57708, 51401, 65535,
518, 0.517, 50968, 57725, 51433, 65535,
519, 0.518, 50957, 57738, 51460, 65535,
520, 0.519, 50933, 57766, 51518, 65535,
521, 0.52, 50904, 57802, 51588, 65535,
522, 0.521, 50901, 57809, 51601, 65535,
523, 0.522, 50886, 57823, 51634, 65535,
524, 0.523, 50861, 57842, 51677, 65535,
525, 0.524, 50834, 57876, 51741, 65535,
526, 0.525, 50831, 57889, 51762, 65535,
527, 0.526, 50824, 57890, 51773, 65535,
528, 0.527, 50793, 57919, 51836, 65535,
529, 0.528, 50768, 57951, 51896, 65535,
530, 0.529, 50760, 57959, 51915, 65535,
531, 0.53, 50746, 57972, 51940, 65535,
532, 0.531, 50722, 57998, 51996, 65535,
533, 0.532, 50691, 58033, 52064, 65535,
534, 0.533, 50686, 58035, 52074, 65535,
535, 0.534, 50676, 58045, 52094, 65535,
536, 0.535, 50645, 58067, 52146, 65535,
537, 0.536, 50619, 58102, 52214, 65535,
538, 0.537, 50618, 58112, 52230, 65535,
539, 0.538, 50594, 58128, 52272, 65535,
540, 0.539, 50581, 58150, 52308, 65535,
541, 0.54, 50542, 58181, 52382, 65535,
542, 0.541, 50539, 58179, 52377, 65535,
543, 0.542, 50516, 58196, 52419, 65535,
544, 0.543, 50506, 58217, 52459, 65535,
545, 0.544, 50501, 58224, 52471, 65535,
546, 0.545, 50474, 58257, 52538, 65535,
547, 0.546, 50449, 58285, 52595, 65535,
548, 0.547, 50441, 58295, 52616, 65535,
549, 0.548, 50427, 58316, 52654, 65535,
550, 0.549, 50404, 58329, 52688, 65535,
551, 0.55, 50410, 58337, 52699, 65535,
552, 0.551, 50354, 58382, 52799, 65535,
553, 0.552, 50331, 58404, 52843, 65535,
554, 0.553, 50328, 58406, 52851, 65535,
555, 0.554, 50295, 58439, 52919, 65535,
556, 0.555, 50272, 58468, 52975, 65535,
557, 0.556, 50260, 58476, 52996, 65535,
558, 0.557, 50242, 58489, 53031, 65535,
559, 0.558, 50225, 58516, 53076, 65535,
560, 0.559, 50225, 58512, 53074, 65535,
561, 0.56, 50186, 58546, 53150, 65535,
562, 0.561, 50168, 58560, 53182, 65535,
563, 0.562, 50148, 58580, 53223, 65535,
564, 0.563, 50146, 58580, 53226, 65535,
565, 0.564, 50116, 58617, 53300, 65535,
566, 0.565, 50091, 58638, 53347, 65535,
567, 0.566, 50082, 58659, 53383, 65535,
568, 0.567, 50078, 58664, 53398, 65535,
569, 0.568, 50047, 58692, 53455, 65535,
570, 0.569, 50021, 58711, 53503, 65535,
571, 0.57, 50010, 58723, 53530, 65535,
572, 0.571, 50005, 58737, 53550, 65535,
573, 0.572, 49972, 58757, 53605, 65535,
574, 0.573, 49943, 58784, 53663, 65535,
575, 0.574, 49937, 58797, 53685, 65535,
576, 0.575, 49918, 58812, 53718, 65535,
577, 0.576, 49894, 58822, 53749, 65535,
578, 0.577, 49896, 58828, 53753, 65535,
579, 0.578, 49864, 58866, 53832, 65535,
580, 0.579, 49849, 58881, 53863, 65535,
581, 0.58, 49826, 58900, 53907, 65535,
582, 0.581, 49788, 58932, 53982, 65535,
583, 0.582, 49789, 58936, 53985, 65535,
584, 0.583, 49759, 58956, 54036, 65535,
585, 0.584, 49750, 58967, 54057, 65535,
586, 0.585, 49743, 58980, 54081, 65535,
587, 0.586, 49710, 58999, 54131, 65535,
588, 0.587, 49710, 59000, 54131, 65535,
589, 0.588, 49672, 59033, 54206, 65535,
590, 0.589, 49648, 59051, 54251, 65535,
591, 0.59, 49636, 59071, 54281, 65535,
592, 0.591, 49626, 59082, 54308, 65535,
593, 0.592, 49593, 59097, 54353, 65535,
594, 0.593, 49568, 59122, 54404, 65535,
595, 0.594, 49555, 59132, 54427, 65535,
596, 0.595, 49548, 59146, 54452, 65535,
597, 0.596, 49514, 59165, 54501, 65535,
598, 0.597, 49483, 59194, 54565, 65535,
599, 0.598, 49480, 59202, 54580, 65535,
600, 0.599, 49459, 59212, 54606, 65535,
601, 0.6, 49409, 59264, 54713, 65535,
602, 0.601, 49405, 59271, 54729, 65535,
603, 0.602, 49378, 59279, 54759, 65535,
604, 0.603, 49363, 59300, 54798, 65535,
605, 0.604, 49330, 59328, 54863, 65535,
606, 0.605, 49326, 59334, 54873, 65535,
607, 0.606, 49308, 59344, 54901, 65535,
608, 0.607, 49286, 59361, 54945, 65535,
609, 0.608, 49287, 59374, 54962, 65535,
610, 0.609, 49250, 59400, 55022, 65535,
611, 0.61, 49221, 59432, 55091, 65535,
612, 0.611, 49221, 59442, 55103, 65535,
613, 0.612, 49193, 59454, 55142, 65535,
614, 0.613, 49176, 59467, 55169, 65535,
615, 0.614, 49167, 59482, 55196, 65535,
616, 0.615, 49143, 59506, 55249, 65535,
617, 0.616, 49143, 59514, 55256, 65535,
618, 0.617, 49106, 59541, 55319, 65535,
619, 0.618, 49081, 59577, 55393, 65535,
620, 0.619, 49074, 59582, 55401, 65535,
621, 0.62, 49052, 59596, 55439, 65535,
622, 0.621, 49033, 59610, 55473, 65535,
623, 0.622, 49026, 59616, 55485, 65535,
624, 0.623, 48997, 59644, 55549, 65535,
625, 0.624, 48964, 59666, 55602, 65535,
626, 0.625, 48959, 59678, 55623, 65535,
627, 0.626, 48943, 59689, 55650, 65535,
628, 0.627, 48919, 59709, 55695, 65535,
629, 0.628, 48920, 59714, 55705, 65535,
630, 0.629, 48886, 59747, 55774, 65535,
631, 0.63, 48868, 59766, 55808, 65535,
632, 0.631, 48852, 59787, 55852, 65535,
633, 0.632, 48814, 59811, 55914, 65535,
634, 0.633, 48818, 59824, 55930, 65535,
635, 0.634, 48794, 59836, 55963, 65535,
636, 0.635, 48777, 59854, 55998, 65535,
637, 0.636, 48738, 59883, 56066, 65535,
638, 0.637, 48735, 59885, 56072, 65535,
639, 0.638, 48725, 59895, 56092, 65535,
640, 0.639, 48698, 59919, 56145, 65535,
641, 0.64, 48674, 59941, 56194, 65535,
642, 0.641, 48666, 59961, 56229, 65535,
643, 0.642, 48652, 59973, 56256, 65535,
644, 0.643, 48629, 59994, 56302, 65535,
645, 0.644, 48626, 59998, 56310, 65535,
646, 0.645, 48590, 60030, 56380, 65535,
647, 0.646, 48570, 60055, 56430, 65535,
648, 0.647, 48561, 60072, 56461, 65535,
649, 0.648, 48547, 60071, 56468, 65535,
650, 0.649, 48512, 60094, 56522, 65535,
651, 0.65, 48488, 60121, 56583, 65535,
652, 0.651, 48440, 60159, 56668, 65535,
653, 0.652, 48440, 60164, 56675, 65535,
654, 0.653, 48414, 60183, 56720, 65535,
655, 0.654, 48399, 60192, 56745, 65535,
656, 0.655, 48387, 60205, 56772, 65535,
657, 0.656, 48362, 60227, 56819, 65535,
658, 0.657, 48362, 60238, 56836, 65535,
659, 0.658, 48333, 60270, 56901, 65535,
660, 0.659, 48307, 60291, 56953, 65535,
661, 0.66, 48293, 60304, 56981, 65535,
662, 0.661, 48280, 60318, 57006, 65535,
663, 0.662, 48260, 60337, 57050, 65535,
664, 0.663, 48264, 60338, 57051, 65535,
665, 0.664, 48224, 60373, 57126, 65535,
666, 0.665, 48203, 60388, 57162, 65535,
667, 0.666, 48181, 60398, 57191, 65535,
668, 0.667, 48151, 60436, 57263, 65535,
669, 0.668, 48151, 60440, 57271, 65535,
670, 0.669, 48125, 60457, 57314, 65535,
671, 0.67, 48111, 60475, 57349, 65535,
672, 0.671, 48101, 60491, 57378, 65535,
673, 0.672, 48074, 60507, 57421, 65535,
674, 0.673, 48075, 60515, 57435, 65535,
675, 0.674, 48041, 60541, 57494, 65535,
676, 0.675, 48022, 60562, 57537, 65535,
677, 0.676, 48004, 60575, 57573, 65535,
678, 0.677, 48001, 60579, 57576, 65535,
679, 0.678, 47971, 60617, 57653, 65535,
680, 0.679, 47937, 60646, 57713, 65535,
681, 0.68, 47936, 60652, 57727, 65535,
682, 0.681, 47914, 60671, 57770, 65535,
683, 0.682, 47899, 60686, 57802, 65535,
684, 0.683, 47891, 60696, 57823, 65535,
685, 0.684, 47867, 60723, 57879, 65535,
686, 0.685, 47836, 60749, 57934, 65535,
687, 0.686, 47829, 60754, 57949, 65535,
688, 0.687, 47807, 60776, 57993, 65535,
689, 0.688, 47785, 60784, 58020, 65535,
690, 0.689, 47785, 60783, 58023, 65535,
691, 0.69, 47746, 60814, 58091, 65535,
692, 0.691, 47730, 60838, 58135, 65535,
693, 0.692, 47712, 60853, 58170, 65535,
694, 0.693, 47710, 60857, 58177, 65535,
695, 0.694, 47672, 60888, 58244, 65535,
696, 0.695, 47648, 60908, 58291, 65535,
697, 0.696, 47638, 60924, 58324, 65535,
698, 0.697, 47633, 60934, 58340, 65535,
699, 0.698, 47603, 60957, 58393, 65535,
700, 0.699, 47566, 60990, 58469, 65535,
701, 0.7, 47572, 60997, 58474, 65535,
702, 0.701, 47549, 61012, 58512, 65535,
703, 0.702, 47497, 61061, 58619, 65535,
704, 0.703, 47498, 61065, 58627, 65535,
705, 0.704, 47474, 61094, 58681, 65535,
706, 0.705, 47463, 61105, 58703, 65535,
707, 0.706, 47448, 61117, 58733, 65535,
708, 0.707, 47425, 61136, 58773, 65535,
709, 0.708, 47393, 61167, 58844, 65535,
710, 0.709, 47388, 61171, 58855, 65535,
711, 0.71, 47385, 61185, 58876, 65535,
712, 0.711, 47348, 61203, 58926, 65535,
713, 0.712, 47316, 61226, 58982, 65535,
714, 0.713, 47319, 61240, 59002, 65535,
715, 0.714, 47299, 61249, 59029, 65535,
716, 0.715, 47271, 61268, 59072, 65535,
717, 0.716, 47246, 61300, 59139, 65535,
718, 0.717, 47236, 61302, 59145, 65535,
719, 0.718, 47230, 61307, 59159, 65535,
720, 0.719, 47200, 61334, 59216, 65535,
721, 0.72, 47167, 61369, 59290, 65535,
722, 0.721, 47167, 61371, 59297, 65535,
723, 0.722, 47139, 61390, 59344, 65535,
724, 0.723, 47128, 61397, 59362, 65535,
725, 0.724, 47127, 61403, 59371, 65535,
726, 0.725, 47089, 61432, 59437, 65535,
727, 0.726, 47055, 61459, 59499, 65535,
728, 0.727, 47051, 61466, 59515, 65535,
729, 0.728, 47029, 61480, 59548, 65535,
730, 0.729, 47015, 61500, 59585, 65535,
731, 0.73, 47001, 61508, 59602, 65535,
732, 0.731, 46972, 61531, 59656, 65535,
733, 0.732, 46941, 61560, 59723, 65535,
734, 0.733, 46935, 61562, 59729, 65535,
735, 0.734, 46918, 61573, 59756, 65535,
736, 0.735, 46899, 61595, 59801, 65535,
737, 0.736, 46893, 61602, 59817, 65535,
738, 0.737, 46865, 61629, 59874, 65535,
739, 0.738, 46835, 61657, 59938, 65535,
740, 0.739, 46826, 61661, 59948, 65535,
741, 0.74, 46808, 61684, 59991, 65535,
742, 0.741, 46789, 61694, 60019, 65535,
743, 0.742, 46790, 61701, 60029, 65535,
744, 0.743, 46757, 61736, 60104, 65535,
745, 0.744, 46731, 61756, 60150, 65535,
746, 0.745, 46720, 61772, 60179, 65535,
747, 0.746, 46718, 61775, 60183, 65535,
748, 0.747, 46683, 61800, 60246, 65535,
749, 0.748, 46663, 61826, 60295, 65535,
750, 0.749, 46647, 61837, 60324, 65535,
751, 0.75, 46642, 61846, 60338, 65535,
752, 0.751, 46593, 61890, 60438, 65535,
753, 0.752, 46570, 61898, 60465, 65535,
754, 0.753, 46471, 61838, 60443, 65535,
755, 0.754, 46390, 61740, 60350, 65535,
756, 0.755, 46358, 61729, 60357, 65535,
757, 0.756, 46339, 61737, 60382, 65535,
758, 0.757, 46326, 61747, 60406, 65535,
759, 0.758, 46299, 61770, 60455, 65535,
760, 0.759, 46296, 61768, 60455, 65535,
761, 0.76, 46258, 61798, 60526, 65535,
762, 0.761, 46239, 61828, 60584, 65535,
763, 0.762, 46222, 61832, 60599, 65535,
764, 0.763, 46206, 61841, 60623, 65535,
765, 0.764, 46186, 61862, 60668, 65535,
766, 0.765, 46146, 61896, 60740, 65535,
767, 0.766, 46152, 61900, 60745, 65535,
768, 0.767, 46124, 61911, 60779, 65535,
769, 0.768, 46110, 61932, 60816, 65535,
770, 0.769, 46101, 61940, 60837, 65535,
771, 0.77, 46070, 61960, 60885, 65535,
772, 0.771, 46042, 61981, 60934, 65535,
773, 0.772, 46034, 61989, 60952, 65535,
774, 0.773, 46034, 61996, 60960, 65535,
775, 0.774, 46001, 62027, 61031, 65535,
776, 0.775, 45971, 62056, 61097, 65535,
777, 0.776, 45963, 62062, 61107, 65535,
778, 0.777, 45944, 62074, 61136, 65535,
779, 0.778, 45920, 62089, 61174, 65535,
780, 0.779, 45891, 62114, 61230, 65535,
781, 0.78, 45889, 62126, 61249, 65535,
782, 0.781, 45863, 62135, 61285, 65535,
783, 0.782, 45845, 62150, 61315, 65535,
784, 0.783, 45836, 62164, 61341, 65535,
785, 0.784, 45806, 62182, 61386, 65535,
786, 0.785, 45766, 62209, 61451, 65535,
787, 0.786, 45768, 62214, 61459, 65535,
788, 0.787, 45741, 62231, 61501, 65535,
789, 0.788, 45727, 62246, 61530, 65535,
790, 0.789, 45722, 62251, 61540, 65535,
791, 0.79, 45686, 62270, 61593, 65535,
792, 0.791, 45660, 62288, 61639, 65535,
793, 0.792, 45645, 62295, 61659, 65535,
794, 0.793, 45628, 62307, 61684, 65535,
795, 0.794, 45604, 62327, 61731, 65535,
796, 0.795, 45570, 62351, 61785, 65535,
797, 0.796, 45563, 62357, 61803, 65535,
798, 0.797, 45543, 62372, 61836, 65535,
799, 0.798, 45520, 62383, 61867, 65535,
800, 0.799, 45519, 62389, 61876, 65535,
801, 0.8, 45465, 62433, 61974, 65535,
802, 0.801, 45442, 62445, 62008, 65535,
803, 0.802, 45438, 62447, 62012, 65535,
804, 0.803, 45403, 62475, 62076, 65535,
805, 0.804, 45378, 62498, 62121, 65535,
806, 0.805, 45361, 62505, 62147, 65535,
807, 0.806, 45354, 62514, 62164, 65535,
808, 0.807, 45325, 62536, 62216, 65535,
809, 0.808, 45286, 62566, 62284, 65535,
810, 0.809, 45289, 62571, 62291, 65535,
811, 0.81, 45261, 62583, 62326, 65535,
812, 0.811, 45247, 62601, 62361, 65535,
813, 0.812, 45241, 62608, 62377, 65535,
814, 0.813, 45206, 62628, 62427, 65535,
815, 0.814, 45182, 62668, 62504, 65535,
816, 0.815, 45182, 62676, 62517, 65535,
817, 0.816, 45149, 62681, 62545, 65535,
818, 0.817, 45135, 62695, 62575, 65535,
819, 0.818, 45129, 62699, 62588, 65535,
820, 0.819, 45093, 62720, 62643, 65535,
821, 0.82, 45063, 62746, 62699, 65535,
822, 0.821, 45058, 62756, 62718, 65535,
823, 0.822, 45045, 62770, 62744, 65535,
824, 0.823, 45020, 62789, 62789, 65535,
825, 0.824, 44982, 62812, 62846, 65535,
826, 0.825, 44977, 62817, 62857, 65535,
827, 0.826, 44967, 62832, 62890, 65535,
828, 0.827, 44940, 62844, 62921, 65535,
829, 0.828, 44902, 62877, 62996, 65535,
830, 0.829, 44904, 62882, 63002, 65535,
831, 0.83, 44875, 62899, 63045, 65535,
832, 0.831, 44862, 62906, 63064, 65535,
833, 0.832, 44864, 62911, 63069, 65535,
834, 0.833, 44826, 62943, 63141, 65535,
835, 0.834, 44807, 62962, 63183, 65535,
836, 0.835, 44786, 62966, 63202, 65535,
837, 0.836, 44784, 62978, 63223, 65535,
838, 0.837, 44746, 62995, 63271, 65535,
839, 0.838, 44716, 63028, 63337, 65535,
840, 0.839, 44707, 63030, 63347, 65535,
841, 0.84, 44687, 63037, 63373, 65535,
842, 0.841, 44669, 63061, 63417, 65535,
843, 0.842, 44659, 63066, 63428, 65535,
844, 0.843, 44625, 63086, 63480, 65535,
845, 0.844, 44604, 63108, 63527, 65535,
846, 0.845, 44585, 63114, 63550, 65535,
847, 0.846, 44590, 63118, 63558, 65535,
848, 0.847, 44553, 63150, 63626, 65535,
849, 0.848, 44529, 63161, 63657, 65535,
850, 0.849, 44509, 63172, 63686, 65535,
851, 0.85, 44473, 63205, 63760, 65535,
852, 0.851, 44468, 63214, 63779, 65535,
853, 0.852, 44430, 63235, 63828, 65535,
854, 0.853, 44397, 63263, 63896, 65535,
855, 0.854, 44396, 63268, 63903, 65535,
856, 0.855, 44379, 63286, 63939, 65535,
857, 0.856, 44357, 63296, 63969, 65535,
858, 0.857, 44348, 63302, 63983, 65535,
859, 0.858, 44316, 63321, 64036, 65535,
860, 0.859, 44288, 63348, 64094, 65535,
861, 0.86, 44272, 63345, 64098, 65535,
862, 0.861, 44270, 63358, 64122, 65535,
863, 0.862, 44239, 63382, 64175, 65535,
864, 0.863, 44204, 63411, 64243, 65535,
865, 0.864, 44203, 63415, 64252, 65535,
866, 0.865, 44189, 63421, 64266, 65535,
867, 0.866, 44163, 63444, 64317, 65535,
868, 0.867, 44129, 63471, 64382, 65535,
869, 0.868, 44129, 63477, 64393, 65535,
870, 0.869, 44106, 63485, 64417, 65535,
871, 0.87, 44087, 63503, 64456, 65535,
872, 0.871, 44090, 63507, 64460, 65535,
873, 0.872, 44049, 63536, 64529, 65535,
874, 0.873, 44023, 63565, 64588, 65535,
875, 0.874, 44011, 63565, 64595, 65535,
876, 0.875, 44000, 63573, 64616, 65535,
877, 0.876, 43969, 63591, 64663, 65535,
878, 0.877, 43939, 63618, 64720, 65535,
879, 0.878, 43934, 63625, 64735, 65535,
880, 0.879, 43914, 63648, 64783, 65535,
881, 0.88, 43902, 63666, 64815, 65535,
882, 0.881, 43888, 63666, 64830, 65535,
883, 0.882, 43866, 63696, 64883, 65535,
884, 0.883, 43828, 63719, 64941, 65535,
885, 0.884, 43824, 63723, 64951, 65535,
886, 0.885, 43815, 63735, 64977, 65535,
887, 0.886, 43785, 63755, 65022, 65535,
888, 0.887, 43751, 63778, 65082, 65535,
889, 0.888, 43749, 63788, 65096, 65535,
890, 0.889, 43725, 63804, 65138, 65535,
891, 0.89, 43711, 63819, 65163, 65535,
892, 0.891, 43705, 63823, 65175, 65535,
893, 0.892, 43673, 63848, 65234, 65535,
894, 0.893, 43647, 63869, 65285, 65535,
895, 0.894, 43639, 63883, 65308, 65535,
896, 0.895, 43624, 63887, 65324, 65535,
897, 0.896, 43600, 63910, 65375, 65535,
898, 0.897, 43571, 63931, 65422, 65535,
899, 0.898, 43558, 63937, 65443, 65535,
900, 0.899, 43548, 63945, 65459, 65535,
901, 0.9, 43516, 63967, 65511, 65535,
902, 0.901, 43479, 63985, 65535, 65535,
903, 0.902, 43466, 63998, 65535, 65535,
904, 0.903, 43434, 64019, 65535, 65535,
905, 0.904, 43398, 64053, 65535, 65535,
906, 0.905, 43397, 64052, 65535, 65535,
907, 0.906, 43374, 64067, 65535, 65535,
908, 0.907, 43357, 64076, 65535, 65535,
909, 0.908, 43352, 64085, 65535, 65535,
910, 0.909, 43316, 64106, 65535, 65535,
911, 0.91, 43289, 64128, 65535, 65535,
912, 0.911, 43277, 64135, 65535, 65535,
913, 0.912, 43269, 64145, 65535, 65535,
914, 0.913, 43247, 64172, 65535, 65535,
915, 0.914, 43214, 64194, 65535, 65535,
916, 0.915, 43206, 64201, 65535, 65535,
917, 0.916, 43193, 64207, 65535, 65535,
918, 0.917, 43167, 64227, 65535, 65535,
919, 0.918, 43170, 64230, 65535, 65535,
920, 0.919, 43130, 64261, 65535, 65535,
921, 0.92, 43108, 64278, 65535, 65535,
922, 0.921, 43091, 64288, 65535, 65535,
923, 0.922, 43086, 64297, 65535, 65535,
924, 0.923, 43058, 64323, 65535, 65535,
925, 0.924, 43018, 64348, 65535, 65535,
926, 0.925, 43024, 64363, 65535, 65535,
927, 0.926, 42994, 64363, 65535, 65535,
928, 0.927, 42975, 64380, 65535, 65535,
929, 0.928, 42972, 64383, 65535, 65535,
930, 0.929, 42937, 64407, 65535, 65535,
931, 0.93, 42906, 64436, 65535, 65535,
932, 0.931, 42900, 64441, 65535, 65535,
933, 0.932, 42885, 64452, 65535, 65535,
934, 0.933, 42869, 64478, 65535, 65535,
935, 0.934, 42858, 64476, 65535, 65535,
936, 0.935, 42825, 64502, 65535, 65535,
937, 0.936, 42805, 64515, 65535, 65535,
938, 0.937, 42788, 64531, 65535, 65535,
939, 0.938, 42746, 64556, 65535, 65535,
940, 0.939, 42749, 64561, 65535, 65535,
941, 0.94, 42728, 64573, 65535, 65535,
942, 0.941, 42709, 64589, 65535, 65535,
943, 0.942, 42708, 64589, 65535, 65535,
944, 0.943, 42671, 64618, 65535, 65535,
945, 0.944, 42645, 64625, 65535, 65535,
946, 0.945, 42626, 64639, 65535, 65535,
947, 0.946, 42625, 64646, 65535, 65535,
948, 0.947, 42586, 64663, 65535, 65535,
949, 0.948, 42552, 64689, 65535, 65535,
950, 0.949, 42550, 64696, 65535, 65535,
951, 0.95, 42535, 64699, 65535, 65535,
952, 0.951, 42479, 64738, 65535, 65535,
953, 0.952, 42465, 64745, 65535, 65535,
954, 0.953, 42455, 64749, 65535, 65535,
955, 0.954, 42424, 64769, 65535, 65535,
956, 0.955, 42391, 64793, 65535, 65535,
957, 0.956, 42383, 64797, 65535, 65535,
958, 0.957, 42364, 64807, 65535, 65535,
959, 0.958, 42342, 64826, 65535, 65535,
960, 0.959, 42306, 64852, 65535, 65535,
961, 0.96, 42305, 64856, 65535, 65535,
962, 0.961, 42283, 64867, 65535, 65535,
963, 0.962, 42263, 64881, 65535, 65535,
964, 0.963, 42226, 64903, 65535, 65535,
965, 0.964, 42223, 64907, 65535, 65535,
966, 0.965, 42198, 64922, 65535, 65535,
967, 0.966, 42185, 64938, 65535, 65535,
968, 0.967, 42187, 64939, 65535, 65535,
969, 0.968, 42148, 64968, 65535, 65535,
970, 0.969, 42129, 64981, 65535, 65535,
971, 0.97, 42104, 64992, 65535, 65535,
972, 0.971, 42105, 64997, 65535, 65535,
973, 0.972, 42069, 65028, 65535, 65535,
974, 0.973, 42041, 65040, 65535, 65535,
975, 0.974, 42027, 65052, 65535, 65535,
976, 0.975, 42026, 65061, 65535, 65535,
977, 0.976, 41981, 65072, 65535, 65535,
978, 0.977, 41945, 65095, 65535, 65535,
979, 0.978, 41940, 65099, 65535, 65535,
980, 0.979, 41913, 65110, 65535, 65535,
981, 0.98, 41896, 65119, 65535, 65535,
982, 0.981, 41888, 65136, 65535, 65535,
983, 0.982, 41855, 65146, 65535, 65535,
984, 0.983, 41831, 65170, 65535, 65535,
985, 0.984, 41821, 65180, 65535, 65535,
986, 0.985, 41809, 65190, 65535, 65535,
987, 0.986, 41781, 65210, 65535, 65535,
988, 0.987, 41785, 65217, 65535, 65535,
989, 0.988, 41749, 65243, 65535, 65535,
990, 0.989, 41705, 65250, 65535, 65535,
991, 0.99, 41697, 65256, 65535, 65535,
992, 0.991, 41683, 65266, 65535, 65535,
993, 0.992, 41657, 65282, 65535, 65535,
994, 0.993, 41618, 65303, 65535, 65535,
995, 0.994, 41618, 65309, 65535, 65535,
996, 0.995, 41600, 65310, 65535, 65535,
997, 0.996, 41577, 65330, 65535, 65535,
998, 0.997, 41540, 65349, 65535, 65535,
999, 0.998, 41534, 65351, 65535, 65535,
1000, 0.999, 41521, 65364, 65535, 65535,
