1, 0.0, 903, 754, 516, 2147,
2, 0.001, 1751, 1472, 1005, 4179,
3, 0.002, 1751, 1470, 1004, 4176,
4, 0.003, 1752, 1471, 1004, 4178,
5, 0.004, 1749, 1468, 1003, 4170,
6, 0.005, 1747, 1466, 1002, 4167,
7, 0.006, 1749, 1467, 1003, 4170,
8, 0.007, 1749, 1468, 1005, 4173,
9, 0.008, 1748, 1468, 1006, 4174,
10, 0.009, 1748, 1469, 1006, 4174,
11, 0.01, 1750, 1471, 1009, 4181,
12, 0.011, 1723, 1445, 992, 4111,
13, 0.012, 1720, 1445, 993, 4110,
14, 0.013, 1720, 1445, 994, 4110,
15, 0.014, 1720, 1447, 995, 4114,
16, 0.015, 1719, 1446, 996, 4113,
17, 0.016, 1719, 1447, 996, 4114,
18, 0.017, 1719, 1448, 998, 4117,
19, 0.018, 1719, 1448, 999, 4118,
20, 0.019, 1718, 1449, 1001, 4121,
21, 0.02, 1718, 1451, 1003, 4125,
22, 0.021, 1718, 1451, 1004, 4126,
23, 0.022, 1718, 1452, 1004, 4127,
24, 0.023, 1717, 1452, 1006, 4129,
25, 0.024, 1717, 1454, 1008, 4133,
26, 0.025, 1718, 1455, 1009, 4134,
27, 0.026, 1717, 1455, 1010, 4136,
28, 0.027, 1717, 1456, 1011, 4138,
29, 0.028, 1717, 1456, 1012, 4139,
30, 0.029, 1717, 1458, 1014, 4142,
31, 0.03, 1716, 1459, 1017, 4146,
32, 0.031, 1716, 1459, 1017, 4146,
33, 0.032, 1716, 1460, 1019, 4150,
34, 0.033, 1716, 1461, 1019, 4150,
35, 0.034, 1716, 1461, 1020, 4151,
36, 0.035, 1716, 1463, 1022, 4155,
37, 0.036, 1715, 1463, 1022, 4155,
38, 0.037, 1715, 1464, 1025, 4159,
39, 0.038, 1715, 1465, 1026, 4162,
40, 0.039, 1715, 1466, 1027, 4164,
41, 0.04, 1715, 1466, 1028, 4165,
42, 0.041, 1715, 1467, 1030, 4168,
43, 0.042, 1715, 1468, 1031, 4170,
44, 0.043, 1714, 1469, 1033, 4172,
45, 0.044, 1714, 1470, 1035, 4175,
46, 0.045, 1714, 1471, 1035, 4176,
47, 0.046, 1714, 1472, 1037, 4179,
48, 0.047, 1714, 1473, 1038, 4181,
49, 0.048, 1714, 1473, 1039, 4182,
50, 0.049, 1713, 1474, 1041, 4186,
51, 0.05, 1713, 1476, 1043, 4190,
52, 0.051, 1713, 1477, 1044, 4191,
53, 0.052, 1713, 1478, 1046, 4195,
54, 0.053, 1713, 1479, 1049, 4198,
55, 0.054, 1713, 1480, 1049, 4199,
56, 0.055, 1712, 1480, 1050, 4200,
57, 0.056, 1712, 1481, 1052, 4204,
58, 0.057, 1712, 1483, 1054, 4208,
59, 0.058, 1712, 1483, 1054, 4208,
60, 0.059, 1712, 1484, 1056, 4210,
61, 0.06, 1712, 1485, 1057, 4212,
62, 0.061, 1712, 1485, 1058, 4213,
63, 0.062, 1711, 1486, 1060, 4216,
64, 0.063, 1711, 1487, 1061, 4219,
65, 0.064, 1711, 1488, 1063, 4221,
66, 0.065, 1711, 1490, 1065, 4225,
67, 0.066, 1711, 1490, 1065, 4225,
68, 0.067, 1711, 1490, 1066, 4227,
69, 0.068, 1711, 1492, 1068, 4230,
70, 0.069, 1711, 1492, 1068, 4230,
71, 0.07, 1710, 1493, 1071, 4234,
72, 0.071, 1710, 1495, 1073, 4238,
73, 0.072, 1710, 1495, 1073, 4239,
74, 0.073, 1710, 1496, 1075, 4242,
75, 0.074, 1710, 1497, 1076, 4243,
76, 0.075, 1710, 1497, 1077, 4244,
77, 0.076, 1710, 1499, 1079, 4248,
78, 0.077, 1710, 1500, 1082, 4253,
79, 0.078, 1710, 1500, 1082, 4253,
80, 0.079, 1709, 1501, 1083, 4255,
81, 0.08, 1709, 1502, 1084, 4257,
82, 0.081, 1709, 1502, 1085, 4258,
83, 0.082, 1709, 1504, 1087, 4262,
84, 0.083, 1709, 1506, 1090, 4266,
85, 0.084, 1709, 1506, 1090, 4267,
86, 0.085, 1709, 1507, 1092, 4270,
87, 0.086, 1709, 1507, 1092, 4271,
88, 0.087, 1708, 1508, 1094, 4273,
89, 0.088, 1708, 1509, 1095, 4276,
90, 0.089, 1708, 1511, 1098, 4280,
91, 0.09, 1708, 1511, 1098, 4280,
92, 0.091, 1708, 1512, 1100, 4283,
93, 0.092, 1708, 1513, 1101, 4285,
94, 0.093, 1708, 1513, 1101, 4286,
95, 0.094, 1708, 1515, 1103, 4289,
96, 0.095, 1708, 1516, 1106, 4294,
97, 0.096, 1708, 1516, 1106, 4294,
98, 0.097, 1707, 1517, 1108, 4296,
99, 0.098, 1707, 1518, 1109, 4299,
100, 0.099, 1708, 1519, 1110, 4301,
101, 0.1, 1707, 1521, 1114, 4306,
102, 0.101, 1707, 1522, 1114, 4308,
103, 0.102, 1707, 1522, 1115, 4309,
104, 0.103, 1707, 1524, 1117, 4313,
105, 0.104, 1707, 1525, 1120, 4317,
106, 0.105, 1707, 1525, 1120, 4317,
107, 0.106, 1707, 1526, 1122, 4320,
108, 0.107, 1707, 1527, 1123, 4322,
109, 0.108, 1707, 1528, 1123, 4323,
110, 0.109, 1706, 1529, 1126, 4327,
111, 0.11, 1706, 1531, 1128, 4332,
112, 0.111, 1706, 1531, 1128, 4332,
113, 0.112, 1706, 1532, 1130, 4334,
114, 0.113, 1706, 1533, 1131, 4336,
115, 0.114, 1706, 1533, 1131, 4337,
116, 0.115, 1706, 1534, 1134, 4341,
117, 0.116, 1706, 1535, 1135, 4343,
118, 0.117, 1706, 1536, 1137, 4345,
119, 0.118, 1706, 1536, 1137, 4346,
120, 0.119, 1705, 1538, 1139, 4350,
121, 0.12, 1705, 1540, 1142, 4355,
122, 0.121, 1705, 1540, 1142, 4355,
123, 0.122, 1705, 1541, 1144, 4358,
124, 0.123, 1705, 1542, 1145, 4360,
125, 0.124, 1705, 1542, 1146, 4361,
126, 0.125, 1705, 1543, 1148, 4364,
127, 0.126, 1705, 1545, 1150, 4369,
128, 0.127, 1705, 1545, 1151, 4369,
129, 0.128, 1705, 1546, 1152, 4371,
130, 0.129, 1705, 1547, 1153, 4374,
131, 0.13, 1705, 1548, 1154, 4374,
132, 0.131, 1704, 1549, 1156, 4378,
133, 0.132, 1704, 1551, 1159, 4384,
134, 0.133, 1704, 1551, 1159, 4383,
135, 0.134, 1704, 1552, 1160, 4386,
136, 0.135, 1704, 1553, 1162, 4388,
137, 0.136, 1704, 1553, 1162, 4389,
138, 0.137, 1704, 1555, 1164, 4393,
139, 0.138, 1704, 1556, 1167, 4397,
140, 0.139, 1704, 1556, 1167, 4398,
141, 0.14, 1704, 1557, 1169, 4400,
142, 0.141, 1704, 1558, 1170, 4402,
143, 0.142, 1704, 1559, 1171, 4404,
144, 0.143, 1703, 1560, 1173, 4407,
145, 0.144, 1704, 1562, 1176, 4412,
146, 0.145, 1703, 1562, 1175, 4411,
147, 0.146, 1703, 1562, 1176, 4412,
148, 0.147, 1703, 1563, 1178, 4416,
149, 0.148, 1703, 1565, 1181, 4420,
150, 0.149, 1703, 1565, 1181, 4421,
151, 0.15, 1702, 1566, 1183, 4423,
152, 0.151, 1703, 1567, 1184, 4426,
153, 0.152, 1702, 1569, 1186, 4429,
154, 0.153, 1702, 1570, 1189, 4433,
155, 0.154, 1702, 1571, 1189, 4434,
156, 0.155, 1702, 1572, 1191, 4437,
157, 0.156, 1702, 1573, 1192, 4439,
158, 0.157, 1702, 1573, 1193, 4441,
159, 0.158, 1702, 1574, 1195, 4444,
160, 0.159, 1702, 1576, 1197, 4448,
161, 0.16, 1702, 1576, 1197, 4448,
162, 0.161, 1701, 1577, 1199, 4452,
163, 0.162, 1701, 1578, 1200, 4453,
164, 0.163, 1701, 1579, 1201, 4455,
165, 0.164, 1701, 1580, 1203, 4458,
166, 0.165, 1701, 1580, 1203, 4459,
167, 0.166, 1701, 1582, 1206, 4463,
168, 0.167, 1701, 1583, 1208, 4467,
169, 0.168, 1701, 1583, 1209, 4467,
170, 0.169, 1701, 1584, 1209, 4469,
171, 0.17, 1701, 1585, 1211, 4472,
172, 0.171, 1700, 1585, 1212, 4472,
173, 0.172, 1700, 1587, 1214, 4477,
174, 0.173, 1700, 1589, 1216, 4481,
175, 0.174, 1700, 1589, 1217, 4482,
176, 0.175, 1700, 1590, 1218, 4484,
177, 0.176, 1700, 1591, 1220, 4486,
178, 0.177, 1700, 1591, 1220, 4487,
179, 0.178, 1700, 1592, 1222, 4491,
180, 0.179, 1700, 1593, 1222, 4491,
181, 0.18, 1700, 1594, 1225, 4495,
182, 0.181, 1700, 1596, 1227, 4499,
183, 0.182, 1700, 1596, 1228, 4500,
184, 0.183, 1700, 1597, 1230, 4503,
185, 0.184, 1699, 1598, 1231, 4505,
186, 0.185, 1700, 1599, 1231, 4506,
187, 0.186, 1699, 1600, 1234, 4510,
188, 0.187, 1699, 1601, 1235, 4513,
189, 0.188, 1699, 1602, 1236, 4515,
190, 0.189, 1699, 1602, 1237, 4516,
191, 0.19, 1699, 1604, 1239, 4520,
192, 0.191, 1699, 1605, 1241, 4523,
193, 0.192, 1699, 1605, 1242, 4524,
194, 0.193, 1699, 1606, 1243, 4527,
195, 0.194, 1699, 1607, 1245, 4529,
196, 0.195, 1699, 1608, 1245, 4530,
197, 0.196, 1698, 1609, 1247, 4533,
198, 0.197, 1698, 1611, 1250, 4538,
199, 0.198, 1698, 1611, 1250, 4538,
200, 0.199, 1698, 1612, 1252, 4541,
201, 0.2, 1698, 1614, 1255, 4547,
202, 0.201, 1698, 1614, 1256, 4548,
203, 0.202, 1698, 1616, 1257, 4550,
204, 0.203, 1698, 1616, 1259, 4552,
205, 0.204, 1698, 1617, 1259, 4554,
206, 0.205, 1698, 1618, 1261, 4557,
207, 0.206, 1697, 1620, 1263, 4560,
208, 0.207, 1697, 1620, 1264, 4562,
209, 0.208, 1697, 1621, 1266, 4565,
210, 0.209, 1697, 1622, 1267, 4566,
211, 0.21, 1697, 1622, 1268, 4568,
212, 0.211, 1697, 1624, 1270, 4571,
213, 0.212, 1697, 1625, 1272, 4571,
214, 0.213, 1697, 1625, 1272, 4576,
215, 0.214, 1697, 1627, 1274, 4579,
216, 0.215, 1697, 1627, 1275, 4581,
217, 0.216, 1697, 1628, 1276, 4583,
218, 0.217, 1696, 1629, 1278, 4586,
219, 0.218, 1696, 1630, 1279, 4586,
220, 0.219, 1696, 1631, 1281, 4590,
221, 0.22, 1696, 1632, 1283, 4594,
222, 0.221, 1696, 1633, 1284, 4595,
223, 0.222, 1696, 1634, 1285, 4597,
224, 0.223, 1696, 1635, 1287, 4600,
225, 0.224, 1696, 1635, 1287, 4601,
226, 0.225, 1696, 1637, 1289, 4605,
227, 0.226, 1696, 1638, 1292, 4609,
228, 0.227, 1696, 1638, 1292, 4609,
229, 0.228, 1696, 1640, 1294, 4613,
230, 0.229, 1696, 1640, 1295, 4614,
231, 0.23, 1695, 1641, 1296, 4616,
232, 0.231, 1695, 1642, 1298, 4619,
233, 0.232, 1696, 1643, 1298, 4620,
234, 0.233, 1695, 1644, 1300, 4624,
235, 0.234, 1695, 1645, 1302, 4627,
236, 0.235, 1695, 1646, 1303, 4629,
237, 0.236, 1695, 1646, 1304, 4630,
238, 0.237, 1695, 1648, 1306, 4633,
239, 0.238, 1694, 1649, 1308, 4637,
240, 0.239, 1695, 1650, 1309, 4638,
241, 0.24, 1695, 1651, 1311, 4643,
242, 0.241, 1695, 1651, 1312, 4643,
243, 0.242, 1694, 1652, 1313, 4646,
244, 0.243, 1694, 1653, 1314, 4647,
245, 0.244, 1694, 1653, 1315, 4649,
246, 0.245, 1694, 1655, 1317, 4652,
247, 0.246, 1694, 1657, 1320, 4656,
248, 0.247, 1694, 1657, 1320, 4657,
249, 0.248, 1694, 1658, 1322, 4660,
250, 0.249, 1694, 1659, 1323, 4662,
251, 0.25, 1694, 1659, 1323, 4663,
252, 0.251, 1694, 1661, 1327, 4668,
253, 0.252, 1694, 1662, 1328, 4672,
254, 0.253, 1693, 1664, 1331, 4676,
255, 0.254, 1693, 1664, 1331, 4676,
256, 0.255, 1693, 1666, 1333, 4680,
257, 0.256, 1693, 1666, 1334, 4681,
258, 0.257, 1693, 1667, 1335, 4683,
259, 0.258, 1693, 1668, 1337, 4686,
260, 0.259, 1693, 1670, 1339, 4690,
261, 0.26, 1693, 1670, 1340, 4691,
262, 0.261, 1693, 1670, 1341, 4692,
263, 0.262, 1693, 1672, 1342, 4695,
264, 0.263, 1692, 1673, 1345, 4699,
265, 0.264, 1693, 1673, 1345, 4700,
266, 0.265, 1692, 1674, 1346, 4702,
267, 0.266, 1692, 1675, 1348, 4704,
268, 0.267, 1692, 1675, 1348, 4705,
269, 0.268, 1692, 1677, 1351, 4709,
270, 0.269, 1692, 1678, 1353, 4713,
271, 0.27, 1692, 1679, 1353, 4713,
272, 0.271, 1692, 1679, 1354, 4714,
273, 0.272, 1691, 1680, 1356, 4718,
274, 0.273, 1691, 1682, 1358, 4721,
275, 0.274, 1691, 1682, 1359, 4722,
276, 0.275, 1691, 1683, 1360, 4724,
277, 0.276, 1691, 1684, 1361, 4727,
278, 0.277, 1691, 1685, 1364, 4731,
279, 0.278, 1691, 1686, 1364, 4731,
280, 0.279, 1691, 1686, 1365, 4733,
281, 0.28, 1691, 1687, 1367, 4736,
282, 0.281, 1690, 1689, 1369, 4739,
283, 0.282, 1690, 1689, 1370, 4741,
284, 0.283, 1690, 1690, 1370, 4742,
285, 0.284, 1690, 1691, 1373, 4745,
286, 0.285, 1690, 1693, 1375, 4750,
287, 0.286, 1690, 1693, 1375, 4751,
288, 0.287, 1690, 1694, 1376, 4752,
289, 0.288, 1690, 1695, 1378, 4756,
290, 0.289, 1690, 1695, 1378, 4756,
291, 0.29, 1690, 1697, 1381, 4760,
292, 0.291, 1690, 1697, 1382, 4761,
293, 0.292, 1690, 1699, 1384, 4765,
294, 0.293, 1689, 1700, 1386, 4769,
295, 0.294, 1689, 1700, 1387, 4770,
296, 0.295, 1689, 1701, 1388, 4772,
297, 0.296, 1689, 1703, 1390, 4775,
298, 0.297, 1689, 1703, 1390, 4776,
299, 0.298, 1689, 1704, 1392, 4780,
300, 0.299, 1689, 1706, 1395, 4784,
301, 0.3, 1689, 1706, 1396, 4786,
302, 0.301, 1689, 1708, 1398, 4789,
303, 0.302, 1689, 1709, 1400, 4793,
304, 0.303, 1689, 1710, 1401, 4795,
305, 0.304, 1689, 1710, 1401, 4795,
306, 0.305, 1689, 1712, 1404, 4799,
307, 0.306, 1689, 1713, 1406, 4803,
308, 0.307, 1689, 1714, 1407, 4804,
309, 0.308, 1689, 1715, 1408, 4807,
310, 0.309, 1689, 1716, 1409, 4809,
311, 0.31, 1688, 1716, 1410, 4809,
312, 0.311, 1688, 1717, 1412, 4813,
313, 0.312, 1688, 1719, 1414, 4818,
314, 0.313, 1688, 1719, 1415, 4818,
315, 0.314, 1688, 1720, 1416, 4821,
316, 0.315, 1688, 1721, 1418, 4823,
317, 0.316, 1688, 1723, 1420, 4827,
318, 0.317, 1688, 1723, 1420, 4828,
319, 0.318, 1688, 1723, 1421, 4829,
320, 0.319, 1688, 1725, 1423, 4833,
321, 0.32, 1687, 1726, 1426, 4837,
322, 0.321, 1688, 1727, 1426, 4838,
323, 0.322, 1687, 1727, 1428, 4840,
324, 0.323, 1687, 1728, 1429, 4842,
325, 0.324, 1687, 1730, 1431, 4846,
326, 0.325, 1687, 1730, 1432, 4847,
327, 0.326, 1687, 1731, 1433, 4849,
328, 0.327, 1687, 1732, 1434, 4852,
329, 0.328, 1687, 1732, 1435, 4852,
330, 0.329, 1687, 1734, 1437, 4856,
331, 0.33, 1686, 1735, 1439, 4860,
332, 0.331, 1687, 1736, 1440, 4861,
333, 0.332, 1686, 1737, 1442, 4864,
334, 0.333, 1687, 1738, 1443, 4867,
335, 0.334, 1687, 1738, 1444, 4867,
336, 0.335, 1686, 1739, 1446, 4871,
337, 0.336, 1686, 1741, 1448, 4875,
338, 0.337, 1686, 1741, 1448, 4875,
339, 0.338, 1686, 1742, 1450, 4878,
340, 0.339, 1686, 1743, 1451, 4880,
341, 0.34, 1686, 1744, 1452, 4882,
342, 0.341, 1686, 1745, 1454, 4885,
343, 0.342, 1686, 1747, 1457, 4886,
344, 0.343, 1686, 1747, 1457, 4890,
345, 0.344, 1685, 1748, 1459, 4893,
346, 0.345, 1686, 1749, 1460, 4895,
347, 0.346, 1685, 1749, 1461, 4897,
348, 0.347, 1685, 1751, 1463, 4900,
349, 0.348, 1685, 1751, 1463, 4901,
350, 0.349, 1685, 1752, 1465, 4904,
351, 0.35, 1685, 1754, 1468, 4909,
352, 0.351, 1685, 1755, 1469, 4911,
353, 0.352, 1685, 1756, 1471, 4914,
354, 0.353, 1685, 1758, 1473, 4918,
355, 0.354, 1685, 1758, 1474, 4919,
356, 0.355, 1685, 1759, 1475, 4920,
357, 0.356, 1685, 1760, 1477, 4924,
358, 0.357, 1684, 1761, 1479, 4928,
359, 0.358, 1684, 1762, 1480, 4928,
360, 0.359, 1684, 1762, 1480, 4930,
361, 0.36, 1684, 1763, 1482, 4933,
362, 0.361, 1684, 1765, 1485, 4937,
363, 0.362, 1684, 1765, 1485, 4938,
364, 0.363, 1684, 1766, 1486, 4940,
365, 0.364, 1684, 1767, 1488, 4943,
366, 0.365, 1684, 1768, 1488, 4943,
367, 0.366, 1684, 1769, 1490, 4947,
368, 0.367, 1683, 1769, 1491, 4947,
369, 0.368, 1683, 1771, 1493, 4951,
370, 0.369, 1683, 1771, 1494, 4953,
371, 0.37, 1683, 1772, 1496, 4956,
372, 0.371, 1683, 1773, 1497, 4957,
373, 0.372, 1683, 1774, 1499, 4961,
374, 0.373, 1683, 1776, 1501, 4965,
375, 0.374, 1683, 1776, 1502, 4966,
376, 0.375, 1683, 1777, 1503, 4967,
377, 0.376, 1682, 1778, 1504, 4970,
378, 0.377, 1683, 1778, 1505, 4971,
379, 0.378, 1682, 1780, 1507, 4974,
380, 0.379, 1682, 1781, 1509, 4978,
381, 0.38, 1682, 1781, 1510, 4979,
382, 0.381, 1682, 1782, 1511, 4981,
383, 0.382, 1682, 1783, 1513, 4983,
384, 0.383, 1682, 1784, 1513, 4985,
385, 0.384, 1682, 1785, 1515, 4988,
386, 0.385, 1681, 1787, 1518, 4992,
387, 0.386, 1681, 1787, 1518, 4993,
388, 0.387, 1681, 1788, 1520, 4995,
389, 0.388, 1681, 1788, 1521, 4997,
390, 0.389, 1681, 1790, 1524, 5002,
391, 0.39, 1681, 1790, 1524, 5002,
392, 0.391, 1681, 1792, 1526, 5005,
393, 0.392, 1681, 1792, 1526, 5007,
394, 0.393, 1681, 1793, 1527, 5008,
395, 0.394, 1680, 1794, 1529, 5011,
396, 0.395, 1680, 1794, 1529, 5011,
397, 0.396, 1680, 1796, 1532, 5016,
398, 0.397, 1680, 1797, 1534, 5019,
399, 0.398, 1680, 1798, 1535, 5021,
400, 0.399, 1680, 1798, 1536, 5023,
401, 0.4, 1680, 1801, 1540, 5029,
402, 0.401, 1680, 1801, 1540, 5030,
403, 0.402, 1680, 1802, 1542, 5033,
404, 0.403, 1680, 1803, 1543, 5035,
405, 0.404, 1680, 1804, 1544, 5036,
406, 0.405, 1680, 1805, 1546, 5040,
407, 0.406, 1679, 1807, 1548, 5044,
408, 0.407, 1679, 1807, 1549, 5045,
409, 0.408, 1679, 1808, 1550, 5047,
410, 0.409, 1679, 1809, 1552, 5050,
411, 0.41, 1679, 1809, 1552, 5051,
412, 0.411, 1679, 1811, 1555, 5055,
413, 0.412, 1679, 1812, 1557, 5059,
414, 0.413, 1679, 1813, 1558, 5060,
415, 0.414, 1679, 1813, 1558, 5061,
416, 0.415, 1679, 1815, 1560, 5065,
417, 0.416, 1679, 1817, 1563, 5070,
418, 0.417, 1679, 1817, 1563, 5070,
419, 0.418, 1678, 1817, 1564, 5072,
420, 0.419, 1678, 1818, 1566, 5074,
421, 0.42, 1678, 1819, 1567, 5075,
422, 0.421, 1678, 1820, 1569, 5079,
423, 0.422, 1679, 1822, 1572, 5084,
424, 0.423, 1678, 1822, 1572, 5084,
425, 0.424, 1678, 1823, 1573, 5087,
426, 0.425, 1678, 1824, 1575, 5089,
427, 0.426, 1678, 1826, 1577, 5094,
428, 0.427, 1678, 1826, 1577, 5094,
429, 0.428, 1678, 1827, 1579, 5096,
430, 0.429, 1678, 1828, 1580, 5099,
431, 0.43, 1678, 1828, 1581, 5100,
432, 0.431, 1677, 1829, 1583, 5103,
433, 0.432, 1677, 1831, 1585, 5107,
434, 0.433, 1677, 1831, 1586, 5109,
435, 0.434, 1677, 1832, 1587, 5111,
436, 0.435, 1677, 1833, 1589, 5113,
437, 0.436, 1677, 1834, 1589, 5114,
438, 0.437, 1677, 1835, 1591, 5118,
439, 0.438, 1677, 1835, 1591, 5118,
440, 0.439, 1677, 1837, 1594, 5122,
441, 0.44, 1677, 1838, 1596, 5126,
442, 0.441, 1676, 1839, 1597, 5127,
443, 0.442, 1677, 1840, 1598, 5129,
444, 0.443, 1676, 1840, 1600, 5132,
445, 0.444, 1676, 1842, 1602, 5136,
446, 0.445, 1676, 1842, 1603, 5137,
447, 0.446, 1676, 1844, 1605, 5141,
448, 0.447, 1676, 1844, 1605, 5141,
449, 0.448, 1676, 1845, 1606, 5143,
450, 0.449, 1676, 1846, 1608, 5146,
451, 0.45, 1676, 1847, 1610, 5150,
452, 0.451, 1675, 1848, 1611, 5151,
453, 0.452, 1675, 1850, 1614, 5156,
454, 0.453, 1675, 1851, 1616, 5158,
455, 0.454, 1675, 1851, 1616, 5160,
456, 0.455, 1675, 1852, 1618, 5162,
457, 0.456, 1675, 1853, 1619, 5164,
458, 0.457, 1675, 1853, 1619, 5165,
459, 0.458, 1675, 1855, 1622, 5169,
460, 0.459, 1674, 1856, 1624, 5173,
461, 0.46, 1674, 1856, 1625, 5173,
462, 0.461, 1674, 1857, 1626, 5175,
463, 0.462, 1674, 1858, 1627, 5178,
464, 0.463, 1674, 1859, 1628, 5179,
465, 0.464, 1674, 1860, 1630, 5183,
466, 0.465, 1674, 1862, 1633, 5187,
467, 0.466, 1674, 1862, 1633, 5188,
468, 0.467, 1674, 1863, 1634, 5190,
469, 0.468, 1673, 1864, 1636, 5192,
470, 0.469, 1674, 1864, 1637, 5194,
471, 0.47, 1674, 1866, 1639, 5199,
472, 0.471, 1673, 1867, 1641, 5201,
473, 0.472, 1674, 1868, 1642, 5204,
474, 0.473, 1673, 1868, 1643, 5204,
475, 0.474, 1673, 1869, 1644, 5206,
476, 0.475, 1673, 1871, 1647, 5211,
477, 0.476, 1673, 1871, 1647, 5211,
478, 0.477, 1673, 1872, 1649, 5214,
479, 0.478, 1673, 1873, 1650, 5216,
480, 0.479, 1673, 1873, 1650, 5217,
481, 0.48, 1672, 1875, 1653, 5221,
482, 0.481, 1672, 1876, 1655, 5224,
483, 0.482, 1672, 1877, 1656, 5226,
484, 0.483, 1672, 1878, 1657, 5228,
485, 0.484, 1672, 1879, 1659, 5231,
486, 0.485, 1672, 1879, 1659, 5232,
487, 0.486, 1672, 1881, 1661, 5236,
488, 0.487, 1672, 1882, 1663, 5239,
489, 0.488, 1672, 1883, 1664, 5241,
490, 0.489, 1672, 1883, 1665, 5242,
491, 0.49, 1672, 1884, 1667, 5245,
492, 0.491, 1672, 1885, 1667, 5246,
493, 0.492, 1671, 1886, 1670, 5250,
494, 0.493, 1671, 1887, 1672, 5253,
495, 0.494, 1671, 1888, 1673, 5254,
496, 0.495, 1671, 1889, 1674, 5257,
497, 0.496, 1671, 1890, 1676, 5260,
498, 0.497, 1671, 1890, 1676, 5261,
499, 0.498, 1671, 1892, 1678, 5264,
500, 0.499, 1671, 1894, 1681, 5269,
501, 0.5, 1671, 1895, 1684, 5273,
502, 0.501, 1668, 1900, 1692, 5285,
503, 0.502, 1668, 1901, 1694, 5287,
504, 0.503, 1666, 1902, 1696, 5290,
505, 0.504, 1666, 1902, 1697, 5292,
506, 0.505, 1665, 1903, 1699, 5293,
507, 0.506, 1664, 1904, 1701, 5296,
508, 0.507, 1664, 1904, 1701, 5296,
509, 0.508, 1663, 1905, 1703, 5298,
510, 0.509, 1663, 1906, 1704, 5299,
511, 0.51, 1663, 1906, 1705, 5300,
512, 0.511, 1662, 1907, 1707, 5302,
513, 0.512, 1660, 1908, 1709, 5305,
514, 0.513, 1660, 1908, 1709, 5306,
515, 0.514, 1660, 1909, 1711, 5308,
516, 0.515, 1659, 1909, 1712, 5308,
517, 0.516, 1659, 1910, 1713, 5310,
518, 0.517, 1658, 1911, 1715, 5312,
519, 0.518, 1658, 1911, 1715, 5312,
520, 0.519, 1657, 1912, 1717, 5315,
521, 0.52, 1656, 1913, 1719, 5317,
522, 0.521, 1656, 1913, 1720, 5318,
523, 0.522, 1655, 1913, 1721, 5319,
524, 0.523, 1654, 1914, 1722, 5321,
525, 0.524, 1653, 1916, 1725, 5324,
526, 0.525, 1653, 1916, 1725, 5324,
527, 0.526, 1652, 1916, 1726, 5325,
528, 0.527, 1652, 1917, 1728, 5327,
529, 0.528, 1652, 1917, 1728, 5328,
530, 0.529, 1651, 1918, 1730, 5330,
531, 0.53, 1650, 1919, 1733, 5334,
532, 0.531, 1650, 1919, 1733, 5334,
533, 0.532, 1649, 1920, 1735, 5336,
534, 0.533, 1648, 1921, 1736, 5337,
535, 0.534, 1648, 1921, 1737, 5338,
536, 0.535, 1647, 1922, 1738, 5340,
537, 0.536, 1647, 1922, 1739, 5340,
538, 0.537, 1646, 1923, 1741, 5342,
539, 0.538, 1644, 1924, 1743, 5345,
540, 0.539, 1644, 1924, 1743, 5345,
541, 0.54, 1643, 1925, 1745, 5347,
542, 0.541, 1643, 1925, 1746, 5348,
543, 0.542, 1643, 1926, 1747, 5349,
544, 0.543, 1642, 1927, 1749, 5352,
545, 0.544, 1642, 1927, 1749, 5352,
546, 0.545, 1641, 1928, 1751, 5354,
547, 0.546, 1640, 1929, 1753, 5357,
548, 0.547, 1639, 1929, 1754, 5357,
549, 0.548, 1639, 1929, 1755, 5359,
550, 0.549, 1638, 1930, 1756, 5360,
551, 0.55, 1638, 1931, 1757, 5361,
552, 0.551, 1637, 1932, 1760, 5364,
553, 0.552, 1636, 1933, 1762, 5366,
554, 0.553, 1635, 1934, 1764, 5369,
555, 0.554, 1635, 1934, 1764, 5369,
556, 0.555, 1634, 1934, 1766, 5371,
557, 0.556, 1633, 1935, 1767, 5372,
558, 0.557, 1633, 1935, 1767, 5373,
559, 0.558, 1632, 1936, 1769, 5375,
560, 0.559, 1632, 1936, 1769, 5375,
561, 0.56, 1631, 1937, 1772, 5377,
562, 0.561, 1630, 1938, 1774, 5381,
563, 0.562, 1629, 1938, 1774, 5381,
564, 0.563, 1629, 1939, 1776, 5382,
565, 0.564, 1628, 1940, 1777, 5383,
566, 0.565, 1628, 1940, 1778, 5385,
567, 0.566, 1627, 1941, 1779, 5386,
568, 0.567, 1626, 1942, 1782, 5389,
569, 0.568, 1626, 1942, 1782, 5390,
570, 0.569, 1625, 1943, 1784, 5391,
571, 0.57, 1625, 1943, 1785, 5393,
572, 0.571, 1624, 1944, 1786, 5394,
573, 0.572, 1623, 1944, 1787, 5396,
574, 0.573, 1623, 1944, 1787, 5395,
575, 0.574, 1622, 1946, 1790, 5398,
576, 0.575, 1621, 1947, 1792, 5401,
577, 0.576, 1621, 1947, 1792, 5401,
578, 0.577, 1621, 1947, 1793, 5403,
579, 0.578, 1620, 1948, 1795, 5404,
580, 0.579, 1619, 1949, 1797, 5407,
581, 0.58, 1618, 1949, 1798, 5408,
582, 0.581, 1618, 1950, 1799, 5409,
583, 0.582, 1617, 1950, 1800, 5410,
584, 0.583, 1617, 1950, 1800, 5410,
585, 0.584, 1616, 1952, 1803, 5413,
586, 0.585, 1615, 1952, 1804, 5414,
587, 0.586, 1615, 1953, 1805, 5416,
588, 0.587, 1615, 1953, 1805, 5416,
589, 0.588, 1613, 1954, 1808, 5418,
590, 0.589, 1613, 1954, 1809, 5420,
591, 0.59, 1612, 1955, 1810, 5421,
592, 0.591, 1612, 1955, 1811, 5422,
593, 0.592, 1611, 1956, 1813, 5424,
594, 0.593, 1611, 1956, 1815, 5424,
595, 0.594, 1610, 1957, 1815, 5427,
596, 0.595, 1609, 1958, 1817, 5429,
597, 0.596, 1609, 1959, 1818, 5430,
598, 0.597, 1608, 1959, 1819, 5431,
599, 0.598, 1607, 1960, 1820, 5432,
600, 0.599, 1606, 1961, 1823, 5436,
601, 0.6, 1606, 1961, 1823, 5436,
602, 0.601, 1605, 1962, 1825, 5439,
603, 0.602, 1603, 1963, 1828, 5442,
604, 0.603, 1603, 1963, 1828, 5442,
605, 0.604, 1603, 1964, 1829, 5443,
606, 0.605, 1602, 1964, 1831, 5445,
607, 0.606, 1601, 1965, 1833, 5447,
608, 0.607, 1601, 1966, 1833, 5448,
609, 0.608, 1600, 1967, 1835, 5450,
610, 0.609, 1600, 1967, 1836, 5451,
611, 0.61, 1600, 1967, 1837, 5452,
612, 0.611, 1599, 1968, 1838, 5454,
613, 0.612, 1598, 1969, 1841, 5457,
614, 0.613, 1597, 1969, 1841, 5457,
615, 0.614, 1597, 1970, 1843, 5460,
616, 0.615, 1596, 1970, 1843, 5459,
617, 0.616, 1596, 1971, 1844, 5460,
618, 0.617, 1595, 1972, 1846, 5462,
619, 0.618, 1594, 1973, 1848, 5465,
620, 0.619, 1594, 1973, 1848, 5465,
621, 0.62, 1593, 1973, 1850, 5467,
622, 0.621, 1592, 1974, 1851, 5468,
623, 0.622, 1592, 1974, 1852, 5469,
624, 0.623, 1591, 1975, 1853, 5471,
625, 0.624, 1590, 1976, 1855, 5472,
626, 0.625, 1590, 1976, 1856, 5474,
627, 0.626, 1589, 1976, 1857, 5474,
628, 0.627, 1589, 1977, 1859, 5477,
629, 0.628, 1588, 1979, 1861, 5479,
630, 0.629, 1587, 1979, 1861, 5480,
631, 0.63, 1587, 1979, 1863, 5481,
632, 0.631, 1586, 1980, 1864, 5483,
633, 0.632, 1586, 1980, 1864, 5483,
634, 0.633, 1585, 1981, 1866, 5485,
635, 0.634, 1584, 1982, 1868, 5488,
636, 0.635, 1584, 1982, 1869, 5488,
637, 0.636, 1583, 1983, 1870, 5490,
638, 0.637, 1582, 1983, 1871, 5491,
639, 0.638, 1582, 1984, 1872, 5492,
640, 0.639, 1581, 1985, 1874, 5494,
641, 0.64, 1580, 1985, 1876, 5496,
642, 0.641, 1580, 1986, 1876, 5498,
643, 0.642, 1580, 1986, 1878, 5499,
644, 0.643, 1579, 1987, 1879, 5500,
645, 0.644, 1579, 1987, 1879, 5500,
646, 0.645, 1578, 1988, 1882, 5503,
647, 0.646, 1577, 1989, 1884, 5506,
648, 0.647, 1576, 1989, 1884, 5506,
649, 0.648, 1576, 1990, 1885, 5507,
650, 0.649, 1576, 1991, 1887, 5510,
651, 0.65, 1574, 1991, 1889, 5511,
652, 0.651, 1574, 1992, 1890, 5513,
653, 0.652, 1573, 1993, 1892, 5515,
654, 0.653, 1573, 1993, 1892, 5515,
655, 0.654, 1572, 1994, 1894, 5518,
656, 0.655, 1571, 1995, 1897, 5520,
657, 0.656, 1570, 1995, 1897, 5521,
658, 0.657, 1570, 1996, 1898, 5522,
659, 0.658, 1569, 1996, 1899, 5523,
660, 0.659, 1569, 1996, 1900, 5524,
661, 0.66, 1568, 1997, 1902, 5526,
662, 0.661, 1567, 1998, 1903, 5528,
663, 0.662, 1567, 1999, 1904, 5529,
664, 0.663, 1566, 1999, 1905, 5530,
665, 0.664, 1565, 2000, 1907, 5532,
666, 0.665, 1564, 2001, 1909, 5534,
667, 0.666, 1564, 2001, 1909, 5535,
668, 0.667, 1563, 2001, 1911, 5536,
669, 0.668, 1563, 2002, 1912, 5537,
670, 0.669, 1563, 2002, 1912, 5538,
671, 0.67, 1562, 2003, 1914, 5540,
672, 0.671, 1561, 2004, 1916, 5542,
673, 0.672, 1560, 2004, 1917, 5543,
674, 0.673, 1560, 2005, 1918, 5545,
675, 0.674, 1559, 2006, 1919, 5546,
676, 0.675, 1559, 2006, 1920, 5547,
677, 0.676, 1558, 2007, 1922, 5549,
678, 0.677, 1557, 2008, 1924, 5551,
679, 0.678, 1557, 2008, 1925, 5552,
680, 0.679, 1556, 2008, 1926, 5553,
681, 0.68, 1555, 2009, 1927, 5555,
682, 0.681, 1555, 2009, 1927, 5555,
683, 0.682, 1554, 2010, 1929, 5557,
684, 0.683, 1553, 2011, 1931, 5560,
685, 0.684, 1553, 2011, 1932, 5560,
686, 0.685, 1552, 2012, 1933, 5561,
687, 0.686, 1552, 2012, 1935, 5562,
688, 0.687, 1551, 2013, 1937, 5566,
689, 0.688, 1550, 2014, 1937, 5566,
690, 0.689, 1550, 2014, 1939, 5568,
691, 0.69, 1549, 2015, 1940, 5569,
692, 0.691, 1549, 2015, 1940, 5569,
693, 0.692, 1548, 2016, 1942, 5572,
694, 0.693, 1547, 2017, 1944, 5574,
695, 0.694, 1547, 2017, 1945, 5574,
696, 0.695, 1546, 2018, 1946, 5576,
697, 0.696, 1545, 2018, 1947, 5577,
698, 0.697, 1544, 2019, 1949, 5579,
699, 0.698, 1544, 2019, 1950, 5580,
700, 0.699, 1543, 2020, 1951, 5581,
701, 0.7, 1543, 2020, 1952, 5582,
702, 0.701, 1543, 2021, 1953, 5583,
703, 0.702, 1541, 2022, 1956, 5587,
704, 0.703, 1540, 2022, 1957, 5587,
705, 0.704, 1540, 2023, 1957, 5588,
706, 0.705, 1539, 2024, 1960, 5591,
707, 0.706, 1538, 2025, 1962, 5593,
708, 0.707, 1538, 2025, 1962, 5594,
709, 0.708, 1537, 2025, 1963, 5594,
710, 0.709, 1537, 2026, 1965, 5596,
711, 0.71, 1536, 2027, 1967, 5599,
712, 0.711, 1535, 2027, 1967, 5599,
713, 0.712, 1535, 2028, 1969, 5601,
714, 0.713, 1534, 2028, 1969, 5601,
715, 0.714, 1534, 2029, 1970, 5602,
716, 0.715, 1533, 2030, 1972, 5605,
717, 0.716, 1532, 2030, 1974, 5607,
718, 0.717, 1532, 2031, 1974, 5607,
719, 0.718, 1531, 2031, 1975, 5608,
720, 0.719, 1530, 2032, 1977, 5610,
721, 0.72, 1529, 2032, 1979, 5612,
722, 0.721, 1529, 2033, 1979, 5613,
723, 0.722, 1528, 2033, 1980, 5613,
724, 0.723, 1528, 2034, 1982, 5615,
725, 0.724, 1527, 2034, 1982, 5615,
726, 0.725, 1526, 2035, 1984, 5617,
727, 0.726, 1525, 2036, 1986, 5620,
728, 0.727, 1525, 2036, 1987, 5620,
729, 0.728, 1525, 2036, 1988, 5621,
730, 0.729, 1524, 2037, 1989, 5623,
731, 0.73, 1524, 2037, 1989, 5623,
732, 0.731, 1523, 2038, 1991, 5625,
733, 0.732, 1521, 2039, 1994, 5628,
734, 0.733, 1521, 2039, 1994, 5628,
735, 0.734, 1521, 2039, 1995, 5629,
736, 0.735, 1520, 2040, 1996, 5630,
737, 0.736, 1519, 2041, 1999, 5633,
738, 0.737, 1519, 2041, 1999, 5634,
739, 0.738, 1518, 2042, 2000, 5635,
740, 0.739, 1518, 2042, 2001, 5636,
741, 0.74, 1517, 2043, 2002, 5637,
742, 0.741, 1516, 2043, 2004, 5639,
743, 0.742, 1516, 2044, 2004, 5640,
744, 0.743, 1515, 2045, 2006, 5642,
745, 0.744, 1514, 2046, 2008, 5644,
746, 0.745, 1514, 2046, 2009, 5645,
747, 0.746, 1513, 2046, 2010, 5646,
748, 0.747, 1513, 2047, 2011, 5647,
749, 0.748, 1512, 2047, 2012, 5648,
750, 0.749, 1511, 2048, 2013, 5649,
751, 0.75, 1510, 2049, 2016, 5652,
752, 0.751, 1510, 2049, 2017, 5653,
753, 0.752, 1509, 2050, 2018, 5655,
754, 0.753, 1508, 2051, 2020, 5657,
755, 0.754, 1508, 2051, 2021, 5658,
756, 0.755, 1507, 2051, 2022, 5658,
757, 0.756, 1506, 2052, 2023, 5660,
758, 0.757, 1506, 2052, 2023, 5660,
759, 0.758, 1505, 2053, 2026, 5663,
760, 0.759, 1504, 2054, 2027, 5664,
761, 0.76, 1504, 2054, 2028, 5665,
762, 0.761, 1503, 2055, 2029, 5667,
763, 0.762, 1502, 2055, 2030, 5667,
764, 0.763, 1502, 2055, 2031, 5668,
765, 0.764, 1501, 2056, 2033, 5670,
766, 0.765, 1500, 2057, 2035, 5672,
767, 0.766, 1500, 2057, 2035, 5672,
768, 0.767, 1499, 2058, 2036, 5674,
769, 0.768, 1499, 2058, 2037, 5675,
770, 0.769, 1498, 2058, 2038, 5676,
771, 0.77, 1497, 2059, 2040, 5677,
772, 0.771, 1496, 2060, 2042, 5680,
773, 0.772, 1496, 2060, 2042, 5679,
774, 0.773, 1495, 2061, 2043, 5681,
775, 0.774, 1494, 2061, 2044, 5682,
776, 0.775, 1494, 2061, 2045, 5683,
777, 0.776, 1493, 2062, 2047, 5684,
778, 0.777, 1492, 2063, 2049, 5686,
779, 0.778, 1492, 2063, 2049, 5687,
780, 0.779, 1491, 2064, 2051, 5689,
781, 0.78, 1490, 2064, 2051, 5689,
782, 0.781, 1490, 2064, 2052, 5689,
783, 0.782, 1489, 2065, 2054, 5692,
784, 0.783, 1488, 2066, 2056, 5694,
785, 0.784, 1488, 2066, 2056, 5695,
786, 0.785, 1488, 2067, 2057, 5695,
787, 0.786, 1487, 2067, 2059, 5698,
788, 0.787, 1486, 2068, 2061, 5699,
789, 0.788, 1485, 2068, 2061, 5699,
790, 0.789, 1485, 2069, 2062, 5701,
791, 0.79, 1484, 2069, 2063, 5702,
792, 0.791, 1484, 2070, 2064, 5703,
793, 0.792, 1483, 2071, 2066, 5705,
794, 0.793, 1482, 2071, 2068, 5707,
795, 0.794, 1482, 2071, 2068, 5707,
796, 0.795, 1481, 2072, 2069, 5708,
797, 0.796, 1480, 2072, 2070, 5710,
798, 0.797, 1479, 2073, 2073, 5712,
799, 0.798, 1479, 2074, 2073, 5713,
800, 0.799, 1478, 2074, 2075, 5714,
801, 0.8, 1477, 2075, 2077, 5717,
802, 0.801, 1476, 2076, 2078, 5718,
803, 0.802, 1476, 2076, 2079, 5719,
804, 0.803, 1475, 2077, 2080, 5720,
805, 0.804, 1475, 2077, 2081, 5721,
806, 0.805, 1474, 2078, 2083, 5723,
807, 0.806, 1473, 2079, 2085, 5725,
808, 0.807, 1473, 2079, 2085, 5726,
809, 0.808, 1472, 2079, 2086, 5727,
810, 0.809, 1471, 2080, 2087, 5727,
811, 0.81, 1470, 2081, 2089, 5730,
812, 0.811, 1470, 2081, 2090, 5730,
813, 0.812, 1469, 2081, 2091, 5732,
814, 0.813, 1469, 2082, 2092, 5732,
815, 0.814, 1468, 2082, 2093, 5733,
816, 0.815, 1467, 2083, 2094, 5735,
817, 0.816, 1466, 2083, 2096, 5737,
818, 0.817, 1466, 2084, 2097, 5738,
819, 0.818, 1466, 2084, 2098, 5738,
820, 0.819, 1465, 2085, 2099, 5740,
821, 0.82, 1464, 2086, 2102, 5743,
822, 0.821, 1463, 2086, 2101, 5742,
823, 0.822, 1463, 2087, 2103, 5744,
824, 0.823, 1462, 2087, 2104, 5745,
825, 0.824, 1462, 2087, 2105, 5745,
826, 0.825, 1461, 2088, 2106, 5747,
827, 0.826, 1461, 2088, 2106, 5747,
828, 0.827, 1460, 2089, 2109, 5750,
829, 0.828, 1459, 2090, 2110, 5752,
830, 0.829, 1458, 2090, 2111, 5752,
831, 0.83, 1458, 2090, 2112, 5753,
832, 0.831, 1457, 2091, 2113, 5755,
833, 0.832, 1456, 2092, 2116, 5758,
834, 0.833, 1456, 2092, 2116, 5757,
835, 0.834, 1455, 2093, 2117, 5759,
836, 0.835, 1454, 2093, 2118, 5760,
837, 0.836, 1454, 2093, 2118, 5760,
838, 0.837, 1453, 2094, 2121, 5762,
839, 0.838, 1452, 2095, 2122, 5764,
840, 0.839, 1452, 2095, 2123, 5765,
841, 0.84, 1452, 2096, 2124, 5766,
842, 0.841, 1451, 2096, 2126, 5768,
843, 0.842, 1450, 2097, 2127, 5769,
844, 0.843, 1449, 2097, 2128, 5770,
845, 0.844, 1449, 2098, 2129, 5771,
846, 0.845, 1448, 2098, 2130, 5773,
847, 0.846, 1447, 2099, 2132, 5775,
848, 0.847, 1447, 2100, 2133, 5776,
849, 0.848, 1446, 2100, 2134, 5777,
850, 0.849, 1446, 2100, 2135, 5778,
851, 0.85, 1445, 2101, 2136, 5779,
852, 0.851, 1444, 2102, 2138, 5782,
853, 0.852, 1443, 2102, 2139, 5782,
854, 0.853, 1443, 2102, 2140, 5782,
855, 0.854, 1442, 2103, 2142, 5785,
856, 0.855, 1441, 2104, 2143, 5786,
857, 0.856, 1440, 2104, 2144, 5787,
858, 0.857, 1440, 2105, 2145, 5788,
859, 0.858, 1439, 2105, 2147, 5790,
860, 0.859, 1439, 2105, 2147, 5790,
861, 0.86, 1438, 2106, 2149, 5792,
862, 0.861, 1437, 2107, 2150, 5793,
863, 0.862, 1436, 2107, 2151, 5794,
864, 0.863, 1436, 2107, 2151, 5794,
865, 0.864, 1435, 2108, 2153, 5796,
866, 0.865, 1434, 2109, 2155, 5798,
867, 0.866, 1434, 2109, 2156, 5799,
868, 0.867, 1433, 2110, 2157, 5800,
869, 0.868, 1433, 2110, 2158, 5801,
870, 0.869, 1432, 2110, 2158, 5801,
871, 0.87, 1431, 2111, 2160, 5803,
872, 0.871, 1430, 2112, 2162, 5805,
873, 0.872, 1430, 2112, 2163, 5806,
874, 0.873, 1429, 2112, 2163, 5807,
875, 0.874, 1429, 2113, 2165, 5809,
876, 0.875, 1428, 2114, 2167, 5811,
877, 0.876, 1428, 2114, 2168, 5811,
878, 0.877, 1427, 2115, 2169, 5813,
879, 0.878, 1426, 2115, 2170, 5814,
880, 0.879, 1426, 2115, 2170, 5814,
881, 0.88, 1425, 2116, 2172, 5817,
882, 0.881, 1424, 2117, 2174, 5818,
883, 0.882, 1424, 2117, 2175, 5819,
884, 0.883, 1423, 2117, 2175, 5820,
885, 0.884, 1422, 2118, 2177, 5821,
886, 0.885, 1422, 2118, 2177, 5822,
887, 0.886, 1421, 2119, 2179, 5823,
888, 0.887, 1420, 2120, 2181, 5825,
889, 0.888, 1420, 2120, 2181, 5826,
890, 0.889, 1419, 2121, 2183, 5827,
891, 0.89, 1418, 2121, 2184, 5828,
892, 0.891, 1418, 2121, 2184, 5829,
893, 0.892, 1417, 2122, 2186, 5830,
894, 0.893, 1416, 2123, 2188, 5832,
895, 0.894, 1416, 2123, 2188, 5832,
896, 0.895, 1415, 2123, 2190, 5833,
897, 0.896, 1414, 2124, 2190, 5834,
898, 0.897, 1414, 2124, 2191, 5835,
899, 0.898, 1413, 2124, 2193, 5836,
900, 0.899, 1412, 2125, 2194, 5839,
901, 0.9, 1412, 2126, 2195, 5839,
902, 0.901, 1411, 2126, 2196, 5840,
903, 0.902, 1409, 2127, 2199, 5843,
904, 0.903, 1409, 2127, 2199, 5844,
905, 0.904, 1408, 2128, 2201, 5845,
906, 0.905, 1408, 2128, 2202, 5846,
907, 0.906, 1407, 2129, 2202, 5846,
908, 0.907, 1406, 2129, 2204, 5848,
909, 0.908, 1406, 2129, 2204, 5848,
910, 0.909, 1405, 2130, 2206, 5850,
911, 0.91, 1404, 2131, 2208, 5852,
912, 0.911, 1404, 2131, 2209, 5853,
913, 0.912, 1403, 2132, 2210, 5854,
914, 0.913, 1402, 2132, 2211, 5855,
915, 0.914, 1402, 2133, 2212, 5856,
916, 0.915, 1401, 2133, 2213, 5857,
917, 0.916, 1401, 2133, 2213, 5858,
918, 0.917, 1400, 2134, 2216, 5860,
919, 0.918, 1399, 2135, 2217, 5862,
920, 0.919, 1399, 2135, 2218, 5862,
921, 0.92, 1398, 2136, 2219, 5864,
922, 0.921, 1397, 2136, 2220, 5865,
923, 0.922, 1397, 2136, 2220, 5865,
924, 0.923, 1396, 2137, 2223, 5868,
925, 0.924, 1395, 2138, 2224, 5869,
926, 0.925, 1395, 2138, 2225, 5870,
927, 0.926, 1394, 2139, 2226, 5871,
928, 0.927, 1394, 2139, 2227, 5873,
929, 0.928, 1393, 2140, 2229, 5875,
930, 0.929, 1392, 2140, 2230, 5875,
931, 0.93, 1392, 2141, 2231, 5876,
932, 0.931, 1391, 2141, 2232, 5878,
933, 0.932, 1391, 2141, 2232, 5878,
934, 0.933, 1390, 2142, 2235, 5880,
935, 0.934, 1389, 2143, 2236, 5882,
936, 0.935, 1389, 2143, 2237, 5882,
937, 0.936, 1388, 2144, 2238, 5884,
938, 0.937, 1387, 2144, 2239, 5884,
939, 0.938, 1387, 2144, 2239, 5884,
940, 0.939, 1386, 2145, 2241, 5886,
941, 0.94, 1385, 2146, 2243, 5888,
942, 0.941, 1384, 2146, 2244, 5889,
943, 0.942, 1384, 2147, 2245, 5890,
944, 0.943, 1383, 2147, 2246, 5891,
945, 0.944, 1383, 2147, 2246, 5891,
946, 0.945, 1382, 2148, 2248, 5893,
947, 0.946, 1382, 2149, 2249, 5895,
948, 0.947, 1381, 2149, 2250, 5896,
949, 0.948, 1379, 2150, 2252, 5898,
950, 0.949, 1379, 2150, 2253, 5898,
951, 0.95, 1378, 2150, 2254, 5899,
952, 0.951, 1378, 2151, 2255, 5900,
953, 0.952, 1377, 2152, 2257, 5902,
954, 0.953, 1376, 2152, 2259, 5904,
955, 0.954, 1375, 2153, 2259, 5905,
956, 0.955, 1375, 2153, 2260, 5906,
957, 0.956, 1374, 2154, 2262, 5907,
958, 0.957, 1373, 2154, 2264, 5909,
959, 0.958, 1373, 2154, 2264, 5909,
960, 0.959, 1372, 2155, 2265, 5911,
961, 0.96, 1371, 2155, 2266, 5912,
962, 0.961, 1371, 2155, 2266, 5911,
963, 0.962, 1370, 2156, 2268, 5913,
964, 0.963, 1369, 2157, 2270, 5915,
965, 0.964, 1369, 2157, 2271, 5916,
966, 0.965, 1368, 2157, 2271, 5916,
967, 0.966, 1367, 2158, 2273, 5918,
968, 0.967, 1366, 2159, 2275, 5919,
969, 0.968, 1366, 2159, 2275, 5921,
970, 0.969, 1366, 2159, 2276, 5921,
971, 0.97, 1365, 2160, 2277, 5922,
972, 0.971, 1365, 2160, 2278, 5923,
973, 0.972, 1363, 2161, 2279, 5924,
974, 0.973, 1362, 2161, 2281, 5926,
975, 0.974, 1362, 2162, 2282, 5927,
976, 0.975, 1362, 2162, 2282, 5928,
977, 0.976, 1361, 2163, 2284, 5929,
978, 0.977, 1360, 2164, 2286, 5931,
979, 0.978, 1359, 2164, 2286, 5931,
980, 0.979, 1359, 2164, 2288, 5933,
981, 0.98, 1358, 2165, 2289, 5934,
982, 0.981, 1358, 2165, 2289, 5935,
983, 0.982, 1357, 2165, 2291, 5936,
984, 0.983, 1356, 2167, 2293, 5939,
985, 0.984, 1356, 2167, 2293, 5939,
986, 0.985, 1355, 2167, 2295, 5940,
987, 0.986, 1354, 2167, 2296, 5941,
988, 0.987, 1354, 2168, 2296, 5942,
989, 0.988, 1353, 2168, 2298, 5944,
990, 0.989, 1352, 2169, 2299, 5944,
991, 0.99, 1352, 2169, 2300, 5945,
992, 0.991, 1351, 2170, 2301, 5946,
993, 0.992, 1350, 2170, 2302, 5948,
994, 0.993, 1350, 2170, 2302, 5948,
995, 0.994, 1349, 2171, 2304, 5950,
996, 0.995, 1349, 2172, 2305, 5951,
997, 0.996, 1348, 2172, 2307, 5952,
998, 0.997, 1348, 2172, 2307, 5953,
999, 0.998, 1347, 2173, 2309, 5954,
1000, 0.999, 1346, 2173, 2310, 5955,
