1, 0.0, 1908, 1651, 1118, 4655,
2, 0.001, 8944, 7755, 5242, 21848,
3, 0.002, 8957, 7759, 5244, 21867,
4, 0.003, 8953, 7751, 5241, 21850,
5, 0.004, 8951, 7751, 5246, 21851,
6, 0.005, 8949, 7748, 5244, 21845,
7, 0.006, 8955, 7755, 5252, 21866,
8, 0.007, 8954, 7756, 5256, 21871,
9, 0.008, 8941, 7746, 5251, 21843,
10, 0.009, 8943, 7753, 5261, 21862,
11, 0.01, 8950, 7759, 5266, 21880,
12, 0.011, 8943, 7762, 5275, 21886,
13, 0.012, 8939, 7765, 5283, 21894,
14, 0.013, 8946, 7774, 5291, 21919,
15, 0.014, 8946, 7778, 5297, 21929,
16, 0.015, 8941, 7778, 5302, 21930,
17, 0.016, 8940, 7779, 5304, 21932,
18, 0.017, 8942, 7790, 5318, 21960,
19, 0.018, 8942, 7797, 5329, 21981,
20, 0.019, 8936, 7794, 5329, 21971,
21, 0.02, 8936, 7799, 5336, 21984,
22, 0.021, 8938, 7807, 5346, 22005,
23, 0.022, 8935, 7806, 5347, 22002,
24, 0.023, 8933, 7813, 5357, 22018,
25, 0.024, 8934, 7821, 5370, 22043,
26, 0.025, 8936, 7825, 5374, 22053,
27, 0.026, 8933, 7829, 5381, 22061,
28, 0.027, 8932, 7831, 5387, 22069,
29, 0.028, 8935, 7837, 5394, 22085,
30, 0.029, 8934, 7843, 5403, 22100,
31, 0.03, 8930, 7842, 5403, 22095,
32, 0.031, 8931, 7851, 5416, 22119,
33, 0.032, 8931, 7857, 5425, 22136,
34, 0.033, 8931, 7862, 5432, 22147,
35, 0.034, 8928, 7862, 5435, 22148,
36, 0.035, 8929, 7870, 5445, 22169,
37, 0.036, 8930, 7880, 5460, 22196,
38, 0.037, 8927, 7879, 5460, 22192,
39, 0.038, 8927, 7884, 5468, 22206,
40, 0.039, 8927, 7889, 5475, 22219,
41, 0.04, 8927, 7892, 5479, 22227,
42, 0.041, 8925, 7897, 5489, 22241,
43, 0.042, 8924, 7906, 5501, 22261,
44, 0.043, 8926, 7909, 5505, 22270,
45, 0.044, 8925, 7912, 5511, 22279,
46, 0.045, 8923, 7916, 5518, 22289,
47, 0.046, 8925, 7920, 5522, 22298,
48, 0.047, 8924, 7928, 5534, 22319,
49, 0.048, 8923, 7934, 5544, 22335,
50, 0.049, 8922, 7936, 5548, 22341,
51, 0.05, 8922, 7940, 5555, 22352,
52, 0.051, 8921, 7954, 5575, 22388,
53, 0.052, 8920, 7955, 5577, 22389,
54, 0.053, 8919, 7958, 5583, 22400,
55, 0.054, 8919, 7965, 5592, 22415,
56, 0.055, 8919, 7966, 5593, 22418,
57, 0.056, 8918, 7973, 5606, 22438,
58, 0.057, 8917, 7981, 5618, 22458,
59, 0.058, 8917, 7984, 5621, 22464,
60, 0.059, 8916, 7989, 5629, 22478,
61, 0.06, 8915, 7992, 5635, 22487,
62, 0.061, 8916, 7994, 5638, 22494,
63, 0.062, 8916, 8002, 5650, 22515,
64, 0.063, 8914, 8010, 5662, 22533,
65, 0.064, 8915, 8012, 5665, 22539,
66, 0.065, 8914, 8018, 5673, 22554,
67, 0.066, 8914, 8022, 5680, 22564,
68, 0.067, 8913, 8025, 5684, 22571,
69, 0.068, 8913, 8031, 5695, 22590,
70, 0.069, 8913, 8039, 5705, 22608,
71, 0.07, 8913, 8041, 5709, 22615,
72, 0.071, 8911, 8044, 5713, 22621,
73, 0.072, 8911, 8051, 5724, 22640,
74, 0.073, 8911, 8051, 5724, 22640,
75, 0.074, 8910, 8060, 5738, 22664,
76, 0.075, 8910, 8067, 5748, 22681,
77, 0.076, 8910, 8071, 5753, 22690,
78, 0.077, 8910, 8072, 5756, 22694,
79, 0.078, 8908, 8080, 5768, 22714,
80, 0.079, 8908, 8089, 5781, 22737,
81, 0.08, 8908, 8091, 5784, 22742,
82, 0.081, 8907, 8096, 5792, 22756,
83, 0.082, 8908, 8100, 5798, 22767,
84, 0.083, 8908, 8102, 5801, 22772,
85, 0.084, 8907, 8110, 5813, 22792,
86, 0.085, 8906, 8119, 5827, 22817,
87, 0.086, 8906, 8120, 5828, 22818,
88, 0.087, 8905, 8126, 5838, 22834,
89, 0.088, 8905, 8129, 5843, 22844,
90, 0.089, 8905, 8134, 5850, 22855,
91, 0.09, 8905, 8139, 5857, 22870,
92, 0.091, 8906, 8142, 5861, 22875,
93, 0.092, 8905, 8149, 5873, 22895,
94, 0.093, 8905, 8159, 5887, 22921,
95, 0.094, 8904, 8159, 5888, 22922,
96, 0.095, 8904, 8166, 5898, 22939,
97, 0.096, 8903, 8169, 5902, 22946,
98, 0.097, 8903, 8173, 5908, 22956,
99, 0.098, 8902, 8178, 5917, 22971,
100, 0.099, 8902, 8179, 5917, 22971,
101, 0.1, 8901, 8193, 5938, 23007,
102, 0.101, 8901, 8198, 5947, 23021,
103, 0.102, 8901, 8199, 5949, 23026,
104, 0.103, 8900, 8208, 5961, 23047,
105, 0.104, 8899, 8216, 5974, 23069,
106, 0.105, 8900, 8219, 5977, 23075,
107, 0.106, 8898, 8223, 5985, 23088,
108, 0.107, 8898, 8227, 5991, 23098,
109, 0.108, 8898, 8230, 5996, 23106,
110, 0.109, 8898, 8237, 6005, 23122,
111, 0.11, 8898, 8238, 6008, 23127,
112, 0.111, 8897, 8247, 6020, 23148,
113, 0.112, 8896, 8254, 6033, 23169,
114, 0.113, 8897, 8257, 6036, 23176,
115, 0.114, 8896, 8261, 6042, 23185,
116, 0.115, 8895, 8267, 6051, 23201,
117, 0.116, 8896, 8269, 6053, 23205,
118, 0.117, 8895, 8277, 6066, 23227,
119, 0.118, 8894, 8285, 6078, 23249,
120, 0.119, 8895, 8287, 6081, 23253,
121, 0.12, 8893, 8291, 6086, 23262,
122, 0.121, 8893, 8296, 6095, 23275,
123, 0.122, 8893, 8298, 6097, 23281,
124, 0.123, 8893, 8306, 6110, 23302,
125, 0.124, 8892, 8314, 6122, 23322,
126, 0.125, 8892, 8316, 6124, 23327,
127, 0.126, 8891, 8322, 6133, 23342,
128, 0.127, 8892, 8326, 6139, 23353,
129, 0.128, 8892, 8328, 6142, 23357,
130, 0.129, 8890, 8336, 6154, 23378,
131, 0.13, 8890, 8344, 6167, 23400,
132, 0.131, 8891, 8346, 6169, 23405,
133, 0.132, 8890, 8350, 6176, 23415,
134, 0.133, 8889, 8355, 6184, 23429,
135, 0.134, 8889, 8358, 6187, 23435,
136, 0.135, 8889, 8365, 6199, 23454,
137, 0.136, 8888, 8375, 6213, 23478,
138, 0.137, 8888, 8376, 6214, 23481,
139, 0.138, 8887, 8382, 6224, 23497,
140, 0.139, 8888, 8386, 6229, 23507,
141, 0.14, 8886, 8389, 6235, 23515,
142, 0.141, 8886, 8395, 6243, 23530,
143, 0.142, 8887, 8397, 6247, 23537,
144, 0.143, 8887, 8406, 6260, 23559,
145, 0.144, 8887, 8414, 6272, 23582,
146, 0.145, 8887, 8416, 6274, 23587,
147, 0.146, 8886, 8421, 6283, 23600,
148, 0.147, 8886, 8426, 6289, 23612,
149, 0.148, 8886, 8430, 6295, 23623,
150, 0.149, 8885, 8436, 6305, 23639,
151, 0.15, 8885, 8446, 6319, 23663,
152, 0.151, 8885, 8449, 6324, 23673,
153, 0.152, 8884, 8456, 6335, 23690,
154, 0.153, 8884, 8457, 6335, 23691,
155, 0.154, 8884, 8467, 6349, 23718,
156, 0.155, 8884, 8474, 6361, 23737,
157, 0.156, 8884, 8477, 6365, 23746,
158, 0.157, 8884, 8482, 6373, 23758,
159, 0.158, 8884, 8487, 6381, 23772,
160, 0.159, 8884, 8488, 6382, 23775,
161, 0.16, 8884, 8497, 6395, 23798,
162, 0.161, 8883, 8504, 6405, 23814,
163, 0.162, 8884, 8508, 6411, 23826,
164, 0.163, 8883, 8512, 6417, 23836,
165, 0.164, 8882, 8517, 6426, 23851,
166, 0.165, 8883, 8520, 6428, 23855,
167, 0.166, 8882, 8527, 6440, 23876,
168, 0.167, 8881, 8537, 6455, 23901,
169, 0.168, 8881, 8537, 6455, 23901,
170, 0.169, 8881, 8544, 6466, 23919,
171, 0.17, 8881, 8548, 6471, 23929,
172, 0.171, 8880, 8552, 6478, 23940,
173, 0.172, 8880, 8558, 6485, 23953,
174, 0.173, 8880, 8567, 6500, 23978,
175, 0.174, 8880, 8568, 6500, 23981,
176, 0.175, 8879, 8575, 6511, 23998,
177, 0.176, 8879, 8578, 6515, 24005,
178, 0.177, 8878, 8582, 6522, 24016,
179, 0.178, 8878, 8588, 6530, 24031,
180, 0.179, 8879, 8590, 6534, 24037,
181, 0.18, 8878, 8598, 6546, 24057,
182, 0.181, 8877, 8606, 6559, 24080,
183, 0.182, 8877, 8607, 6560, 24083,
184, 0.183, 8876, 8612, 6568, 24095,
185, 0.184, 8876, 8617, 6575, 24108,
186, 0.185, 8876, 8618, 6577, 24110,
187, 0.186, 8876, 8627, 6590, 24134,
188, 0.187, 8875, 8633, 6599, 24148,
189, 0.188, 8874, 8636, 6604, 24156,
190, 0.189, 8874, 8638, 6608, 24163,
191, 0.19, 8874, 8647, 6620, 24185,
192, 0.191, 8873, 8655, 6633, 24207,
193, 0.192, 8873, 8657, 6635, 24211,
194, 0.193, 8872, 8662, 6643, 24224,
195, 0.194, 8873, 8666, 6650, 24236,
196, 0.195, 8873, 8669, 6654, 24245,
197, 0.196, 8872, 8676, 6665, 24262,
198, 0.197, 8872, 8677, 6666, 24265,
199, 0.198, 8871, 8687, 6680, 24288,
200, 0.199, 8871, 8694, 6692, 24308,
201, 0.2, 8871, 8698, 6697, 24317,
202, 0.201, 8870, 8706, 6710, 24339,
203, 0.202, 8869, 8715, 6723, 24361,
204, 0.203, 8869, 8716, 6724, 24362,
205, 0.204, 8868, 8722, 6734, 24379,
206, 0.205, 8868, 8725, 6739, 24388,
207, 0.206, 8868, 8729, 6745, 24400,
208, 0.207, 8867, 8735, 6754, 24414,
209, 0.208, 8867, 8745, 6769, 24440,
210, 0.209, 8868, 8746, 6770, 24442,
211, 0.21, 8867, 8753, 6780, 24460,
212, 0.211, 8867, 8756, 6785, 24468,
213, 0.212, 8867, 8760, 6791, 24479,
214, 0.213, 8866, 8766, 6799, 24493,
215, 0.214, 8866, 8768, 6802, 24497,
216, 0.215, 8866, 8777, 6815, 24520,
217, 0.216, 8865, 8779, 6818, 24525,
218, 0.217, 8865, 8786, 6830, 24545,
219, 0.218, 8864, 8796, 6845, 24570,
220, 0.219, 8864, 8796, 6845, 24570,
221, 0.22, 8865, 8804, 6856, 24591,
222, 0.221, 8864, 8807, 6860, 24598,
223, 0.222, 8864, 8812, 6868, 24611,
224, 0.223, 8864, 8817, 6875, 24624,
225, 0.224, 8864, 8819, 6879, 24631,
226, 0.225, 8863, 8827, 6891, 24651,
227, 0.226, 8863, 8835, 6903, 24673,
228, 0.227, 8862, 8836, 6905, 24676,
229, 0.228, 8862, 8840, 6911, 24685,
230, 0.229, 8861, 8846, 6920, 24700,
231, 0.23, 8862, 8848, 6923, 24705,
232, 0.231, 8861, 8856, 6935, 24727,
233, 0.232, 8860, 8866, 6950, 24752,
234, 0.233, 8861, 8867, 6951, 24754,
235, 0.234, 8860, 8874, 6961, 24771,
236, 0.235, 8860, 8876, 6964, 24777,
237, 0.236, 8859, 8879, 6970, 24786,
238, 0.237, 8859, 8886, 6980, 24804,
239, 0.238, 8860, 8887, 6981, 24806,
240, 0.239, 8859, 8896, 6995, 24832,
241, 0.24, 8858, 8903, 7006, 24849,
242, 0.241, 8858, 8906, 7010, 24857,
243, 0.242, 8858, 8910, 7016, 24867,
244, 0.243, 8857, 8916, 7025, 24881,
245, 0.244, 8857, 8917, 7026, 24885,
246, 0.245, 8856, 8926, 7040, 24908,
247, 0.246, 8856, 8932, 7050, 24926,
248, 0.247, 8855, 8935, 7054, 24933,
249, 0.248, 8855, 8940, 7061, 24945,
250, 0.249, 8854, 8945, 7069, 24957,
251, 0.25, 8855, 8946, 7070, 24958,
252, 0.251, 8854, 8958, 7088, 24991,
253, 0.252, 8853, 8965, 7099, 25010,
254, 0.253, 8853, 8974, 7112, 25032,
255, 0.254, 8853, 8975, 7114, 25037,
256, 0.255, 8852, 8981, 7123, 25052,
257, 0.256, 8853, 8987, 7130, 25065,
258, 0.257, 8852, 8986, 7130, 25064,
259, 0.258, 8850, 8995, 7144, 25086,
260, 0.259, 8851, 9003, 7157, 25109,
261, 0.26, 8851, 9005, 7159, 25115,
262, 0.261, 8851, 9011, 7168, 25130,
263, 0.262, 8850, 9015, 7174, 25140,
264, 0.263, 8851, 9020, 7180, 25151,
265, 0.264, 8850, 9026, 7189, 25166,
266, 0.265, 8850, 9027, 7191, 25169,
267, 0.266, 8849, 9035, 7205, 25192,
268, 0.267, 8849, 9044, 7218, 25216,
269, 0.268, 8849, 9045, 7220, 25218,
270, 0.269, 8848, 9052, 7229, 25234,
271, 0.27, 8848, 9055, 7235, 25246,
272, 0.271, 8848, 9059, 7240, 25254,
273, 0.272, 8847, 9066, 7250, 25271,
274, 0.273, 8847, 9067, 7252, 25274,
275, 0.274, 8847, 9075, 7265, 25296,
276, 0.275, 8846, 9081, 7272, 25308,
277, 0.276, 8846, 9085, 7280, 25321,
278, 0.277, 8845, 9086, 7281, 25323,
279, 0.278, 8845, 9095, 7295, 25347,
280, 0.279, 8844, 9104, 7308, 25369,
281, 0.28, 8844, 9105, 7310, 25372,
282, 0.281, 8844, 9111, 7319, 25388,
283, 0.282, 8843, 9115, 7324, 25396,
284, 0.283, 8843, 9118, 7330, 25406,
285, 0.284, 8842, 9124, 7339, 25421,
286, 0.285, 8843, 9126, 7341, 25426,
287, 0.286, 8842, 9134, 7355, 25448,
288, 0.287, 8841, 9142, 7366, 25467,
289, 0.288, 8842, 9145, 7371, 25477,
290, 0.289, 8841, 9150, 7378, 25489,
291, 0.29, 8841, 9155, 7385, 25500,
292, 0.291, 8841, 9156, 7387, 25504,
293, 0.292, 8840, 9165, 7400, 25527,
294, 0.293, 8839, 9174, 7413, 25548,
295, 0.294, 8840, 9175, 7415, 25553,
296, 0.295, 8839, 9181, 7424, 25569,
297, 0.296, 8840, 9186, 7431, 25581,
298, 0.297, 8838, 9187, 7434, 25586,
299, 0.298, 8839, 9195, 7446, 25606,
300, 0.299, 8838, 9204, 7459, 25628,
301, 0.3, 8838, 9208, 7465, 25639,
302, 0.301, 8837, 9215, 7475, 25657,
303, 0.302, 8838, 9217, 7477, 25661,
304, 0.303, 8836, 9225, 7491, 25684,
305, 0.304, 8836, 9233, 7502, 25705,
306, 0.305, 8836, 9236, 7506, 25713,
307, 0.306, 8836, 9241, 7514, 25726,
308, 0.307, 8836, 9246, 7521, 25738,
309, 0.308, 8836, 9248, 7523, 25742,
310, 0.309, 8835, 9256, 7536, 25762,
311, 0.31, 8834, 9262, 7546, 25780,
312, 0.311, 8834, 9265, 7551, 25788,
313, 0.312, 8834, 9270, 7558, 25800,
314, 0.313, 8833, 9275, 7566, 25813,
315, 0.314, 8833, 9277, 7569, 25819,
316, 0.315, 8833, 9285, 7581, 25840,
317, 0.316, 8832, 9294, 7595, 25864,
318, 0.317, 8832, 9295, 7596, 25866,
319, 0.318, 8831, 9301, 7605, 25880,
320, 0.319, 8832, 9305, 7611, 25893,
321, 0.32, 8831, 9309, 7617, 25901,
322, 0.321, 8830, 9315, 7626, 25916,
323, 0.322, 8830, 9325, 7641, 25943,
324, 0.323, 8830, 9326, 7642, 25946,
325, 0.324, 8829, 9333, 7653, 25964,
326, 0.325, 8830, 9336, 7657, 25971,
327, 0.326, 8829, 9340, 7664, 25982,
328, 0.327, 8828, 9344, 7671, 25994,
329, 0.328, 8828, 9347, 7675, 26001,
330, 0.329, 8827, 9354, 7686, 26019,
331, 0.33, 8827, 9354, 7686, 26020,
332, 0.331, 8826, 9364, 7701, 26046,
333, 0.332, 8826, 9371, 7712, 26064,
334, 0.333, 8826, 9375, 7717, 26073,
335, 0.334, 8825, 9379, 7723, 26084,
336, 0.335, 8825, 9384, 7731, 26096,
337, 0.336, 8825, 9383, 7731, 26095,
338, 0.337, 8825, 9394, 7746, 26122,
339, 0.338, 8824, 9400, 7755, 26138,
340, 0.339, 8824, 9405, 7761, 26149,
341, 0.34, 8824, 9407, 7764, 26154,
342, 0.341, 8822, 9413, 7775, 26170,
343, 0.342, 8822, 9422, 7789, 26195,
344, 0.343, 8822, 9424, 7791, 26200,
345, 0.344, 8821, 9429, 7799, 26212,
346, 0.345, 8821, 9434, 7806, 26224,
347, 0.346, 8821, 9438, 7812, 26235,
348, 0.347, 8820, 9444, 7821, 26249,
349, 0.348, 8819, 9452, 7834, 26273,
350, 0.349, 8820, 9454, 7836, 26276,
351, 0.35, 8819, 9460, 7846, 26294,
352, 0.351, 8819, 9464, 7852, 26305,
353, 0.352, 8818, 9473, 7866, 26328,
354, 0.353, 8818, 9480, 7876, 26344,
355, 0.354, 8817, 9483, 7881, 26354,
356, 0.355, 8817, 9486, 7885, 26360,
357, 0.356, 8817, 9494, 7897, 26380,
358, 0.357, 8816, 9501, 7908, 26400,
359, 0.358, 8816, 9503, 7911, 26405,
360, 0.359, 8815, 9507, 7918, 26415,
361, 0.36, 8815, 9513, 7926, 26431,
362, 0.361, 8815, 9515, 7929, 26437,
363, 0.362, 8815, 9524, 7942, 26460,
364, 0.363, 8814, 9533, 7956, 26483,
365, 0.364, 8815, 9534, 7958, 26487,
366, 0.365, 8814, 9541, 7968, 26504,
367, 0.366, 8814, 9545, 7973, 26514,
368, 0.367, 8814, 9547, 7977, 26520,
369, 0.368, 8814, 9555, 7988, 26540,
370, 0.369, 8813, 9565, 8003, 26565,
371, 0.37, 8813, 9565, 8003, 26567,
372, 0.371, 8812, 9571, 8013, 26583,
373, 0.372, 8812, 9574, 8018, 26590,
374, 0.373, 8812, 9578, 8023, 26599,
375, 0.374, 8811, 9584, 8032, 26615,
376, 0.375, 8811, 9594, 8047, 26641,
377, 0.376, 8811, 9595, 8048, 26642,
378, 0.377, 8810, 9602, 8058, 26660,
379, 0.378, 8810, 9605, 8063, 26668,
380, 0.379, 8809, 9607, 8068, 26676,
381, 0.38, 8809, 9614, 8078, 26695,
382, 0.381, 8808, 9622, 8089, 26713,
383, 0.382, 8808, 9625, 8093, 26721,
384, 0.383, 8808, 9629, 8101, 26733,
385, 0.384, 8808, 9634, 8108, 26746,
386, 0.385, 8809, 9637, 8111, 26753,
387, 0.386, 8808, 9645, 8124, 26774,
388, 0.387, 8807, 9654, 8138, 26798,
389, 0.388, 8807, 9655, 8139, 26800,
390, 0.389, 8806, 9661, 8149, 26816,
391, 0.39, 8806, 9665, 8154, 26826,
392, 0.391, 8806, 9669, 8160, 26835,
393, 0.392, 8806, 9675, 8169, 26852,
394, 0.393, 8805, 9683, 8182, 26872,
395, 0.394, 8805, 9685, 8185, 26878,
396, 0.395, 8804, 9691, 8194, 26893,
397, 0.396, 8803, 9694, 8199, 26902,
398, 0.397, 8805, 9698, 8203, 26910,
399, 0.398, 8803, 9705, 8215, 26928,
400, 0.399, 8802, 9712, 8226, 26948,
401, 0.4, 8802, 9716, 8232, 26958,
402, 0.401, 8801, 9724, 8244, 26979,
403, 0.402, 8800, 9733, 8257, 27001,
404, 0.403, 8800, 9734, 8259, 27004,
405, 0.404, 8800, 9739, 8267, 27017,
406, 0.405, 8799, 9744, 8274, 27029,
407, 0.406, 8800, 9746, 8276, 27034,
408, 0.407, 8799, 9755, 8290, 27058,
409, 0.408, 8798, 9763, 8303, 27078,
410, 0.409, 8799, 9765, 8305, 27085,
411, 0.41, 8797, 9768, 8311, 27092,
412, 0.411, 8797, 9773, 8320, 27107,
413, 0.412, 8797, 9776, 8322, 27113,
414, 0.413, 8796, 9784, 8335, 27134,
415, 0.414, 8795, 9790, 8345, 27151,
416, 0.415, 8795, 9793, 8349, 27158,
417, 0.416, 8795, 9797, 8354, 27168,
418, 0.417, 8794, 9803, 8364, 27183,
419, 0.418, 8794, 9804, 8366, 27187,
420, 0.419, 8793, 9813, 8379, 27209,
421, 0.42, 8792, 9819, 8388, 27223,
422, 0.421, 8793, 9823, 8395, 27236,
423, 0.422, 8792, 9825, 8398, 27242,
424, 0.423, 8791, 9833, 8409, 27260,
425, 0.424, 8791, 9843, 8424, 27286,
426, 0.425, 8791, 9843, 8425, 27287,
427, 0.426, 8790, 9846, 8430, 27296,
428, 0.427, 8790, 9852, 8439, 27312,
429, 0.428, 8791, 9854, 8442, 27317,
430, 0.429, 8790, 9863, 8455, 27340,
431, 0.43, 8789, 9872, 8468, 27362,
432, 0.431, 8790, 9873, 8471, 27367,
433, 0.432, 8788, 9879, 8480, 27380,
434, 0.433, 8788, 9882, 8485, 27389,
435, 0.434, 8789, 9886, 8489, 27398,
436, 0.435, 8788, 9893, 8500, 27416,
437, 0.436, 8787, 9903, 8515, 27441,
438, 0.437, 8787, 9903, 8515, 27442,
439, 0.438, 8787, 9910, 8527, 27462,
440, 0.439, 8786, 9913, 8530, 27468,
441, 0.44, 8785, 9917, 8538, 27480,
442, 0.441, 8785, 9923, 8546, 27495,
443, 0.442, 8785, 9925, 8549, 27500,
444, 0.443, 8785, 9933, 8561, 27521,
445, 0.444, 8785, 9932, 8561, 27521,
446, 0.445, 8784, 9943, 8576, 27548,
447, 0.446, 8783, 9950, 8588, 27566,
448, 0.447, 8783, 9952, 8591, 27571,
449, 0.448, 8782, 9958, 8599, 27586,
450, 0.449, 8782, 9962, 8606, 27597,
451, 0.45, 8782, 9965, 8610, 27606,
452, 0.451, 8780, 9978, 8630, 27638,
453, 0.452, 8780, 9982, 8636, 27648,
454, 0.453, 8781, 9985, 8640, 27656,
455, 0.454, 8779, 9991, 8650, 27671,
456, 0.455, 8780, 9992, 8651, 27674,
457, 0.456, 8778, 10001, 8666, 27699,
458, 0.457, 8778, 10009, 8677, 27718,
459, 0.458, 8778, 10012, 8681, 27725,
460, 0.459, 8777, 10014, 8685, 27731,
461, 0.46, 8777, 10021, 8696, 27750,
462, 0.461, 8776, 10028, 8706, 27768,
463, 0.462, 8776, 10031, 8711, 27776,
464, 0.463, 8777, 10034, 8715, 27784,
465, 0.464, 8775, 10040, 8725, 27799,
466, 0.465, 8774, 10050, 8740, 27825,
467, 0.466, 8775, 10051, 8741, 27827,
468, 0.467, 8774, 10058, 8752, 27845,
469, 0.468, 8774, 10061, 8757, 27853,
470, 0.469, 8773, 10065, 8763, 27864,
471, 0.47, 8772, 10069, 8770, 27875,
472, 0.471, 8772, 10072, 8774, 27881,
473, 0.472, 8771, 10080, 8786, 27902,
474, 0.473, 8770, 10090, 8800, 27927,
475, 0.474, 8771, 10090, 8801, 27928,
476, 0.475, 8770, 10097, 8811, 27944,
477, 0.476, 8770, 10100, 8816, 27953,
478, 0.477, 8770, 10104, 8821, 27963,
479, 0.478, 8768, 10109, 8830, 27976,
480, 0.479, 8770, 10112, 8833, 27985,
481, 0.48, 8768, 10120, 8847, 28006,
482, 0.481, 8767, 10128, 8859, 28027,
483, 0.482, 8768, 10130, 8862, 28033,
484, 0.483, 8767, 10136, 8870, 28046,
485, 0.484, 8767, 10139, 8875, 28056,
486, 0.485, 8767, 10143, 8881, 28066,
487, 0.486, 8766, 10149, 8891, 28082,
488, 0.487, 8765, 10159, 8905, 28106,
489, 0.488, 8766, 10160, 8907, 28110,
490, 0.489, 8765, 10166, 8917, 28126,
491, 0.49, 8765, 10170, 8922, 28137,
492, 0.491, 8765, 10173, 8926, 28142,
493, 0.492, 8764, 10180, 8937, 28162,
494, 0.493, 8764, 10189, 8951, 28185,
495, 0.494, 8764, 10191, 8952, 28189,
496, 0.495, 8763, 10195, 8960, 28200,
497, 0.496, 8763, 10200, 8967, 28214,
498, 0.497, 8762, 10209, 8981, 28238,
499, 0.498, 8762, 10210, 8983, 28241,
500, 0.499, 8762, 10216, 8992, 28256,
501, 0.5, 8759, 10241, 9031, 28320,
502, 0.501, 8754, 10247, 9043, 28336,
503, 0.502, 8741, 10262, 9075, 28375,
504, 0.503, 8740, 10265, 9079, 28379,
505, 0.504, 8737, 10267, 9085, 28386,
506, 0.505, 8734, 10271, 9093, 28396,
507, 0.506, 8732, 10273, 9096, 28400,
508, 0.507, 8727, 10278, 9107, 28413,
509, 0.508, 8724, 10282, 9116, 28425,
510, 0.509, 8721, 10285, 9121, 28430,
511, 0.51, 8720, 10287, 9124, 28434,
512, 0.511, 8715, 10292, 9136, 28448,
513, 0.512, 8710, 10299, 9150, 28467,
514, 0.513, 8710, 10299, 9151, 28467,
515, 0.514, 8706, 10303, 9158, 28475,
516, 0.515, 8703, 10306, 9165, 28483,
517, 0.516, 8702, 10308, 9168, 28489,
518, 0.517, 8697, 10313, 9179, 28501,
519, 0.518, 8692, 10319, 9191, 28516,
520, 0.519, 8691, 10320, 9194, 28519,
521, 0.52, 8688, 10325, 9203, 28532,
522, 0.521, 8686, 10328, 9209, 28540,
523, 0.522, 8684, 10331, 9213, 28545,
524, 0.523, 8680, 10335, 9223, 28557,
525, 0.524, 8680, 10335, 9224, 28557,
526, 0.525, 8674, 10342, 9237, 28574,
527, 0.526, 8670, 10346, 9246, 28584,
528, 0.527, 8667, 10349, 9252, 28591,
529, 0.528, 8666, 10352, 9258, 28601,
530, 0.529, 8661, 10355, 9266, 28608,
531, 0.53, 8655, 10362, 9280, 28624,
532, 0.531, 8655, 10363, 9281, 28627,
533, 0.532, 8652, 10367, 9289, 28636,
534, 0.533, 8649, 10370, 9296, 28644,
535, 0.534, 8649, 10371, 9298, 28648,
536, 0.535, 8643, 10377, 9310, 28660,
537, 0.536, 8638, 10383, 9323, 28676,
538, 0.537, 8638, 10385, 9324, 28679,
539, 0.538, 8635, 10387, 9331, 28687,
540, 0.539, 8631, 10391, 9339, 28695,
541, 0.54, 8632, 10393, 9341, 28701,
542, 0.541, 8625, 10398, 9353, 28713,
543, 0.542, 8621, 10403, 9365, 28728,
544, 0.543, 8620, 10406, 9369, 28735,
545, 0.544, 8617, 10408, 9374, 28740,
546, 0.545, 8614, 10413, 9383, 28750,
547, 0.546, 8608, 10419, 9396, 28767,
548, 0.547, 8608, 10419, 9397, 28768,
549, 0.548, 8603, 10424, 9407, 28778,
550, 0.549, 8601, 10426, 9411, 28784,
551, 0.55, 8598, 10429, 9417, 28790,
552, 0.551, 8590, 10438, 9437, 28814,
553, 0.552, 8588, 10439, 9438, 28815,
554, 0.553, 8587, 10444, 9448, 28830,
555, 0.554, 8583, 10446, 9454, 28836,
556, 0.555, 8581, 10449, 9458, 28839,
557, 0.556, 8576, 10453, 9467, 28850,
558, 0.557, 8571, 10459, 9481, 28867,
559, 0.558, 8571, 10460, 9482, 28868,
560, 0.559, 8567, 10463, 9489, 28877,
561, 0.56, 8564, 10466, 9495, 28883,
562, 0.561, 8562, 10468, 9499, 28888,
563, 0.562, 8557, 10472, 9509, 28898,
564, 0.563, 8557, 10472, 9510, 28901,
565, 0.564, 8551, 10479, 9523, 28916,
566, 0.565, 8547, 10483, 9532, 28927,
567, 0.566, 8545, 10486, 9537, 28933,
568, 0.567, 8543, 10488, 9543, 28939,
569, 0.568, 8539, 10493, 9551, 28950,
570, 0.569, 8538, 10492, 9551, 28948,
571, 0.57, 8532, 10498, 9565, 28964,
572, 0.571, 8529, 10503, 9574, 28976,
573, 0.572, 8527, 10506, 9580, 28985,
574, 0.573, 8525, 10508, 9585, 28989,
575, 0.574, 8521, 10514, 9595, 29003,
576, 0.575, 8521, 10514, 9596, 29004,
577, 0.576, 8515, 10520, 9609, 29018,
578, 0.577, 8510, 10525, 9620, 29031,
579, 0.578, 8509, 10527, 9623, 29036,
580, 0.579, 8508, 10527, 9624, 29036,
581, 0.58, 8502, 10533, 9636, 29051,
582, 0.581, 8497, 10538, 9648, 29064,
583, 0.582, 8496, 10540, 9651, 29068,
584, 0.583, 8493, 10542, 9656, 29073,
585, 0.584, 8489, 10545, 9664, 29083,
586, 0.585, 8489, 10547, 9667, 29088,
587, 0.586, 8483, 10553, 9679, 29101,
588, 0.587, 8477, 10558, 9692, 29115,
589, 0.588, 8477, 10559, 9693, 29117,
590, 0.589, 8473, 10562, 9699, 29123,
591, 0.59, 8470, 10566, 9707, 29134,
592, 0.591, 8469, 10568, 9711, 29139,
593, 0.592, 8465, 10573, 9721, 29152,
594, 0.593, 8459, 10578, 9733, 29165,
595, 0.594, 8458, 10580, 9736, 29167,
596, 0.595, 8455, 10584, 9744, 29177,
597, 0.596, 8452, 10587, 9750, 29186,
598, 0.597, 8450, 10588, 9754, 29189,
599, 0.598, 8446, 10593, 9764, 29200,
600, 0.599, 8446, 10594, 9766, 29204,
601, 0.6, 8437, 10603, 9785, 29227,
602, 0.601, 8434, 10606, 9792, 29235,
603, 0.602, 8432, 10607, 9795, 29236,
604, 0.603, 8427, 10613, 9806, 29251,
605, 0.604, 8423, 10620, 9819, 29267,
606, 0.605, 8422, 10621, 9821, 29270,
607, 0.606, 8418, 10624, 9828, 29278,
608, 0.607, 8415, 10626, 9834, 29284,
609, 0.608, 8414, 10628, 9837, 29287,
610, 0.609, 8409, 10633, 9848, 29301,
611, 0.61, 8403, 10639, 9862, 29318,
612, 0.611, 8403, 10640, 9862, 29319,
613, 0.612, 8399, 10645, 9873, 29332,
614, 0.613, 8397, 10646, 9876, 29333,
615, 0.614, 8395, 10648, 9880, 29339,
616, 0.615, 8391, 10653, 9890, 29352,
617, 0.616, 8390, 10654, 9891, 29353,
618, 0.617, 8384, 10659, 9904, 29367,
619, 0.618, 8378, 10664, 9915, 29380,
620, 0.619, 8378, 10666, 9918, 29383,
621, 0.62, 8374, 10669, 9926, 29391,
622, 0.621, 8371, 10671, 9931, 29397,
623, 0.622, 8370, 10673, 9934, 29401,
624, 0.623, 8365, 10677, 9945, 29413,
625, 0.624, 8361, 10682, 9954, 29423,
626, 0.625, 8359, 10685, 9959, 29430,
627, 0.626, 8356, 10687, 9965, 29437,
628, 0.627, 8352, 10690, 9972, 29446,
629, 0.628, 8347, 10697, 9987, 29462,
630, 0.629, 8346, 10697, 9987, 29463,
631, 0.63, 8342, 10702, 9997, 29474,
632, 0.631, 8341, 10704, 10001, 29480,
633, 0.632, 8337, 10707, 10008, 29486,
634, 0.633, 8333, 10710, 10014, 29493,
635, 0.634, 8333, 10709, 10014, 29491,
636, 0.635, 8328, 10716, 10028, 29510,
637, 0.636, 8323, 10722, 10040, 29524,
638, 0.637, 8322, 10724, 10042, 29527,
639, 0.638, 8320, 10725, 10045, 29531,
640, 0.639, 8316, 10730, 10055, 29543,
641, 0.64, 8310, 10736, 10070, 29560,
642, 0.641, 8310, 10736, 10070, 29560,
643, 0.642, 8305, 10741, 10080, 29572,
644, 0.643, 8303, 10743, 10084, 29577,
645, 0.644, 8299, 10746, 10091, 29583,
646, 0.645, 8296, 10749, 10097, 29590,
647, 0.646, 8295, 10751, 10102, 29597,
648, 0.647, 8291, 10756, 10112, 29608,
649, 0.648, 8290, 10756, 10112, 29609,
650, 0.649, 8284, 10763, 10126, 29626,
651, 0.65, 8280, 10766, 10134, 29635,
652, 0.651, 8278, 10769, 10139, 29640,
653, 0.652, 8272, 10776, 10154, 29658,
654, 0.653, 8267, 10780, 10164, 29669,
655, 0.654, 8265, 10781, 10166, 29671,
656, 0.655, 8262, 10784, 10174, 29680,
657, 0.656, 8259, 10788, 10181, 29688,
658, 0.657, 8257, 10790, 10185, 29693,
659, 0.658, 8252, 10794, 10194, 29703,
660, 0.659, 8253, 10795, 10195, 29705,
661, 0.66, 8246, 10800, 10208, 29719,
662, 0.661, 8242, 10804, 10217, 29729,
663, 0.662, 8240, 10807, 10222, 29737,
664, 0.663, 8239, 10809, 10225, 29741,
665, 0.664, 8233, 10813, 10236, 29750,
666, 0.665, 8228, 10818, 10248, 29765,
667, 0.666, 8227, 10819, 10249, 29766,
668, 0.667, 8223, 10823, 10258, 29777,
669, 0.668, 8221, 10825, 10263, 29781,
670, 0.669, 8221, 10827, 10265, 29784,
671, 0.67, 8214, 10832, 10277, 29797,
672, 0.671, 8209, 10837, 10288, 29811,
673, 0.672, 8208, 10838, 10291, 29814,
674, 0.673, 8205, 10840, 10296, 29818,
675, 0.674, 8201, 10843, 10303, 29827,
676, 0.675, 8200, 10846, 10306, 29832,
677, 0.676, 8195, 10849, 10316, 29842,
678, 0.677, 8189, 10854, 10328, 29855,
679, 0.678, 8189, 10856, 10331, 29859,
680, 0.679, 8185, 10859, 10338, 29864,
681, 0.68, 8182, 10861, 10343, 29872,
682, 0.681, 8181, 10863, 10346, 29875,
683, 0.682, 8176, 10868, 10357, 29887,
684, 0.683, 8171, 10874, 10369, 29903,
685, 0.684, 8170, 10876, 10372, 29908,
686, 0.685, 8166, 10877, 10377, 29910,
687, 0.686, 8163, 10880, 10384, 29918,
688, 0.687, 8162, 10882, 10388, 29923,
689, 0.688, 8157, 10887, 10398, 29934,
690, 0.689, 8150, 10892, 10411, 29946,
691, 0.69, 8150, 10893, 10412, 29949,
692, 0.691, 8145, 10897, 10422, 29961,
693, 0.692, 8143, 10898, 10425, 29963,
694, 0.693, 8142, 10901, 10430, 29971,
695, 0.694, 8138, 10905, 10439, 29981,
696, 0.695, 8138, 10907, 10441, 29983,
697, 0.696, 8131, 10912, 10453, 29996,
698, 0.697, 8125, 10916, 10463, 30008,
699, 0.698, 8124, 10918, 10466, 30011,
700, 0.699, 8124, 10919, 10468, 30016,
701, 0.7, 8117, 10924, 10479, 30025,
702, 0.701, 8112, 10929, 10492, 30040,
703, 0.702, 8111, 10931, 10495, 30044,
704, 0.703, 8105, 10936, 10508, 30058,
705, 0.704, 8099, 10941, 10518, 30068,
706, 0.705, 8098, 10942, 10520, 30070,
707, 0.706, 8096, 10945, 10526, 30078,
708, 0.707, 8092, 10948, 10534, 30087,
709, 0.708, 8086, 10954, 10547, 30101,
710, 0.709, 8086, 10955, 10547, 30102,
711, 0.71, 8081, 10957, 10554, 30108,
712, 0.711, 8078, 10958, 10559, 30112,
713, 0.712, 8078, 10960, 10562, 30117,
714, 0.713, 8072, 10965, 10573, 30129,
715, 0.714, 8068, 10969, 10582, 30140,
716, 0.715, 8066, 10972, 10587, 30145,
717, 0.716, 8064, 10974, 10592, 30151,
718, 0.717, 8059, 10977, 10600, 30159,
719, 0.718, 8053, 10984, 10613, 30175,
720, 0.719, 8053, 10984, 10614, 30178,
721, 0.72, 8049, 10988, 10624, 30190,
722, 0.721, 8047, 10991, 10628, 30194,
723, 0.722, 8044, 10993, 10634, 30199,
724, 0.723, 8040, 10996, 10640, 30205,
725, 0.724, 8040, 10999, 10645, 30212,
726, 0.725, 8034, 11002, 10654, 30221,
727, 0.726, 8034, 11003, 10655, 30223,
728, 0.727, 8028, 11009, 10669, 30238,
729, 0.728, 8022, 11013, 10678, 30247,
730, 0.729, 8021, 11014, 10681, 30250,
731, 0.73, 8019, 11017, 10687, 30258,
732, 0.731, 8014, 11020, 10694, 30265,
733, 0.732, 8013, 11021, 10696, 30268,
734, 0.733, 8008, 11026, 10708, 30280,
735, 0.734, 8003, 11030, 10718, 30292,
736, 0.735, 8002, 11033, 10722, 30296,
737, 0.736, 7999, 11035, 10728, 30304,
738, 0.737, 7996, 11038, 10734, 30312,
739, 0.738, 7996, 11038, 10748, 30312,
740, 0.739, 7989, 11044, 10748, 30326,
741, 0.74, 7984, 11049, 10758, 30337,
742, 0.741, 7983, 11051, 10762, 30343,
743, 0.742, 7979, 11053, 10768, 30349,
744, 0.743, 7976, 11056, 10775, 30355,
745, 0.744, 7975, 11058, 10778, 30360,
746, 0.745, 7969, 11062, 10788, 30370,
747, 0.746, 7965, 11066, 10796, 30379,
748, 0.747, 7964, 11069, 10801, 30386,
749, 0.748, 7961, 11070, 10806, 30390,
750, 0.749, 7956, 11074, 10813, 30399,
751, 0.75, 7956, 11075, 10816, 30402,
752, 0.751, 7947, 11083, 10834, 30422,
753, 0.752, 7944, 11086, 10841, 30429,
754, 0.753, 7942, 11088, 10845, 30436,
755, 0.754, 7938, 11092, 10854, 30445,
756, 0.755, 7931, 11098, 10866, 30458,
757, 0.756, 7932, 11099, 10867, 30461,
758, 0.757, 7927, 11102, 10877, 30471,
759, 0.758, 7926, 11104, 10881, 30476,
760, 0.759, 7922, 11107, 10888, 30482,
761, 0.76, 7919, 11110, 10895, 30491,
762, 0.761, 7918, 11112, 10899, 30496,
763, 0.762, 7913, 11116, 10908, 30506,
764, 0.763, 7907, 11121, 10919, 30518,
765, 0.764, 7906, 11122, 10921, 30521,
766, 0.765, 7903, 11125, 10926, 30526,
767, 0.766, 7900, 11128, 10934, 30537,
768, 0.767, 7899, 11130, 10937, 30540,
769, 0.768, 7893, 11134, 10947, 30552,
770, 0.769, 7888, 11139, 10958, 30563,
771, 0.77, 7887, 11140, 10961, 30566,
772, 0.771, 7886, 11142, 10964, 30570,
773, 0.772, 7880, 11145, 10973, 30578,
774, 0.773, 7874, 11151, 10987, 30593,
775, 0.774, 7874, 11152, 10987, 30595,
776, 0.775, 7871, 11156, 10995, 30605,
777, 0.776, 7867, 11157, 10999, 30608,
778, 0.777, 7867, 11160, 11003, 30614,
779, 0.778, 7861, 11164, 11014, 30625,
780, 0.779, 7855, 11169, 11026, 30639,
781, 0.78, 7855, 11170, 11028, 30641,
782, 0.781, 7851, 11175, 11037, 30651,
783, 0.782, 7849, 11176, 11042, 30656,
784, 0.783, 7847, 11178, 11044, 30659,
785, 0.784, 7842, 11182, 11054, 30671,
786, 0.785, 7836, 11188, 11068, 30686,
787, 0.786, 7836, 11189, 11069, 30688,
788, 0.787, 7832, 11192, 11075, 30694,
789, 0.788, 7829, 11193, 11081, 30700,
790, 0.789, 7827, 11196, 11085, 30705,
791, 0.79, 7822, 11199, 11094, 30713,
792, 0.791, 7822, 11200, 11095, 30715,
793, 0.792, 7817, 11207, 11108, 30731,
794, 0.793, 7811, 11210, 11118, 30741,
795, 0.794, 7810, 11212, 11121, 30745,
796, 0.795, 7806, 11215, 11128, 30752,
797, 0.796, 7803, 11217, 11134, 30757,
798, 0.797, 7803, 11220, 11138, 30764,
799, 0.798, 7796, 11223, 11147, 30772,
800, 0.799, 7792, 11228, 11157, 30784,
801, 0.8, 7790, 11230, 11162, 30788,
802, 0.801, 7783, 11234, 11172, 30800,
803, 0.802, 7778, 11240, 11184, 30813,
804, 0.803, 7777, 11240, 11186, 30815,
805, 0.804, 7773, 11244, 11194, 30823,
806, 0.805, 7770, 11246, 11199, 30828,
807, 0.806, 7768, 11248, 11204, 30836,
808, 0.807, 7764, 11252, 11212, 30843,
809, 0.808, 7764, 11252, 11212, 30844,
810, 0.809, 7758, 11258, 11226, 30858,
811, 0.81, 7753, 11262, 11236, 30869,
812, 0.811, 7751, 11264, 11239, 30873,
813, 0.812, 7748, 11267, 11246, 30881,
814, 0.813, 7745, 11269, 11252, 30888,
815, 0.814, 7744, 11270, 11253, 30888,
816, 0.815, 7738, 11275, 11264, 30900,
817, 0.816, 7732, 11280, 11276, 30915,
818, 0.817, 7732, 11281, 11278, 30918,
819, 0.818, 7729, 11283, 11284, 30921,
820, 0.819, 7725, 11286, 11291, 30928,
821, 0.82, 7724, 11287, 11294, 30933,
822, 0.821, 7719, 11292, 11303, 30943,
823, 0.822, 7713, 11299, 11317, 30960,
824, 0.823, 7713, 11298, 11317, 30959,
825, 0.824, 7708, 11303, 11327, 30970,
826, 0.825, 7706, 11304, 11330, 30973,
827, 0.826, 7704, 11307, 11337, 30981,
828, 0.827, 7700, 11310, 11343, 30988,
829, 0.828, 7699, 11312, 11346, 30993,
830, 0.829, 7693, 11315, 11355, 31001,
831, 0.83, 7687, 11321, 11369, 31015,
832, 0.831, 7687, 11321, 11368, 31014,
833, 0.832, 7682, 11326, 11378, 31024,
834, 0.833, 7681, 11328, 11382, 31030,
835, 0.834, 7677, 11330, 11389, 31037,
836, 0.835, 7674, 11332, 11394, 31044,
837, 0.836, 7672, 11335, 11399, 31049,
838, 0.837, 7667, 11338, 11407, 31057,
839, 0.838, 7668, 11339, 11409, 31061,
840, 0.839, 7661, 11344, 11421, 31073,
841, 0.84, 7657, 11348, 11431, 31084,
842, 0.841, 7654, 11348, 11432, 31083,
843, 0.842, 7652, 11351, 11438, 31091,
844, 0.843, 7647, 11353, 11445, 31097,
845, 0.844, 7641, 11360, 11458, 31111,
846, 0.845, 7641, 11361, 11459, 31113,
847, 0.846, 7638, 11363, 11465, 31120,
848, 0.847, 7634, 11365, 11471, 31124,
849, 0.848, 7633, 11367, 11475, 31130,
850, 0.849, 7628, 11372, 11484, 31140,
851, 0.85, 7628, 11379, 11499, 31140,
852, 0.851, 7619, 11379, 11503, 31160,
853, 0.852, 7615, 11383, 11511, 31168,
854, 0.853, 7614, 11383, 11512, 31170,
855, 0.854, 7608, 11388, 11523, 31181,
856, 0.855, 7604, 11392, 11532, 31191,
857, 0.856, 7602, 11394, 11536, 31197,
858, 0.857, 7599, 11398, 11543, 31206,
859, 0.858, 7596, 11400, 11549, 31212,
860, 0.859, 7594, 11401, 11552, 31214,
861, 0.86, 7588, 11405, 11561, 31222,
862, 0.861, 7581, 11410, 11574, 31235,
863, 0.862, 7582, 11411, 11575, 31238,
864, 0.863, 7578, 11413, 11581, 31243,
865, 0.864, 7575, 11416, 11587, 31250,
866, 0.865, 7574, 11416, 11588, 31252,
867, 0.866, 7568, 11421, 11600, 31262,
868, 0.867, 7563, 11425, 11610, 31273,
869, 0.868, 7563, 11427, 11614, 31278,
870, 0.869, 7558, 11429, 11619, 31283,
871, 0.87, 7555, 11432, 11625, 31290,
872, 0.871, 7555, 11434, 11628, 31294,
873, 0.872, 7549, 11438, 11639, 31306,
874, 0.873, 7544, 11443, 11649, 31316,
875, 0.874, 7543, 11444, 11651, 31318,
876, 0.875, 7541, 11447, 11656, 31324,
877, 0.876, 7536, 11450, 11664, 31334,
878, 0.877, 7536, 11450, 11665, 31334,
879, 0.878, 7529, 11454, 11676, 31345,
880, 0.879, 7524, 11459, 11687, 31358,
881, 0.88, 7523, 11461, 11690, 31361,
882, 0.881, 7518, 11462, 11695, 31364,
883, 0.882, 7516, 11466, 11702, 31373,
884, 0.883, 7514, 11467, 11706, 31377,
885, 0.884, 7509, 11471, 11715, 31386,
886, 0.885, 7509, 11472, 11715, 31386,
887, 0.886, 7503, 11477, 11728, 31402,
888, 0.887, 7498, 11480, 11736, 31409,
889, 0.888, 7496, 11482, 11740, 31413,
890, 0.889, 7495, 11484, 11744, 31419,
891, 0.89, 7490, 11488, 11754, 31429,
892, 0.891, 7486, 11491, 11761, 31437,
893, 0.892, 7483, 11493, 11766, 31442,
894, 0.893, 7480, 11494, 11770, 31444,
895, 0.894, 7476, 11498, 11778, 31453,
896, 0.895, 7476, 11500, 11781, 31457,
897, 0.896, 7469, 11503, 11791, 31467,
898, 0.897, 7464, 11508, 11803, 31479,
899, 0.898, 7463, 11509, 11804, 31480,
900, 0.899, 7458, 11512, 11811, 31487,
901, 0.9, 7456, 11514, 11816, 31491,
902, 0.901, 7455, 11515, 11819, 31497,
903, 0.902, 7446, 11524, 11837, 31516,
904, 0.903, 7443, 11525, 11842, 31520,
905, 0.904, 7440, 11527, 11846, 31524,
906, 0.905, 7436, 11530, 11854, 31533,
907, 0.906, 7436, 11532, 11856, 31537,
908, 0.907, 7430, 11536, 11867, 31548,
909, 0.908, 7424, 11541, 11879, 31561,
910, 0.909, 7424, 11542, 11881, 31564,
911, 0.91, 7420, 11546, 11889, 31573,
912, 0.911, 7417, 11548, 11893, 31577,
913, 0.912, 7415, 11550, 11898, 31583,
914, 0.913, 7411, 11554, 11907, 31592,
915, 0.914, 7410, 11555, 11909, 31595,
916, 0.915, 7405, 11560, 11919, 31605,
917, 0.916, 7400, 11564, 11929, 31616,
918, 0.917, 7398, 11565, 11932, 31617,
919, 0.918, 7394, 11567, 11938, 31625,
920, 0.919, 7391, 11570, 11944, 31631,
921, 0.92, 7385, 11576, 11957, 31645,
922, 0.921, 7385, 11576, 11957, 31646,
923, 0.922, 7382, 11579, 11965, 31654,
924, 0.923, 7378, 11582, 11970, 31659,
925, 0.924, 7376, 11584, 11974, 31665,
926, 0.925, 7372, 11586, 11982, 31673,
927, 0.926, 7372, 11588, 11984, 31676,
928, 0.927, 7365, 11592, 11996, 31688,
929, 0.928, 7361, 11596, 12004, 31697,
930, 0.929, 7360, 11599, 12009, 31704,
931, 0.93, 7356, 11601, 12014, 31708,
932, 0.931, 7353, 11604, 12022, 31716,
933, 0.932, 7352, 11605, 12024, 31720,
934, 0.933, 7346, 11609, 12034, 31726,
935, 0.934, 7341, 11614, 12045, 31740,
936, 0.935, 7340, 11615, 12048, 31743,
937, 0.936, 7337, 11616, 12050, 31745,
938, 0.937, 7333, 11620, 12060, 31757,
939, 0.938, 7327, 11625, 12070, 31766,
940, 0.939, 7327, 11626, 12072, 31769,
941, 0.94, 7323, 11628, 12077, 31774,
942, 0.941, 7320, 11630, 12084, 31779,
943, 0.942, 7319, 11632, 12087, 31784,
944, 0.943, 7313, 11636, 12097, 31795,
945, 0.944, 7309, 11640, 12106, 31805,
946, 0.945, 7306, 11641, 12110, 31807,
947, 0.946, 7303, 11643, 12115, 31813,
948, 0.947, 7299, 11646, 12122, 31820,
949, 0.948, 7297, 11647, 12124, 31822,
950, 0.949, 7293, 11651, 12134, 31832,
951, 0.95, 7293, 11657, 12147, 31831,
952, 0.951, 7283, 11658, 12151, 31850,
953, 0.952, 7279, 11662, 12159, 31858,
954, 0.953, 7279, 11661, 12158, 31856,
955, 0.954, 7273, 11667, 12172, 31871,
956, 0.955, 7268, 11671, 12181, 31881,
957, 0.956, 7266, 11672, 12184, 31885,
958, 0.957, 7263, 11675, 12191, 31892,
959, 0.958, 7259, 11678, 12196, 31895,
960, 0.959, 7259, 11679, 12198, 31900,
961, 0.96, 7253, 11683, 12209, 31909,
962, 0.961, 7248, 11687, 12219, 31920,
963, 0.962, 7247, 11688, 12222, 31924,
964, 0.963, 7243, 11691, 12229, 31930,
965, 0.964, 7239, 11692, 12232, 31931,
966, 0.965, 7238, 11694, 12236, 31937,
967, 0.966, 7232, 11697, 12245, 31945,
968, 0.967, 7226, 11702, 12257, 31959,
969, 0.968, 7226, 11703, 12258, 31960,
970, 0.969, 7222, 11705, 12264, 31966,
971, 0.97, 7219, 11708, 12271, 31972,
972, 0.971, 7219, 11709, 12273, 31975,
973, 0.972, 7213, 11713, 12283, 31983,
974, 0.973, 7208, 11716, 12291, 31992,
975, 0.974, 7206, 11718, 12295, 31997,
976, 0.975, 7203, 11721, 12301, 32004,
977, 0.976, 7199, 11723, 12307, 32009,
978, 0.977, 7198, 11724, 12310, 32013,
979, 0.978, 7192, 11728, 12319, 32021,
980, 0.979, 7187, 11733, 12329, 32033,
981, 0.98, 7186, 11733, 12331, 32033,
982, 0.981, 7182, 11735, 12337, 32040,
983, 0.982, 7179, 11738, 12344, 32047,
984, 0.983, 7179, 11739, 12346, 32049,
985, 0.984, 7172, 11742, 12355, 32057,
986, 0.985, 7167, 11747, 12364, 32068,
987, 0.986, 7166, 11749, 12369, 32073,
988, 0.987, 7165, 11750, 12372, 32077,
989, 0.988, 7159, 11754, 12381, 32085,
990, 0.989, 7155, 11757, 12389, 32094,
991, 0.99, 7153, 11760, 12393, 32099,
992, 0.991, 7150, 11761, 12398, 32103,
993, 0.992, 7146, 11765, 12406, 32113,
994, 0.993, 7145, 11765, 12408, 32114,
995, 0.994, 7139, 11770, 12419, 32125,
996, 0.995, 7135, 11774, 12428, 32135,
997, 0.996, 7134, 11775, 12431, 32138,
998, 0.997, 7130, 11776, 12434, 32140,
999, 0.998, 7126, 11779, 12441, 32146,
1000, 0.999, 7121, 11782, 12451, 32156,
