1, 3625, 1011,
2, 3634, 2378,
3, 3631, 2371,
4, 3628, 2367,
5, 3633, 2364,
6, 3632, 2363,
7, 3634, 2364,
8, 3635, 2363,
9, 3641, 2363,
10, 3641, 2362,
11, 3646, 2363,
12, 3647, 2365,
13, 3649, 2365,
14, 3653, 2366,
15, 3659, 2368,
16, 3660, 2367,
17, 3663, 2368,
18, 3666, 2369,
19, 3667, 2369,
20, 3673, 2371,
21, 3679, 2372,
22, 3680, 2373,
23, 3682, 2373,
24, 3687, 2375,
25, 3687, 2374,
26, 3694, 2377,
27, 3698, 2378,
28, 3700, 2379,
29, 3701, 2379,
30, 3706, 2381,
31, 3712, 2382,
32, 3714, 2382,
33, 3714, 2384,
34, 3720, 2386,
35, 3725, 2386,
36, 3728, 2387,
37, 3729, 2386,
38, 3734, 2389,
39, 3741, 2391,
40, 3741, 2391,
41, 3745, 2393,
42, 3748, 2392,
43, 3750, 2393,
44, 3754, 2394,
45, 3761, 2397,
46, 3762, 2397,
47, 3765, 2398,
48, 3768, 2398,
49, 3771, 2399,
50, 3775, 2401,
51, 3781, 2404,
52, 3784, 2404,
53, 3788, 2405,
54, 3795, 2407,
55, 3795, 2407,
56, 3801, 2408,
57, 3803, 2410,
58, 3806, 2409,
59, 3809, 2412,
60, 3810, 2412,
61, 3816, 2413,
62, 3823, 2415,
63, 3822, 2415,
64, 3825, 2415,
65, 3829, 2417,
66, 3830, 2418,
67, 3836, 2418,
68, 3839, 2420,
69, 3843, 2422,
70, 3849, 2424,
71, 3850, 2423,
72, 3853, 2424,
73, 3856, 2425,
74, 3857, 2426,
75, 3864, 2428,
76, 3869, 2429,
77, 3869, 2430,
78, 3873, 2430,
79, 3878, 2431,
80, 3879, 2432,
81, 3884, 2433,
82, 3889, 2436,
83, 3891, 2436,
84, 3895, 2437,
85, 3898, 2438,
86, 3899, 2439,
87, 3904, 2440,
88, 3911, 2441,
89, 3911, 2443,
90, 3916, 2444,
91, 3918, 2444,
92, 3919, 2445,
93, 3925, 2446,
94, 3930, 2447,
95, 3932, 2448,
96, 3935, 2449,
97, 3938, 2450,
98, 3940, 2450,
99, 3946, 2453,
100, 3950, 2454,
101, 3960, 2457,
102, 3960, 2457,
103, 3965, 2458,
104, 3967, 2458,
105, 3969, 2460,
106, 3973, 2462,
107, 3980, 2464,
108, 3981, 2464,
109, 3985, 2465,
110, 3987, 2465,
111, 3989, 2466,
112, 3993, 2467,
113, 3993, 2467,
114, 4000, 2470,
115, 4005, 2471,
116, 4007, 2471,
117, 4010, 2473,
118, 4014, 2474,
119, 4016, 2474,
120, 4021, 2477,
121, 4026, 2478,
122, 4028, 2478,
123, 4031, 2479,
124, 4035, 2480,
125, 4040, 2482,
126, 4041, 2483,
127, 4047, 2484,
128, 4048, 2484,
129, 4051, 2486,
130, 4055, 2486,
131, 4057, 2488,
132, 4061, 2490,
133, 4068, 2491,
134, 4069, 2491,
135, 4074, 2494,
136, 4076, 2494,
137, 4080, 2495,
138, 4083, 2496,
139, 4085, 2496,
140, 4090, 2497,
141, 4097, 2500,
142, 4096, 2499,
143, 4100, 2500,
144, 4103, 2503,
145, 4105, 2502,
146, 4110, 2504,
147, 4116, 2506,
148, 4117, 2505,
149, 4121, 2509,
150, 4123, 2507,
151, 4124, 2508,
152, 4133, 2512,
153, 4136, 2511,
154, 4137, 2512,
155, 4144, 2514,
156, 4148, 2516,
157, 4150, 2517,
158, 4154, 2518,
159, 4158, 2518,
160, 4163, 2521,
161, 4164, 2522,
162, 4167, 2521,
163, 4171, 2524,
164, 4171, 2523,
165, 4178, 2525,
166, 4183, 2528,
167, 4185, 2528,
168, 4189, 2528,
169, 4192, 2529,
170, 4193, 2530,
171, 4200, 2532,
172, 4205, 2535,
173, 4206, 2535,
174, 4209, 2537,
175, 4213, 2537,
176, 4213, 2537,
177, 4219, 2539,
178, 4223, 2539,
179, 4226, 2540,
180, 4227, 2541,
181, 4233, 2544,
182, 4238, 2545,
183, 4240, 2545,
184, 4243, 2546,
185, 4246, 2547,
186, 4248, 2549,
187, 4253, 2550,
188, 4258, 2551,
189, 4260, 2551,
190, 4263, 2553,
191, 4267, 2553,
192, 4268, 2554,
193, 4273, 2557,
194, 4279, 2559,
195, 4280, 2558,
196, 4282, 2560,
197, 4286, 2560,
198, 4286, 2560,
199, 4294, 2563,
200, 4299, 2564,
201, 4302, 2565,
202, 4307, 2566,
203, 4313, 2569,
204, 4314, 2570,
205, 4316, 2570,
206, 4321, 2571,
207, 4326, 2572,
208, 4328, 2573,
209, 4331, 2574,
210, 4335, 2574,
211, 4336, 2575,
212, 4341, 2578,
213, 4342, 2577,
214, 4349, 2579,
215, 4354, 2582,
216, 4356, 2582,
217, 4359, 2581,
218, 4363, 2583,
219, 4369, 2586,
220, 4369, 2587,
221, 4373, 2586,
222, 4377, 2588,
223, 4377, 2588,
224, 4383, 2590,
225, 4390, 2592,
226, 4390, 2592,
227, 4396, 2594,
228, 4397, 2595,
229, 4400, 2596,
230, 4403, 2597,
231, 4409, 2599,
232, 4411, 2599,
233, 4413, 2599,
234, 4418, 2600,
235, 4425, 2604,
236, 4425, 2604,
237, 4428, 2605,
238, 4432, 2605,
239, 4433, 2606,
240, 4438, 2607,
241, 4443, 2608,
242, 4445, 2610,
243, 4449, 2611,
244, 4452, 2612,
245, 4454, 2612,
246, 4458, 2614,
247, 4465, 2615,
248, 4465, 2617,
249, 4469, 2617,
250, 4474, 2619,
251, 4474, 2619,
252, 4483, 2622,
253, 4486, 2623,
254, 4488, 2623,
255, 4494, 2625,
256, 4499, 2627,
257, 4500, 2626,
258, 4504, 2628,
259, 4506, 2630,
260, 4509, 2630,
261, 4514, 2631,
262, 4519, 2634,
263, 4520, 2633,
264, 4524, 2635,
265, 4528, 2636,
266, 4534, 2638,
267, 4534, 2638,
268, 4538, 2640,
269, 4541, 2639,
270, 4543, 2641,
271, 4547, 2641,
272, 4554, 2643,
273, 4554, 2643,
274, 4558, 2645,
275, 4562, 2645,
276, 4563, 2646,
277, 4567, 2648,
278, 4572, 2649,
279, 4574, 2649,
280, 4577, 2650,
281, 4581, 2652,
282, 4581, 2652,
283, 4587, 2653,
284, 4591, 2655,
285, 4593, 2657,
286, 4596, 2656,
287, 4600, 2658,
288, 4600, 2658,
289, 4606, 2660,
290, 4611, 2662,
291, 4614, 2662,
292, 4617, 2663,
293, 4621, 2665,
294, 4622, 2664,
295, 4627, 2667,
296, 4634, 2668,
297, 4635, 2669,
298, 4639, 2670,
299, 4642, 2670,
300, 4643, 2671,
301, 4653, 2674,
302, 4655, 2675,
303, 4657, 2676,
304, 4662, 2677,
305, 4668, 2679,
306, 4670, 2679,
307, 4676, 2682,
308, 4675, 2680,
309, 4676, 2681,
310, 4683, 2683,
311, 4688, 2686,
312, 4689, 2685,
313, 4692, 2686,
314, 4695, 2687,
315, 4695, 2687,
316, 4703, 2690,
317, 4708, 2691,
318, 4710, 2693,
319, 4711, 2692,
320, 4718, 2694,
321, 4723, 2695,
322, 4728, 2697,
323, 4732, 2697,
324, 4738, 2700,
325, 4739, 2700,
326, 4741, 2702,
327, 4746, 2702,
328, 4750, 2704,
329, 4747, 2704,
330, 4750, 2705,
331, 4760, 2708,
332, 4766, 2708,
333, 4768, 2710,
334, 4772, 2711,
335, 4773, 2710,
336, 4779, 2712,
337, 4784, 2715,
338, 4785, 2714,
339, 4788, 2715,
340, 4792, 2716,
341, 4792, 2717,
342, 4799, 2719,
343, 4803, 2720,
344, 4807, 2720,
345, 4807, 2722,
346, 4813, 2724,
347, 4819, 2724,
348, 4821, 2725,
349, 4823, 2726,
350, 4828, 2728,
351, 4828, 2729,
352, 4829, 2728,
353, 4834, 2731,
354, 4844, 2734,
355, 4847, 2733,
356, 4850, 2734,
357, 4852, 2736,
358, 4861, 2738,
359, 4860, 2737,
360, 4865, 2740,
361, 4867, 2740,
362, 4870, 2740,
363, 4875, 2742,
364, 4875, 2742,
365, 4882, 2745,
366, 4885, 2745,
367, 4889, 2746,
368, 4890, 2747,
369, 4897, 2748,
370, 4902, 2751,
371, 4903, 2750,
372, 4906, 2751,
373, 4910, 2753,
374, 4917, 2755,
375, 4917, 2754,
376, 4920, 2756,
377, 4924, 2756,
378, 4924, 2758,
379, 4930, 2760,
380, 4935, 2760,
381, 4938, 2761,
382, 4942, 2762,
383, 4946, 2762,
384, 4951, 2765,
385, 4952, 2764,
386, 4956, 2766,
387, 4959, 2766,
388, 4961, 2768,
389, 4965, 2768,
390, 4971, 2770,
391, 4972, 2771,
392, 4975, 2772,
393, 4979, 2773,
394, 4979, 2774,
395, 4986, 2775,
396, 4991, 2776,
397, 4992, 2778,
398, 4998, 2779,
399, 4994, 2778,
400, 5001, 2780,
401, 5012, 2783,
402, 5014, 2784,
403, 5016, 2785,
404, 5018, 2786,
405, 5026, 2788,
406, 5030, 2789,
407, 5031, 2789,
408, 5031, 2789,
409, 5032, 2789,
410, 5040, 2791,
411, 5041, 2792,
412, 5049, 2794,
413, 5057, 2796,
414, 5056, 2797,
415, 5061, 2796,
416, 5065, 2798,
417, 5071, 2800,
418, 5072, 2801,
419, 5076, 2802,
420, 5079, 2803,
421, 5080, 2804,
422, 5085, 2805,
423, 5091, 2806,
424, 5092, 2806,
425, 5096, 2808,
426, 5099, 2809,
427, 5095, 2809,
428, 5107, 2811,
429, 5113, 2813,
430, 5114, 2814,
431, 5119, 2815,
432, 5121, 2815,
433, 5123, 2816,
434, 5128, 2817,
435, 5135, 2820,
436, 5134, 2819,
437, 5138, 2819,
438, 5136, 2820,
439, 5143, 2822,
440, 5148, 2823,
441, 5156, 2826,
442, 5156, 2826,
443, 5161, 2826,
444, 5152, 2825,
445, 5166, 2827,
446, 5170, 2829,
447, 5170, 2829,
448, 5175, 2832,
449, 5182, 2832,
450, 5184, 2832,
451, 5187, 2833,
452, 5196, 2837,
453, 5197, 2838,
454, 5202, 2838,
455, 5202, 2838,
456, 5201, 2838,
457, 5208, 2840,
458, 5215, 2842,
459, 5216, 2842,
460, 5221, 2845,
461, 5225, 2845,
462, 5225, 2845,
463, 5231, 2848,
464, 5238, 2849,
465, 5233, 2848,
466, 5242, 2851,
467, 5248, 2853,
468, 5250, 2854,
469, 5256, 2855,
470, 5262, 2857,
471, 5262, 2857,
472, 5267, 2858,
473, 5270, 2859,
474, 5272, 2859,
475, 5276, 2861,
476, 5277, 2860,
477, 5284, 2862,
478, 5289, 2864,
479, 5291, 2864,
480, 5294, 2865,
481, 5298, 2867,
482, 5299, 2867,
483, 5305, 2869,
484, 5303, 2870,
485, 5310, 2872,
486, 5313, 2871,
487, 5317, 2873,
488, 5316, 2872,
489, 5324, 2875,
490, 5331, 2877,
491, 5331, 2876,
492, 5334, 2877,
493, 5338, 2878,
494, 5337, 2879,
495, 5341, 2879,
496, 5348, 2882,
497, 5349, 2881,
498, 5352, 2882,
499, 5355, 2884,
500, 5355, 2884,
501, 5372, 2888,
502, 5411, 2896,
503, 5417, 2897,
504, 5426, 2898,
505, 5432, 2897,
506, 5435, 2899,
507, 5437, 2899,
508, 5445, 2899,
509, 5451, 2900,
510, 5455, 2902,
511, 5463, 2903,
512, 5468, 2902,
513, 5474, 2899,
514, 5478, 2903,
515, 5482, 2904,
516, 5487, 2905,
517, 5488, 2906,
518, 5495, 2906,
519, 5505, 2906,
520, 5506, 2907,
521, 5514, 2908,
522, 5517, 2908,
523, 5518, 2909,
524, 5530, 2909,
525, 5542, 2910,
526, 5548, 2911,
527, 5550, 2911,
528, 5549, 2912,
529, 5555, 2912,
530, 5562, 2912,
531, 5575, 2914,
532, 5576, 2915,
533, 5580, 2915,
534, 5591, 2917,
535, 5599, 2918,
536, 5600, 2917,
537, 5608, 2919,
538, 5612, 2919,
539, 5617, 2921,
540, 5627, 2922,
541, 5639, 2922,
542, 5639, 2924,
543, 5643, 2923,
544, 5647, 2922,
545, 5651, 2923,
546, 5654, 2924,
547, 5663, 2924,
548, 5662, 2924,
549, 5668, 2925,
550, 5672, 2925,
551, 5676, 2925,
552, 5687, 2927,
553, 5690, 2928,
554, 5694, 2927,
555, 5699, 2927,
556, 5706, 2928,
557, 5707, 2928,
558, 5714, 2930,
559, 5717, 2930,
560, 5721, 2929,
561, 5727, 2930,
562, 5736, 2931,
563, 5737, 2932,
564, 5743, 2932,
565, 5746, 2932,
566, 5749, 2931,
567, 5755, 2932,
568, 5755, 2932,
569, 5763, 2934,
570, 5769, 2934,
571, 5773, 2935,
572, 5774, 2935,
573, 5781, 2935,
574, 5787, 2935,
575, 5791, 2935,
576, 5793, 2935,
577, 5800, 2936,
578, 5809, 2937,
579, 5810, 2937,
580, 5817, 2937,
581, 5819, 2938,
582, 5816, 2937,
583, 5821, 2937,
584, 5828, 2938,
585, 5828, 2938,
586, 5830, 2938,
587, 5835, 2938,
588, 5836, 2939,
589, 5845, 2939,
590, 5852, 2939,
591, 5852, 2939,
592, 5858, 2939,
593, 5863, 2940,
594, 5865, 2942,
595, 5873, 2942,
596, 5881, 2942,
597, 5883, 2942,
598, 5885, 2942,
599, 5891, 2943,
600, 5892, 2943,
601, 5904, 2944,
602, 5910, 2944,
603, 5911, 2945,
604, 5918, 2945,
605, 5927, 2946,
606, 5927, 2946,
607, 5934, 2947,
608, 5938, 2947,
609, 5939, 2948,
610, 5946, 2947,
611, 5955, 2949,
612, 5956, 2948,
613, 5959, 2948,
614, 5966, 2949,
615, 5972, 2950,
616, 5973, 2950,
617, 5980, 2950,
618, 5985, 2951,
619, 5985, 2951,
620, 5993, 2951,
621, 6002, 2952,
622, 6003, 2952,
623, 6005, 2952,
624, 6012, 2953,
625, 6020, 2953,
626, 6020, 2953,
627, 6027, 2954,
628, 6031, 2953,
629, 6034, 2953,
630, 6040, 2955,
631, 6041, 2954,
632, 6048, 2955,
633, 6056, 2955,
634, 6057, 2956,
635, 6063, 2956,
636, 6068, 2956,
637, 6069, 2957,
638, 6078, 2957,
639, 6083, 2957,
640, 6086, 2957,
641, 6089, 2958,
642, 6095, 2958,
643, 6100, 2959,
644, 6103, 2959,
645, 6106, 2959,
646, 6112, 2959,
647, 6111, 2959,
648, 6119, 2960,
649, 6127, 2960,
650, 6127, 2962,
651, 6131, 2960,
652, 6146, 2963,
653, 6147, 2962,
654, 6151, 2963,
655, 6157, 2963,
656, 6158, 2964,
657, 6165, 2963,
658, 6175, 2964,
659, 6175, 2964,
660, 6182, 2965,
661, 6185, 2965,
662, 6188, 2966,
663, 6194, 2966,
664, 6203, 2967,
665, 6205, 2967,
666, 6208, 2968,
667, 6212, 2968,
668, 6213, 2967,
669, 6220, 2968,
670, 6227, 2967,
671, 6230, 2969,
672, 6235, 2968,
673, 6238, 2969,
674, 6238, 2969,
675, 6248, 2969,
676, 6255, 2970,
677, 6257, 2970,
678, 6260, 2970,
679, 6267, 2971,
680, 6272, 2970,
681, 6277, 2971,
682, 6279, 2971,
683, 6283, 2971,
684, 6285, 2971,
685, 6295, 2972,
686, 6303, 2972,
687, 6303, 2972,
688, 6309, 2974,
689, 6313, 2974,
690, 6315, 2972,
691, 6322, 2973,
692, 6332, 2975,
693, 6333, 2975,
694, 6338, 2976,
695, 6341, 2976,
696, 6345, 2975,
697, 6352, 2976,
698, 6362, 2978,
699, 6361, 2978,
700, 6366, 2977,
701, 6372, 2978,
702, 6382, 2978,
703, 6385, 2979,
704, 6393, 2979,
705, 6394, 2980,
706, 6402, 2980,
707, 6411, 2981,
708, 6413, 2982,
709, 6418, 2981,
710, 6422, 2982,
711, 6423, 2982,
712, 6433, 2982,
713, 6440, 2982,
714, 6443, 2982,
715, 6445, 2982,
716, 6452, 2983,
717, 6458, 2982,
718, 6458, 2984,
719, 6461, 2984,
720, 6469, 2984,
721, 6470, 2984,
722, 6479, 2986,
723, 6487, 2986,
724, 6489, 2986,
725, 6492, 2985,
726, 6500, 2986,
727, 6510, 2987,
728, 6510, 2987,
729, 6517, 2988,
730, 6521, 2988,
731, 6522, 2987,
732, 6531, 2988,
733, 6538, 2988,
734, 6541, 2988,
735, 6546, 2989,
736, 6552, 2989,
737, 6553, 2990,
738, 6562, 2990,
739, 6569, 2991,
740, 6573, 2992,
741, 6577, 2991,
742, 6584, 2991,
743, 6593, 2993,
744, 6593, 2993,
745, 6601, 2992,
746, 6604, 2993,
747, 6608, 2993,
748, 6616, 2994,
749, 6625, 2994,
750, 6627, 2995,
751, 6632, 2994,
752, 6647, 2995,
753, 6647, 2995,
754, 6651, 2996,
755, 6659, 2997,
756, 6661, 2997,
757, 6669, 2997,
758, 6679, 2998,
759, 6679, 2998,
760, 6686, 2998,
761, 6691, 2998,
762, 6695, 2998,
763, 6701, 3000,
764, 6713, 3000,
765, 6713, 3000,
766, 6718, 2999,
767, 6722, 3001,
768, 6725, 3000,
769, 6733, 3001,
770, 6742, 3001,
771, 6745, 3001,
772, 6750, 3002,
773, 6755, 3003,
774, 6758, 3001,
775, 6765, 3002,
776, 6775, 3003,
777, 6777, 3004,
778, 6782, 3003,
779, 6788, 3004,
780, 6799, 3005,
781, 6798, 3005,
782, 6807, 3005,
783, 6809, 3005,
784, 6816, 3005,
785, 6820, 3007,
786, 6824, 3006,
787, 6832, 3007,
788, 6840, 3008,
789, 6841, 3007,
790, 6847, 3008,
791, 6853, 3008,
792, 6854, 3007,
793, 6864, 3009,
794, 6872, 3010,
795, 6876, 3009,
796, 6880, 3010,
797, 6887, 3010,
798, 6887, 3011,
799, 6897, 3011,
800, 6904, 3011,
801, 6917, 3013,
802, 6919, 3011,
803, 6924, 3013,
804, 6931, 3013,
805, 6932, 3012,
806, 6941, 3012,
807, 6952, 3013,
808, 6953, 3014,
809, 6960, 3014,
810, 6965, 3015,
811, 6967, 3015,
812, 6974, 3015,
813, 6977, 3015,
814, 6986, 3015,
815, 6994, 3016,
816, 6998, 3016,
817, 7003, 3016,
818, 7009, 3017,
819, 7010, 3017,
820, 7020, 3018,
821, 7029, 3019,
822, 7031, 3018,
823, 7037, 3018,
824, 7041, 3019,
825, 7044, 3020,
826, 7054, 3020,
827, 7063, 3020,
828, 7066, 3020,
829, 7071, 3021,
830, 7076, 3022,
831, 7079, 3020,
832, 7087, 3021,
833, 7098, 3023,
834, 7098, 3022,
835, 7107, 3022,
836, 7111, 3021,
837, 7112, 3022,
838, 7122, 3023,
839, 7132, 3023,
840, 7132, 3023,
841, 7141, 3024,
842, 7144, 3025,
843, 7149, 3025,
844, 7156, 3026,
845, 7165, 3026,
846, 7167, 3026,
847, 7174, 3026,
848, 7178, 3026,
849, 7182, 3026,
850, 7190, 3027,
851, 7203, 3027,
852, 7207, 3028,
853, 7214, 3028,
854, 7223, 3029,
855, 7225, 3029,
856, 7231, 3029,
857, 7236, 3029,
858, 7239, 3029,
859, 7248, 3029,
860, 7260, 3029,
861, 7260, 3031,
862, 7265, 3030,
863, 7271, 3031,
864, 7274, 3031,
865, 7284, 3031,
866, 7293, 3031,
867, 7295, 3031,
868, 7302, 3034,
869, 7305, 3032,
870, 7310, 3033,
871, 7318, 3033,
872, 7318, 3033,
873, 7329, 3033,
874, 7338, 3034,
875, 7340, 3034,
876, 7346, 3035,
877, 7353, 3034,
878, 7364, 3036,
879, 7365, 3035,
880, 7372, 3036,
881, 7377, 3036,
882, 7378, 3037,
883, 7387, 3036,
884, 7399, 3037,
885, 7401, 3037,
886, 7408, 3038,
887, 7411, 3038,
888, 7415, 3037,
889, 7424, 3039,
890, 7433, 3038,
891, 7436, 3040,
892, 7440, 3040,
893, 7445, 3040,
894, 7458, 3040,
895, 7458, 3040,
896, 7467, 3040,
897, 7471, 3041,
898, 7473, 3040,
899, 7483, 3041,
900, 7493, 3041,
901, 7494, 3042,
902, 7502, 3042,
903, 7518, 3043,
904, 7519, 3043,
905, 7523, 3043,
906, 7531, 3043,
907, 7531, 3045,
908, 7542, 3044,
909, 7553, 3045,
910, 7554, 3044,
911, 7558, 3045,
912, 7566, 3045,
913, 7578, 3045,
914, 7579, 3045,
915, 7587, 3046,
916, 7591, 3045,
917, 7593, 3047,
918, 7601, 3047,
919, 7613, 3047,
920, 7614, 3048,
921, 7622, 3048,
922, 7626, 3047,
923, 7631, 3049,
924, 7640, 3048,
925, 7640, 3048,
926, 7652, 3049,
927, 7659, 3049,
928, 7665, 3049,
929, 7665, 3049,
930, 7676, 3050,
931, 7684, 3050,
932, 7687, 3051,
933, 7693, 3051,
934, 7701, 3051,
935, 7699, 3051,
936, 7713, 3051,
937, 7722, 3052,
938, 7725, 3051,
939, 7728, 3053,
940, 7737, 3052,
941, 7746, 3053,
942, 7749, 3053,
943, 7755, 3054,
944, 7761, 3053,
945, 7762, 3053,
946, 7774, 3055,
947, 7782, 3055,
948, 7787, 3054,
949, 7791, 3054,
950, 7799, 3056,
951, 7811, 3055,
952, 7815, 3056,
953, 7823, 3056,
954, 7836, 3056,
955, 7836, 3058,
956, 7841, 3057,
957, 7849, 3057,
958, 7849, 3057,
959, 7861, 3057,
960, 7872, 3058,
961, 7873, 3059,
962, 7881, 3059,
963, 7886, 3059,
964, 7886, 3059,
965, 7900, 3059,
966, 7908, 3059,
967, 7910, 3059,
968, 7915, 3060,
969, 7925, 3060,
970, 7926, 3059,
971, 7935, 3060,
972, 7944, 3061,
973, 7949, 3061,
974, 7955, 3061,
975, 7963, 3061,
976, 7962, 3062,
977, 7976, 3062,
978, 7985, 3063,
979, 7986, 3063,
980, 7993, 3063,
981, 7999, 3064,
982, 8000, 3063,
983, 8013, 3064,
984, 8022, 3064,
985, 8026, 3064,
986, 8034, 3064,
987, 8039, 3065,
988, 8049, 3065,
989, 8050, 3064,
990, 8056, 3065,
991, 8063, 3066,
992, 8067, 3066,
993, 8076, 3066,
994, 8087, 3067,
995, 8090, 3066,
996, 8096, 3067,
997, 8101, 3066,
998, 8106, 3067,
999, 8114, 3067,
1000, 8124, 3068,
