1, 3577, 206,
2, 3611, 997,
3, 3606, 992,
4, 3607, 991,
5, 3605, 990,
6, 3609, 990,
7, 3611, 989,
8, 3611, 991,
9, 3615, 990,
10, 3617, 989,
11, 3624, 990,
12, 3624, 990,
13, 3626, 990,
14, 3630, 991,
15, 3630, 990,
16, 3636, 992,
17, 3638, 990,
18, 3644, 992,
19, 3649, 992,
20, 3649, 993,
21, 3653, 992,
22, 3656, 993,
23, 3657, 993,
24, 3663, 994,
25, 3668, 994,
26, 3668, 996,
27, 3672, 994,
28, 3677, 996,
29, 3677, 996,
30, 3683, 997,
31, 3686, 997,
32, 3689, 997,
33, 3691, 998,
34, 3696, 998,
35, 3696, 998,
36, 3702, 1000,
37, 3709, 999,
38, 3709, 999,
39, 3711, 1000,
40, 3716, 1000,
41, 3716, 1000,
42, 3721, 1002,
43, 3727, 1002,
44, 3728, 1001,
45, 3731, 1002,
46, 3735, 1003,
47, 3742, 1003,
48, 3742, 1004,
49, 3743, 1003,
50, 3751, 1004,
51, 3754, 1005,
52, 3757, 1006,
53, 3762, 1006,
54, 3762, 1006,
55, 3769, 1007,
56, 3774, 1008,
57, 3775, 1008,
58, 3776, 1008,
59, 3782, 1008,
60, 3782, 1008,
61, 3788, 1009,
62, 3795, 1010,
63, 3795, 1010,
64, 3797, 1011,
65, 3802, 1011,
66, 3802, 1011,
67, 3809, 1012,
68, 3814, 1012,
69, 3816, 1013,
70, 3818, 1012,
71, 3823, 1013,
72, 3828, 1015,
73, 3829, 1014,
74, 3833, 1015,
75, 3835, 1016,
76, 3837, 1015,
77, 3842, 1015,
78, 3842, 1017,
79, 3849, 1016,
80, 3854, 1016,
81, 3856, 1017,
82, 3858, 1018,
83, 3862, 1019,
84, 3865, 1018,
85, 3870, 1019,
86, 3876, 1020,
87, 3876, 1020,
88, 3881, 1020,
89, 3882, 1021,
90, 3886, 1021,
91, 3888, 1022,
92, 3891, 1021,
93, 3896, 1022,
94, 3902, 1024,
95, 3903, 1023,
96, 3908, 1024,
97, 3909, 1025,
98, 3912, 1024,
99, 3919, 1026,
100, 3923, 1025,
101, 3926, 1026,
102, 3929, 1027,
103, 3931, 1026,
104, 3936, 1028,
105, 3940, 1028,
106, 3942, 1028,
107, 3945, 1029,
108, 3949, 1029,
109, 3956, 1030,
110, 3956, 1030,
111, 3961, 1030,
112, 3963, 1031,
113, 3966, 1032,
114, 3970, 1032,
115, 3970, 1032,
116, 3975, 1034,
117, 3980, 1034,
118, 3985, 1033,
119, 3987, 1034,
120, 3992, 1034,
121, 3992, 1034,
122, 3996, 1036,
123, 4001, 1036,
124, 4003, 1037,
125, 4007, 1037,
126, 4010, 1036,
127, 4010, 1038,
128, 4018, 1037,
129, 4022, 1039,
130, 4022, 1039,
131, 4025, 1040,
132, 4032, 1040,
133, 4032, 1039,
134, 4038, 1041,
135, 4043, 1041,
136, 4043, 1041,
137, 4046, 1042,
138, 4050, 1042,
139, 4058, 1043,
140, 4058, 1043,
141, 4062, 1043,
142, 4065, 1044,
143, 4067, 1045,
144, 4069, 1046,
145, 4072, 1045,
146, 4077, 1045,
147, 4086, 1046,
148, 4083, 1046,
149, 4090, 1047,
150, 4097, 1049,
151, 4100, 1048,
152, 4102, 1049,
153, 4105, 1050,
154, 4107, 1049,
155, 4112, 1051,
156, 4112, 1051,
157, 4119, 1050,
158, 4125, 1052,
159, 4127, 1052,
160, 4130, 1053,
161, 4133, 1053,
162, 4137, 1054,
163, 4140, 1054,
164, 4142, 1054,
165, 4147, 1055,
166, 4149, 1055,
167, 4154, 1055,
168, 4156, 1057,
169, 4159, 1056,
170, 4163, 1058,
171, 4167, 1058,
172, 4168, 1058,
173, 4174, 1059,
174, 4179, 1059,
175, 4182, 1058,
176, 4185, 1059,
177, 4187, 1060,
178, 4193, 1061,
179, 4194, 1061,
180, 4198, 1062,
181, 4203, 1062,
182, 4207, 1064,
183, 4207, 1064,
184, 4214, 1063,
185, 4214, 1065,
186, 4219, 1063,
187, 4222, 1064,
188, 4222, 1064,
189, 4229, 1065,
190, 4233, 1067,
191, 4236, 1066,
192, 4239, 1067,
193, 4241, 1066,
194, 4241, 1068,
195, 4248, 1067,
196, 4253, 1069,
197, 4255, 1068,
198, 4255, 1068,
199, 4267, 1070,
200, 4269, 1071,
201, 4273, 1071,
202, 4274, 1071,
203, 4281, 1072,
204, 4281, 1072,
205, 4286, 1072,
206, 4287, 1073,
207, 4290, 1074,
208, 4293, 1073,
209, 4295, 1074,
210, 4300, 1074,
211, 4306, 1076,
212, 4307, 1075,
213, 4311, 1076,
214, 4313, 1077,
215, 4316, 1076,
216, 4320, 1076,
217, 4320, 1078,
218, 4327, 1077,
219, 4330, 1078,
220, 4333, 1079,
221, 4335, 1080,
222, 4340, 1080,
223, 4340, 1080,
224, 4346, 1081,
225, 4351, 1081,
226, 4351, 1083,
227, 4356, 1081,
228, 4361, 1082,
229, 4361, 1083,
230, 4367, 1083,
231, 4373, 1085,
232, 4373, 1085,
233, 4377, 1085,
234, 4380, 1086,
235, 4382, 1085,
236, 4386, 1087,
237, 4394, 1086,
238, 4394, 1086,
239, 4399, 1086,
240, 4401, 1087,
241, 4401, 1089,
242, 4408, 1088,
243, 4417, 1090,
244, 4415, 1089,
245, 4422, 1091,
246, 4424, 1091,
247, 4426, 1091,
248, 4429, 1092,
249, 4429, 1092,
250, 4439, 1092,
251, 4443, 1093,
252, 4443, 1093,
253, 4457, 1094,
254, 4459, 1095,
255, 4462, 1096,
256, 4464, 1095,
257, 4469, 1097,
258, 4474, 1097,
259, 4476, 1098,
260, 4478, 1098,
261, 4485, 1099,
262, 4487, 1098,
263, 4485, 1099,
264, 4490, 1100,
265, 4490, 1100,
266, 4495, 1100,
267, 4497, 1100,
268, 4500, 1100,
269, 4502, 1101,
270, 4509, 1103,
271, 4511, 1102,
272, 4514, 1103,
273, 4518, 1103,
274, 4518, 1104,
275, 4523, 1105,
276, 4530, 1104,
277, 4530, 1104,
278, 4535, 1106,
279, 4537, 1105,
280, 4540, 1106,
281, 4546, 1106,
282, 4544, 1107,
283, 4553, 1107,
284, 4558, 1109,
285, 4560, 1108,
286, 4563, 1109,
287, 4565, 1110,
288, 4568, 1109,
289, 4572, 1111,
290, 4577, 1111,
291, 4577, 1111,
292, 4582, 1111,
293, 4584, 1112,
294, 4584, 1112,
295, 4591, 1113,
296, 4594, 1114,
297, 4596, 1114,
298, 4598, 1114,
299, 4610, 1114,
300, 4612, 1115,
301, 4613, 1116,
302, 4619, 1116,
303, 4622, 1117,
304, 4626, 1117,
305, 4627, 1119,
306, 4631, 1119,
307, 4638, 1118,
308, 4638, 1120,
309, 4641, 1119,
310, 4645, 1119,
311, 4645, 1121,
312, 4655, 1120,
313, 4660, 1122,
314, 4662, 1123,
315, 4666, 1123,
316, 4669, 1122,
317, 4669, 1122,
318, 4676, 1123,
319, 4683, 1124,
320, 4683, 1124,
321, 4687, 1124,
322, 4688, 1126,
323, 4690, 1125,
324, 4697, 1127,
325, 4697, 1127,
326, 4704, 1127,
327, 4709, 1128,
328, 4711, 1128,
329, 4713, 1128,
330, 4716, 1129,
331, 4718, 1128,
332, 4723, 1130,
333, 4730, 1131,
334, 4730, 1131,
335, 4732, 1132,
336, 4737, 1131,
337, 4737, 1132,
338, 4744, 1133,
339, 4748, 1133,
340, 4751, 1134,
341, 4753, 1134,
342, 4758, 1134,
343, 4758, 1134,
344, 4765, 1135,
345, 4770, 1136,
346, 4770, 1136,
347, 4772, 1136,
348, 4777, 1137,
349, 4777, 1137,
350, 4788, 1139,
351, 4793, 1139,
352, 4798, 1140,
353, 4800, 1140,
354, 4805, 1140,
355, 4805, 1140,
356, 4809, 1140,
357, 4812, 1141,
358, 4812, 1141,
359, 4819, 1142,
360, 4821, 1143,
361, 4826, 1143,
362, 4826, 1143,
363, 4833, 1145,
364, 4840, 1146,
365, 4840, 1146,
366, 4844, 1146,
367, 4844, 1146,
368, 4847, 1147,
369, 4852, 1147,
370, 4859, 1148,
371, 4859, 1148,
372, 4863, 1148,
373, 4866, 1149,
374, 4868, 1148,
375, 4875, 1148,
376, 4880, 1150,
377, 4880, 1150,
378, 4884, 1150,
379, 4887, 1151,
380, 4887, 1151,
381, 4894, 1152,
382, 4899, 1152,
383, 4899, 1154,
384, 4903, 1154,
385, 4906, 1153,
386, 4910, 1154,
387, 4915, 1154,
388, 4920, 1156,
389, 4922, 1155,
390, 4924, 1156,
391, 4927, 1157,
392, 4929, 1156,
393, 4934, 1156,
394, 4938, 1158,
395, 4941, 1157,
396, 4943, 1158,
397, 4948, 1158,
398, 4948, 1160,
399, 4960, 1160,
400, 4962, 1161,
401, 4964, 1161,
402, 4969, 1161,
403, 4974, 1162,
404, 4976, 1162,
405, 4978, 1163,
406, 4981, 1163,
407, 4983, 1163,
408, 4988, 1164,
409, 4995, 1165,
410, 4995, 1165,
411, 5000, 1165,
412, 5004, 1165,
413, 5004, 1167,
414, 5009, 1167,
415, 5016, 1168,
416, 5016, 1168,
417, 5021, 1168,
418, 5023, 1169,
419, 5023, 1169,
420, 5030, 1170,
421, 5035, 1170,
422, 5035, 1170,
423, 5037, 1171,
424, 5044, 1171,
425, 5049, 1173,
426, 5052, 1172,
427, 5054, 1173,
428, 5059, 1173,
429, 5063, 1173,
430, 5063, 1175,
431, 5066, 1174,
432, 5070, 1174,
433, 5075, 1176,
434, 5078, 1175,
435, 5080, 1176,
436, 5085, 1177,
437, 5087, 1176,
438, 5092, 1176,
439, 5099, 1177,
440, 5096, 1179,
441, 5101, 1178,
442, 5103, 1179,
443, 5103, 1179,
444, 5111, 1180,
445, 5113, 1179,
446, 5115, 1180,
447, 5115, 1182,
448, 5122, 1181,
449, 5127, 1183,
450, 5130, 1182,
451, 5141, 1183,
452, 5141, 1184,
453, 5146, 1184,
454, 5151, 1184,
455, 5153, 1185,
456, 5153, 1185,
457, 5158, 1185,
458, 5160, 1186,
459, 5165, 1186,
460, 5167, 1187,
461, 5172, 1187,
462, 5177, 1187,
463, 5177, 1189,
464, 5184, 1189,
465, 5186, 1189,
466, 5186, 1190,
467, 5193, 1190,
468, 5198, 1190,
469, 5198, 1191,
470, 5205, 1192,
471, 5205, 1192,
472, 5210, 1192,
473, 5212, 1193,
474, 5212, 1193,
475, 5219, 1194,
476, 5224, 1194,
477, 5227, 1195,
478, 5229, 1194,
479, 5234, 1196,
480, 5234, 1196,
481, 5241, 1197,
482, 5246, 1197,
483, 5248, 1196,
484, 5250, 1197,
485, 5255, 1198,
486, 5255, 1198,
487, 5262, 1199,
488, 5267, 1199,
489, 5269, 1200,
490, 5272, 1199,
491, 5274, 1200,
492, 5279, 1200,
493, 5281, 1201,
494, 5291, 1202,
495, 5288, 1202,
496, 5295, 1202,
497, 5298, 1203,
498, 5303, 1205,
499, 5307, 1203,
500, 5326, 1206,
501, 5346, 1207,
502, 5348, 1208,
503, 5353, 1207,
504, 5358, 1207,
505, 5360, 1207,
506, 5367, 1207,
507, 5375, 1208,
508, 5375, 1209,
509, 5382, 1208,
510, 5387, 1209,
511, 5389, 1209,
512, 5394, 1210,
513, 5401, 1210,
514, 5404, 1209,
515, 5406, 1210,
516, 5413, 1209,
517, 5421, 1211,
518, 5421, 1211,
519, 5428, 1210,
520, 5430, 1211,
521, 5435, 1210,
522, 5443, 1211,
523, 5450, 1211,
524, 5450, 1211,
525, 5455, 1211,
526, 5460, 1213,
527, 5462, 1212,
528, 5467, 1213,
529, 5470, 1212,
530, 5477, 1213,
531, 5477, 1213,
532, 5487, 1212,
533, 5494, 1213,
534, 5497, 1214,
535, 5502, 1213,
536, 5507, 1214,
537, 5506, 1213,
538, 5516, 1214,
539, 5521, 1215,
540, 5524, 1215,
541, 5526, 1215,
542, 5534, 1216,
543, 5534, 1216,
544, 5541, 1216,
545, 5551, 1216,
546, 5551, 1216,
547, 5556, 1216,
548, 5559, 1217,
549, 5559, 1217,
550, 5571, 1217,
551, 5576, 1216,
552, 5579, 1217,
553, 5584, 1218,
554, 5591, 1217,
555, 5594, 1218,
556, 5604, 1218,
557, 5604, 1219,
558, 5611, 1218,
559, 5614, 1219,
560, 5626, 1219,
561, 5629, 1220,
562, 5626, 1219,
563, 5634, 1219,
564, 5644, 1221,
565, 5649, 1221,
566, 5654, 1220,
567, 5656, 1221,
568, 5656, 1220,
569, 5667, 1220,
570, 5677, 1222,
571, 5679, 1221,
572, 5677, 1222,
573, 5684, 1222,
574, 5694, 1222,
575, 5697, 1221,
576, 5700, 1223,
577, 5705, 1221,
578, 5722, 1223,
579, 5725, 1224,
580, 5730, 1224,
581, 5728, 1224,
582, 5735, 1223,
583, 5738, 1224,
584, 5740, 1223,
585, 5748, 1224,
586, 5756, 1224,
587, 5761, 1224,
588, 5761, 1225,
589, 5769, 1226,
590, 5769, 1226,
591, 5776, 1225,
592, 5782, 1226,
593, 5784, 1225,
594, 5789, 1225,
595, 5794, 1226,
596, 5808, 1226,
597, 5812, 1227,
598, 5815, 1226,
599, 5826, 1228,
600, 5826, 1227,
601, 5831, 1227,
602, 5833, 1229,
603, 5836, 1228,
604, 5844, 1228,
605, 5854, 1228,
606, 5854, 1228,
607, 5859, 1229,
608, 5867, 1230,
609, 5867, 1230,
610, 5875, 1230,
611, 5878, 1229,
612, 5886, 1230,
613, 5888, 1229,
614, 5896, 1230,
615, 5904, 1230,
616, 5904, 1230,
617, 5912, 1230,
618, 5915, 1231,
619, 5917, 1230,
620, 5925, 1230,
621, 5925, 1232,
622, 5936, 1232,
623, 5938, 1233,
624, 5946, 1231,
625, 5946, 1231,
626, 5954, 1232,
627, 5965, 1233,
628, 5965, 1233,
629, 5967, 1233,
630, 5976, 1234,
631, 5976, 1232,
632, 5986, 1234,
633, 5986, 1234,
634, 5994, 1234,
635, 6002, 1234,
636, 6005, 1234,
637, 6010, 1233,
638, 6016, 1235,
639, 6026, 1234,
640, 6026, 1234,
641, 6026, 1234,
642, 6032, 1235,
643, 6034, 1235,
644, 6042, 1235,
645, 6045, 1234,
646, 6053, 1236,
647, 6061, 1237,
648, 6069, 1236,
649, 6069, 1236,
650, 6086, 1237,
651, 6086, 1237,
652, 6091, 1238,
653, 6096, 1236,
654, 6099, 1238,
655, 6108, 1237,
656, 6113, 1237,
657, 6118, 1237,
658, 6121, 1238,
659, 6126, 1237,
660, 6126, 1239,
661, 6137, 1238,
662, 6143, 1240,
663, 6145, 1239,
664, 6145, 1239,
665, 6156, 1239,
666, 6162, 1240,
667, 6164, 1239,
668, 6170, 1240,
669, 6178, 1241,
670, 6187, 1240,
671, 6189, 1240,
672, 6195, 1240,
673, 6198, 1241,
674, 6200, 1242,
675, 6206, 1241,
676, 6208, 1241,
677, 6217, 1241,
678, 6225, 1241,
679, 6231, 1241,
680, 6231, 1243,
681, 6239, 1243,
682, 6242, 1242,
683, 6247, 1242,
684, 6250, 1243,
685, 6258, 1242,
686, 6264, 1243,
687, 6267, 1244,
688, 6273, 1243,
689, 6278, 1243,
690, 6292, 1243,
691, 6292, 1243,
692, 6292, 1243,
693, 6300, 1244,
694, 6309, 1244,
695, 6309, 1244,
696, 6317, 1245,
697, 6322, 1245,
698, 6326, 1245,
699, 6334, 1246,
700, 6334, 1246,
701, 6343, 1246,
702, 6354, 1246,
703, 6362, 1246,
704, 6362, 1246,
705, 6368, 1247,
706, 6377, 1246,
707, 6377, 1246,
708, 6385, 1247,
709, 6391, 1248,
710, 6394, 1247,
711, 6400, 1248,
712, 6405, 1247,
713, 6402, 1247,
714, 6414, 1249,
715, 6422, 1248,
716, 6428, 1249,
717, 6431, 1248,
718, 6437, 1249,
719, 6437, 1249,
720, 6448, 1249,
721, 6457, 1249,
722, 6457, 1248,
723, 6465, 1250,
724, 6471, 1249,
725, 6474, 1250,
726, 6483, 1249,
727, 6489, 1250,
728, 6491, 1250,
729, 6497, 1251,
730, 6500, 1250,
731, 6503, 1249,
732, 6511, 1251,
733, 6517, 1251,
734, 6526, 1251,
735, 6526, 1251,
736, 6532, 1251,
737, 6541, 1251,
738, 6544, 1252,
739, 6550, 1252,
740, 6552, 1253,
741, 6555, 1252,
742, 6561, 1251,
743, 6570, 1252,
744, 6576, 1253,
745, 6579, 1252,
746, 6588, 1253,
747, 6588, 1253,
748, 6596, 1253,
749, 6605, 1254,
750, 6608, 1253,
751, 6617, 1253,
752, 6626, 1254,
753, 6632, 1255,
754, 6635, 1254,
755, 6641, 1255,
756, 6643, 1255,
757, 6652, 1255,
758, 6661, 1256,
759, 6661, 1256,
760, 6670, 1256,
761, 6673, 1255,
762, 6679, 1256,
763, 6685, 1256,
764, 6697, 1256,
765, 6697, 1256,
766, 6700, 1257,
767, 6706, 1256,
768, 6709, 1257,
769, 6718, 1256,
770, 6727, 1256,
771, 6727, 1258,
772, 6736, 1257,
773, 6739, 1257,
774, 6742, 1258,
775, 6751, 1257,
776, 6760, 1257,
777, 6760, 1257,
778, 6767, 1258,
779, 6776, 1257,
780, 6776, 1259,
781, 6785, 1258,
782, 6794, 1258,
783, 6794, 1260,
784, 6803, 1259,
785, 6806, 1259,
786, 6812, 1259,
787, 6815, 1260,
788, 6830, 1260,
789, 6830, 1260,
790, 6839, 1259,
791, 6839, 1260,
792, 6842, 1260,
793, 6851, 1260,
794, 6861, 1261,
795, 6861, 1261,
796, 6867, 1260,
797, 6876, 1261,
798, 6879, 1261,
799, 6895, 1261,
800, 6895, 1261,
801, 6904, 1262,
802, 6907, 1261,
803, 6907, 1261,
804, 6920, 1262,
805, 6925, 1262,
806, 6932, 1263,
807, 6932, 1263,
808, 6941, 1264,
809, 6950, 1264,
810, 6953, 1263,
811, 6960, 1263,
812, 6962, 1264,
813, 6972, 1264,
814, 6972, 1264,
815, 6981, 1265,
816, 6988, 1264,
817, 6991, 1264,
818, 6997, 1265,
819, 7000, 1264,
820, 7007, 1265,
821, 7019, 1265,
822, 7023, 1265,
823, 7026, 1264,
824, 7035, 1265,
825, 7035, 1265,
826, 7044, 1265,
827, 7054, 1266,
828, 7057, 1265,
829, 7063, 1266,
830, 7066, 1265,
831, 7066, 1265,
832, 7080, 1266,
833, 7089, 1267,
834, 7089, 1267,
835, 7092, 1266,
836, 7101, 1266,
837, 7111, 1267,
838, 7111, 1267,
839, 7121, 1267,
840, 7123, 1266,
841, 7130, 1268,
842, 7137, 1267,
843, 7137, 1267,
844, 7147, 1268,
845, 7156, 1268,
846, 7159, 1267,
847, 7159, 1269,
848, 7173, 1268,
849, 7178, 1268,
850, 7185, 1269,
851, 7195, 1268,
852, 7204, 1269,
853, 7207, 1270,
854, 7211, 1270,
855, 7221, 1269,
856, 7224, 1270,
857, 7231, 1269,
858, 7231, 1269,
859, 7241, 1270,
860, 7250, 1270,
861, 7253, 1269,
862, 7256, 1270,
863, 7263, 1270,
864, 7274, 1272,
865, 7280, 1270,
866, 7280, 1271,
867, 7289, 1270,
868, 7289, 1272,
869, 7299, 1271,
870, 7312, 1272,
871, 7312, 1272,
872, 7319, 1272,
873, 7326, 1271,
874, 7329, 1272,
875, 7339, 1272,
876, 7339, 1272,
877, 7349, 1273,
878, 7359, 1273,
879, 7359, 1273,
880, 7368, 1272,
881, 7376, 1273,
882, 7378, 1273,
883, 7386, 1274,
884, 7396, 1273,
885, 7396, 1274,
886, 7398, 1274,
887, 7408, 1274,
888, 7408, 1274,
889, 7418, 1274,
890, 7428, 1275,
891, 7436, 1274,
892, 7436, 1274,
893, 7446, 1275,
894, 7456, 1275,
895, 7456, 1275,
896, 7463, 1275,
897, 7469, 1275,
898, 7473, 1275,
899, 7479, 1275,
900, 7483, 1276,
901, 7496, 1276,
902, 7503, 1275,
903, 7506, 1276,
904, 7514, 1276,
905, 7524, 1276,
906, 7531, 1276,
907, 7534, 1276,
908, 7541, 1276,
909, 7541, 1276,
910, 7551, 1276,
911, 7564, 1278,
912, 7564, 1278,
913, 7572, 1277,
914, 7582, 1278,
915, 7592, 1278,
916, 7592, 1278,
917, 7600, 1278,
918, 7603, 1279,
919, 7610, 1278,
920, 7613, 1278,
921, 7616, 1278,
922, 7626, 1279,
923, 7634, 1278,
924, 7641, 1280,
925, 7644, 1279,
926, 7651, 1278,
927, 7665, 1278,
928, 7665, 1278,
929, 7672, 1279,
930, 7680, 1279,
931, 7690, 1281,
932, 7693, 1280,
933, 7701, 1280,
934, 7703, 1279,
935, 7703, 1281,
936, 7714, 1279,
937, 7724, 1280,
938, 7724, 1280,
939, 7732, 1281,
940, 7742, 1280,
941, 7742, 1280,
942, 7753, 1280,
943, 7763, 1281,
944, 7763, 1281,
945, 7771, 1280,
946, 7774, 1281,
947, 7792, 1281,
948, 7792, 1281,
949, 7800, 1282,
950, 7813, 1282,
951, 7813, 1282,
952, 7824, 1283,
953, 7827, 1282,
954, 7832, 1282,
955, 7842, 1283,
956, 7853, 1283,
957, 7853, 1282,
958, 7861, 1283,
959, 7864, 1284,
960, 7867, 1283,
961, 7877, 1283,
962, 7885, 1283,
963, 7893, 1282,
964, 7904, 1283,
965, 7904, 1283,
966, 7914, 1283,
967, 7914, 1283,
968, 7922, 1284,
969, 7933, 1283,
970, 7936, 1284,
971, 7944, 1284,
972, 7944, 1284,
973, 7955, 1284,
974, 7966, 1285,
975, 7968, 1284,
976, 7974, 1284,
977, 7984, 1285,
978, 7995, 1285,
979, 7995, 1285,
980, 8003, 1285,
981, 8006, 1286,
982, 8017, 1284,
983, 8017, 1286,
984, 8028, 1285,
985, 8036, 1286,
986, 8036, 1286,
987, 8047, 1286,
988, 8058, 1285,
989, 8058, 1285,
990, 8066, 1286,
991, 8069, 1286,
992, 8077, 1287,
993, 8088, 1286,
994, 8088, 1286,
995, 8099, 1286,
996, 8110, 1287,
997, 8110, 1287,
998, 8118, 1288,
999, 3689, 990,
1000, 3577, 977,
