1, 3546, 2280,
2, 3550, 4105,
3, 3548, 4091,
4, 3545, 4084,
5, 3546, 4080,
6, 3548, 4080,
7, 3543, 4074,
8, 3545, 4079,
9, 3548, 4081,
10, 3549, 4083,
11, 3552, 4083,
12, 3561, 4084,
13, 3565, 4085,
14, 3567, 4087,
15, 3570, 4085,
16, 3574, 4088,
17, 3574, 4088,
18, 3580, 4092,
19, 3586, 4094,
20, 3586, 4094,
21, 3589, 4094,
22, 3593, 4096,
23, 3593, 4098,
24, 3598, 4099,
25, 3605, 4101,
26, 3605, 4103,
27, 3609, 4103,
28, 3611, 4104,
29, 3613, 4105,
30, 3618, 4108,
31, 3624, 4111,
32, 3624, 4111,
33, 3628, 4113,
34, 3630, 4114,
35, 3632, 4114,
36, 3637, 4117,
37, 3642, 4120,
38, 3644, 4120,
39, 3647, 4122,
40, 3650, 4123,
41, 3652, 4124,
42, 3656, 4127,
43, 3656, 4126,
44, 3662, 4130,
45, 3667, 4132,
46, 3669, 4133,
47, 3671, 4133,
48, 3675, 4136,
49, 3676, 4136,
50, 3681, 4140,
51, 3686, 4142,
52, 3688, 4143,
53, 3694, 4147,
54, 3699, 4149,
55, 3701, 4150,
56, 3704, 4152,
57, 3707, 4153,
58, 3713, 4157,
59, 3714, 4156,
60, 3718, 4158,
61, 3720, 4159,
62, 3722, 4161,
63, 3727, 4163,
64, 3731, 4166,
65, 3733, 4167,
66, 3736, 4169,
67, 3740, 4169,
68, 3741, 4171,
69, 3746, 4173,
70, 3746, 4174,
71, 3752, 4176,
72, 3756, 4179,
73, 3758, 4179,
74, 3761, 4181,
75, 3765, 4183,
76, 3772, 4186,
77, 3772, 4186,
78, 3776, 4189,
79, 3778, 4190,
80, 3780, 4189,
81, 3784, 4192,
82, 3786, 4193,
83, 3791, 4196,
84, 3797, 4198,
85, 3797, 4199,
86, 3802, 4202,
87, 3804, 4202,
88, 3805, 4203,
89, 3811, 4205,
90, 3816, 4208,
91, 3817, 4210,
92, 3821, 4210,
93, 3823, 4213,
94, 3825, 4213,
95, 3830, 4216,
96, 3830, 4216,
97, 3837, 4220,
98, 3840, 4221,
99, 3843, 4222,
100, 3844, 4223,
101, 3853, 4230,
102, 3856, 4232,
103, 3857, 4232,
104, 3862, 4233,
105, 3868, 4237,
106, 3869, 4238,
107, 3873, 4240,
108, 3875, 4241,
109, 3877, 4243,
110, 3881, 4244,
111, 3888, 4247,
112, 3887, 4248,
113, 3891, 4250,
114, 3894, 4251,
115, 3896, 4251,
116, 3900, 4256,
117, 3901, 4255,
118, 3907, 4258,
119, 3912, 4261,
120, 3913, 4262,
121, 3917, 4264,
122, 3920, 4264,
123, 3921, 4267,
124, 3926, 4270,
125, 3932, 4273,
126, 3933, 4273,
127, 3938, 4276,
128, 3939, 4276,
129, 3942, 4278,
130, 3946, 4279,
131, 3946, 4279,
132, 3952, 4283,
133, 3957, 4285,
134, 3959, 4287,
135, 3961, 4288,
136, 3965, 4291,
137, 3971, 4293,
138, 3972, 4294,
139, 3976, 4296,
140, 3978, 4298,
141, 3979, 4298,
142, 3984, 4302,
143, 3989, 4305,
144, 3991, 4306,
145, 3993, 4306,
146, 3998, 4310,
147, 3997, 4309,
148, 4004, 4312,
149, 4009, 4316,
150, 4010, 4317,
151, 4013, 4319,
152, 4021, 4322,
153, 4023, 4325,
154, 4025, 4324,
155, 4030, 4328,
156, 4030, 4327,
157, 4036, 4330,
158, 4041, 4333,
159, 4043, 4334,
160, 4045, 4335,
161, 4049, 4339,
162, 4050, 4338,
163, 4056, 4342,
164, 4061, 4344,
165, 4062, 4346,
166, 4064, 4347,
167, 4069, 4349,
168, 4069, 4350,
169, 4075, 4352,
170, 4081, 4356,
171, 4082, 4356,
172, 4086, 4358,
173, 4088, 4361,
174, 4089, 4362,
175, 4095, 4364,
176, 4100, 4368,
177, 4101, 4367,
178, 4104, 4370,
179, 4108, 4371,
180, 4109, 4373,
181, 4114, 4375,
182, 4120, 4379,
183, 4121, 4380,
184, 4125, 4381,
185, 4128, 4383,
186, 4130, 4385,
187, 4134, 4387,
188, 4134, 4387,
189, 4140, 4390,
190, 4145, 4393,
191, 4146, 4395,
192, 4149, 4395,
193, 4153, 4397,
194, 4158, 4401,
195, 4160, 4401,
196, 4163, 4403,
197, 4166, 4405,
198, 4168, 4406,
199, 4173, 4408,
200, 4173, 4409,
201, 4182, 4413,
202, 4186, 4416,
203, 4192, 4421,
204, 4192, 4420,
205, 4197, 4422,
206, 4199, 4423,
207, 4202, 4426,
208, 4205, 4426,
209, 4207, 4428,
210, 4213, 4430,
211, 4218, 4433,
212, 4218, 4435,
213, 4222, 4436,
214, 4225, 4439,
215, 4227, 4440,
216, 4232, 4442,
217, 4232, 4441,
218, 4238, 4445,
219, 4243, 4448,
220, 4244, 4450,
221, 4248, 4450,
222, 4251, 4453,
223, 4252, 4454,
224, 4258, 4456,
225, 4263, 4460,
226, 4264, 4461,
227, 4267, 4462,
228, 4271, 4464,
229, 4271, 4465,
230, 4277, 4468,
231, 4281, 4470,
232, 4284, 4472,
233, 4285, 4473,
234, 4290, 4475,
235, 4295, 4478,
236, 4296, 4480,
237, 4301, 4482,
238, 4303, 4483,
239, 4304, 4483,
240, 4310, 4487,
241, 4316, 4491,
242, 4316, 4489,
243, 4321, 4492,
244, 4322, 4493,
245, 4325, 4495,
246, 4329, 4498,
247, 4336, 4501,
248, 4336, 4500,
249, 4340, 4504,
250, 4342, 4505,
251, 4344, 4506,
252, 4353, 4510,
253, 4356, 4512,
254, 4356, 4512,
255, 4362, 4516,
256, 4367, 4519,
257, 4369, 4520,
258, 4372, 4522,
259, 4376, 4523,
260, 4377, 4524,
261, 4382, 4528,
262, 4382, 4528,
263, 4388, 4531,
264, 4393, 4533,
265, 4395, 4534,
266, 4397, 4535,
267, 4401, 4539,
268, 4407, 4541,
269, 4407, 4542,
270, 4412, 4543,
271, 4413, 4546,
272, 4415, 4547,
273, 4421, 4550,
274, 4426, 4552,
275, 4427, 4553,
276, 4431, 4555,
277, 4434, 4557,
278, 4436, 4558,
279, 4440, 4560,
280, 4441, 4561,
281, 4447, 4563,
282, 4452, 4567,
283, 4453, 4568,
284, 4457, 4570,
285, 4460, 4572,
286, 4462, 4572,
287, 4466, 4575,
288, 4466, 4576,
289, 4473, 4579,
290, 4478, 4583,
291, 4479, 4583,
292, 4482, 4584,
293, 4486, 4586,
294, 4486, 4587,
295, 4492, 4589,
296, 4496, 4594,
297, 4499, 4594,
298, 4500, 4595,
299, 4505, 4597,
300, 4510, 4600,
301, 4513, 4601,
302, 4519, 4604,
303, 4523, 4607,
304, 4525, 4608,
305, 4528, 4610,
306, 4532, 4611,
307, 4532, 4613,
308, 4537, 4616,
309, 4543, 4618,
310, 4545, 4619,
311, 4546, 4620,
312, 4550, 4623,
313, 4557, 4626,
314, 4557, 4626,
315, 4561, 4630,
316, 4564, 4630,
317, 4565, 4631,
318, 4571, 4633,
319, 4570, 4635,
320, 4578, 4638,
321, 4581, 4640,
322, 4584, 4642,
323, 4585, 4644,
324, 4591, 4646,
325, 4598, 4649,
326, 4597, 4649,
327, 4601, 4652,
328, 4604, 4654,
329, 4607, 4654,
330, 4610, 4657,
331, 4610, 4658,
332, 4617, 4661,
333, 4622, 4663,
334, 4624, 4664,
335, 4627, 4667,
336, 4630, 4667,
337, 4632, 4669,
338, 4636, 4671,
339, 4642, 4675,
340, 4643, 4675,
341, 4646, 4677,
342, 4649, 4679,
343, 4650, 4679,
344, 4656, 4683,
345, 4661, 4686,
346, 4662, 4687,
347, 4666, 4688,
348, 4669, 4691,
349, 4670, 4692,
350, 4676, 4693,
351, 4682, 4698,
352, 4685, 4699,
353, 4688, 4702,
354, 4695, 4706,
355, 4695, 4706,
356, 4698, 4707,
357, 4702, 4710,
358, 4708, 4712,
359, 4708, 4713,
360, 4712, 4715,
361, 4715, 4716,
362, 4716, 4716,
363, 4722, 4720,
364, 4728, 4724,
365, 4728, 4725,
366, 4732, 4728,
367, 4736, 4727,
368, 4737, 4730,
369, 4742, 4732,
370, 4742, 4731,
371, 4748, 4735,
372, 4753, 4738,
373, 4755, 4739,
374, 4759, 4741,
375, 4762, 4744,
376, 4762, 4744,
377, 4768, 4746,
378, 4774, 4750,
379, 4775, 4750,
380, 4779, 4752,
381, 4781, 4754,
382, 4784, 4756,
383, 4788, 4759,
384, 4794, 4762,
385, 4795, 4763,
386, 4799, 4766,
387, 4802, 4766,
388, 4803, 4767,
389, 4808, 4769,
390, 4815, 4775,
391, 4814, 4774,
392, 4818, 4777,
393, 4821, 4778,
394, 4824, 4778,
395, 4828, 4781,
396, 4829, 4782,
397, 4834, 4785,
398, 4839, 4786,
399, 4841, 4788,
400, 4843, 4789,
401, 4850, 4794,
402, 4854, 4796,
403, 4854, 4796,
404, 4861, 4800,
405, 4866, 4801,
406, 4868, 4803,
407, 4870, 4804,
408, 4875, 4808,
409, 4875, 4807,
410, 4882, 4811,
411, 4887, 4814,
412, 4888, 4815,
413, 4892, 4817,
414, 4895, 4819,
415, 4898, 4820,
416, 4901, 4822,
417, 4903, 4822,
418, 4908, 4826,
419, 4914, 4829,
420, 4915, 4830,
421, 4919, 4833,
422, 4921, 4834,
423, 4923, 4834,
424, 4928, 4836,
425, 4934, 4839,
426, 4935, 4841,
427, 4937, 4843,
428, 4942, 4844,
429, 4948, 4848,
430, 4949, 4848,
431, 4953, 4850,
432, 4956, 4852,
433, 4957, 4852,
434, 4962, 4855,
435, 4968, 4859,
436, 4969, 4860,
437, 4972, 4862,
438, 4975, 4863,
439, 4977, 4864,
440, 4982, 4868,
441, 4987, 4869,
442, 4989, 4870,
443, 4992, 4871,
444, 4995, 4875,
445, 4996, 4874,
446, 5003, 4877,
447, 5007, 4881,
448, 5009, 4882,
449, 5011, 4883,
450, 5016, 4886,
451, 5022, 4889,
452, 5024, 4890,
453, 5030, 4893,
454, 5036, 4897,
455, 5037, 4898,
456, 5041, 4898,
457, 5045, 4900,
458, 5045, 4901,
459, 5051, 4905,
460, 5056, 4907,
461, 5058, 4908,
462, 5060, 4909,
463, 5065, 4912,
464, 5072, 4916,
465, 5072, 4917,
466, 5075, 4918,
467, 5078, 4920,
468, 5081, 4921,
469, 5085, 4924,
470, 5092, 4927,
471, 5092, 4928,
472, 5095, 4929,
473, 5099, 4932,
474, 5100, 4932,
475, 5105, 4934,
476, 5111, 4939,
477, 5112, 4939,
478, 5116, 4941,
479, 5118, 4942,
480, 5120, 4942,
481, 5126, 4946,
482, 5132, 4949,
483, 5133, 4950,
484, 5134, 4951,
485, 5139, 4953,
486, 5140, 4954,
487, 5146, 4958,
488, 5152, 4960,
489, 5152, 4961,
490, 5156, 4963,
491, 5160, 4963,
492, 5160, 4966,
493, 5166, 4967,
494, 5171, 4970,
495, 5173, 4971,
496, 5176, 4973,
497, 5180, 4975,
498, 5181, 4976,
499, 5186, 4980,
500, 5187, 4979,
501, 5197, 4984,
502, 5220, 4992,
503, 5235, 4996,
504, 5236, 4996,
505, 5240, 4999,
506, 5245, 4999,
507, 5254, 5001,
508, 5254, 5001,
509, 5260, 5002,
510, 5263, 5003,
511, 5265, 5004,
512, 5272, 5004,
513, 5272, 5004,
514, 5280, 5006,
515, 5286, 5008,
516, 5289, 5008,
517, 5292, 5009,
518, 5298, 5010,
519, 5299, 5010,
520, 5307, 5011,
521, 5315, 5015,
522, 5315, 5013,
523, 5320, 5015,
524, 5324, 5015,
525, 5326, 5015,
526, 5333, 5017,
527, 5341, 5020,
528, 5342, 5018,
529, 5348, 5020,
530, 5351, 5020,
531, 5354, 5020,
532, 5360, 5021,
533, 5360, 5022,
534, 5369, 5023,
535, 5376, 5024,
536, 5378, 5026,
537, 5381, 5025,
538, 5387, 5028,
539, 5395, 5029,
540, 5396, 5029,
541, 5403, 5030,
542, 5405, 5031,
543, 5409, 5032,
544, 5414, 5033,
545, 5414, 5033,
546, 5423, 5033,
547, 5430, 5035,
548, 5431, 5035,
549, 5436, 5036,
550, 5440, 5037,
551, 5441, 5039,
552, 5454, 5039,
553, 5459, 5041,
554, 5461, 5041,
555, 5467, 5043,
556, 5467, 5043,
557, 5476, 5044,
558, 5483, 5045,
559, 5485, 5047,
560, 5488, 5047,
561, 5494, 5047,
562, 5503, 5048,
563, 5503, 5049,
564, 5508, 5050,
565, 5512, 5052,
566, 5514, 5052,
567, 5521, 5053,
568, 5521, 5053,
569, 5531, 5054,
570, 5538, 5056,
571, 5539, 5056,
572, 5542, 5056,
573, 5548, 5058,
574, 5557, 5060,
575, 5557, 5060,
576, 5562, 5060,
577, 5566, 5061,
578, 5568, 5061,
579, 5576, 5063,
580, 5576, 5062,
581, 5585, 5064,
582, 5592, 5066,
583, 5594, 5066,
584, 5597, 5067,
585, 5603, 5068,
586, 5604, 5067,
587, 5612, 5068,
588, 5620, 5070,
589, 5621, 5070,
590, 5623, 5070,
591, 5631, 5072,
592, 5639, 5074,
593, 5640, 5075,
594, 5645, 5075,
595, 5648, 5076,
596, 5650, 5076,
597, 5657, 5077,
598, 5666, 5080,
599, 5667, 5079,
600, 5673, 5080,
601, 5685, 5082,
602, 5686, 5083,
603, 5690, 5083,
604, 5695, 5085,
605, 5695, 5084,
606, 5704, 5086,
607, 5711, 5087,
608, 5713, 5088,
609, 5718, 5089,
610, 5722, 5090,
611, 5726, 5089,
612, 5731, 5090,
613, 5732, 5092,
614, 5741, 5092,
615, 5747, 5093,
616, 5750, 5094,
617, 5753, 5095,
618, 5760, 5095,
619, 5760, 5096,
620, 5769, 5097,
621, 5775, 5097,
622, 5778, 5098,
623, 5783, 5098,
624, 5788, 5100,
625, 5788, 5100,
626, 5797, 5102,
627, 5804, 5102,
628, 5806, 5102,
629, 5810, 5104,
630, 5816, 5104,
631, 5818, 5104,
632, 5825, 5106,
633, 5833, 5108,
634, 5835, 5109,
635, 5840, 5110,
636, 5843, 5110,
637, 5845, 5110,
638, 5853, 5112,
639, 5860, 5114,
640, 5862, 5113,
641, 5866, 5114,
642, 5872, 5114,
643, 5873, 5115,
644, 5881, 5116,
645, 5889, 5118,
646, 5891, 5118,
647, 5896, 5120,
648, 5901, 5119,
649, 5904, 5120,
650, 5910, 5120,
651, 5919, 5121,
652, 5923, 5123,
653, 5928, 5124,
654, 5930, 5124,
655, 5939, 5124,
656, 5944, 5126,
657, 5949, 5126,
658, 5949, 5127,
659, 5957, 5129,
660, 5963, 5131,
661, 5967, 5131,
662, 5969, 5129,
663, 5977, 5131,
664, 5976, 5131,
665, 5986, 5133,
666, 5994, 5133,
667, 5996, 5134,
668, 6002, 5135,
669, 6006, 5136,
670, 6009, 5136,
671, 6015, 5138,
672, 6024, 5139,
673, 6024, 5138,
674, 6029, 5139,
675, 6034, 5140,
676, 6035, 5140,
677, 6044, 5141,
678, 6051, 5142,
679, 6054, 5143,
680, 6058, 5143,
681, 6063, 5144,
682, 6064, 5145,
683, 6073, 5145,
684, 6079, 5146,
685, 6082, 5148,
686, 6087, 5148,
687, 6093, 5149,
688, 6093, 5149,
689, 6101, 5149,
690, 6107, 5152,
691, 6112, 5151,
692, 6114, 5151,
693, 6121, 5152,
694, 6130, 5153,
695, 6131, 5154,
696, 6137, 5154,
697, 6141, 5155,
698, 6142, 5155,
699, 6150, 5156,
700, 6160, 5158,
701, 6160, 5157,
702, 6166, 5159,
703, 6179, 5160,
704, 6181, 5160,
705, 6186, 5162,
706, 6190, 5163,
707, 6190, 5162,
708, 6200, 5163,
709, 6206, 5163,
710, 6211, 5164,
711, 6212, 5166,
712, 6220, 5166,
713, 6230, 5168,
714, 6230, 5168,
715, 6235, 5168,
716, 6240, 5168,
717, 6242, 5170,
718, 6250, 5171,
719, 6250, 5170,
720, 6260, 5170,
721, 6268, 5172,
722, 6270, 5172,
723, 6273, 5173,
724, 6280, 5173,
725, 6289, 5175,
726, 6290, 5175,
727, 6296, 5177,
728, 6300, 5177,
729, 6304, 5178,
730, 6309, 5178,
731, 6311, 5179,
732, 6320, 5179,
733, 6325, 5181,
734, 6331, 5181,
735, 6333, 5181,
736, 6340, 5181,
737, 6350, 5184,
738, 6350, 5183,
739, 6355, 5183,
740, 6360, 5185,
741, 6361, 5185,
742, 6370, 5186,
743, 6379, 5188,
744, 6381, 5187,
745, 6386, 5188,
746, 6390, 5189,
747, 6391, 5190,
748, 6401, 5191,
749, 6407, 5192,
750, 6411, 5192,
751, 6415, 5192,
752, 6429, 5195,
753, 6431, 5194,
754, 6433, 5194,
755, 6442, 5196,
756, 6449, 5196,
757, 6451, 5197,
758, 6453, 5198,
759, 6462, 5198,
760, 6470, 5199,
761, 6472, 5199,
762, 6475, 5199,
763, 6482, 5200,
764, 6483, 5201,
765, 6492, 5203,
766, 6500, 5202,
767, 6503, 5203,
768, 6508, 5204,
769, 6513, 5205,
770, 6514, 5204,
771, 6524, 5206,
772, 6531, 5207,
773, 6534, 5207,
774, 6539, 5209,
775, 6544, 5208,
776, 6553, 5209,
777, 6555, 5210,
778, 6559, 5211,
779, 6565, 5211,
780, 6566, 5210,
781, 6575, 5211,
782, 6584, 5213,
783, 6586, 5213,
784, 6590, 5214,
785, 6596, 5215,
786, 6598, 5213,
787, 6607, 5216,
788, 6617, 5217,
789, 6617, 5217,
790, 6624, 5218,
791, 6628, 5218,
792, 6632, 5219,
793, 6638, 5219,
794, 6649, 5221,
795, 6649, 5220,
796, 6655, 5222,
797, 6659, 5223,
798, 6663, 5223,
799, 6670, 5223,
800, 6670, 5224,
801, 6684, 5225,
802, 6691, 5225,
803, 6700, 5227,
804, 6702, 5226,
805, 6706, 5228,
806, 6713, 5228,
807, 6713, 5228,
808, 6723, 5231,
809, 6730, 5230,
810, 6733, 5232,
811, 6736, 5232,
812, 6744, 5231,
813, 6744, 5233,
814, 6755, 5233,
815, 6763, 5235,
816, 6765, 5235,
817, 6769, 5235,
818, 6776, 5236,
819, 6776, 5237,
820, 6787, 5236,
821, 6796, 5237,
822, 6798, 5239,
823, 6805, 5238,
824, 6808, 5238,
825, 6810, 5239,
826, 6820, 5240,
827, 6828, 5242,
828, 6830, 5240,
829, 6836, 5242,
830, 6841, 5242,
831, 6843, 5243,
832, 6851, 5244,
833, 6860, 5244,
834, 6863, 5246,
835, 6866, 5246,
836, 6873, 5245,
837, 6883, 5246,
838, 6884, 5246,
839, 6892, 5248,
840, 6895, 5247,
841, 6899, 5247,
842, 6906, 5250,
843, 6914, 5251,
844, 6917, 5250,
845, 6922, 5251,
846, 6928, 5252,
847, 6930, 5251,
848, 6938, 5253,
849, 6938, 5253,
850, 6949, 5254,
851, 6956, 5256,
852, 6969, 5255,
853, 6971, 5256,
854, 6978, 5256,
855, 6982, 5258,
856, 6993, 5258,
857, 6993, 5258,
858, 7000, 5260,
859, 7004, 5260,
860, 7008, 5261,
861, 7015, 5260,
862, 7026, 5261,
863, 7027, 5262,
864, 7031, 5261,
865, 7037, 5264,
866, 7040, 5263,
867, 7049, 5264,
868, 7058, 5266,
869, 7060, 5265,
870, 7062, 5266,
871, 7071, 5266,
872, 7070, 5266,
873, 7082, 5267,
874, 7091, 5270,
875, 7093, 5269,
876, 7098, 5270,
877, 7105, 5269,
878, 7105, 5270,
879, 7116, 5272,
880, 7126, 5273,
881, 7126, 5272,
882, 7133, 5273,
883, 7137, 5273,
884, 7142, 5274,
885, 7149, 5274,
886, 7151, 5273,
887, 7160, 5275,
888, 7168, 5275,
889, 7172, 5276,
890, 7175, 5277,
891, 7183, 5277,
892, 7192, 5278,
893, 7195, 5279,
894, 7199, 5281,
895, 7205, 5279,
896, 7217, 5282,
897, 7217, 5281,
898, 7225, 5282,
899, 7229, 5282,
900, 7232, 5281,
901, 7240, 5283,
902, 7251, 5284,
903, 7253, 5285,
904, 7263, 5285,
905, 7273, 5285,
906, 7274, 5286,
907, 7279, 5287,
908, 7286, 5286,
909, 7286, 5287,
910, 7298, 5288,
911, 7307, 5289,
912, 7309, 5289,
913, 7314, 5290,
914, 7320, 5290,
915, 7331, 5292,
916, 7332, 5291,
917, 7339, 5292,
918, 7343, 5293,
919, 7348, 5293,
920, 7355, 5294,
921, 7357, 5294,
922, 7366, 5294,
923, 7375, 5295,
924, 7378, 5296,
925, 7382, 5297,
926, 7390, 5297,
927, 7390, 5297,
928, 7402, 5298,
929, 7410, 5299,
930, 7413, 5299,
931, 7416, 5299,
932, 7425, 5300,
933, 7437, 5301,
934, 7437, 5301,
935, 7446, 5302,
936, 7448, 5303,
937, 7455, 5303,
938, 7460, 5304,
939, 7463, 5304,
940, 7472, 5305,
941, 7472, 5305,
942, 7484, 5306,
943, 7494, 5307,
944, 7495, 5306,
945, 7499, 5308,
946, 7507, 5307,
947, 7519, 5308,
948, 7520, 5308,
949, 7526, 5309,
950, 7531, 5310,
951, 7535, 5309,
952, 7551, 5310,
953, 7556, 5310,
954, 7559, 5311,
955, 7567, 5311,
956, 7569, 5312,
957, 7579, 5313,
958, 7590, 5313,
959, 7591, 5314,
960, 7596, 5314,
961, 7603, 5315,
962, 7604, 5315,
963, 7614, 5315,
964, 7625, 5317,
965, 7625, 5317,
966, 7634, 5317,
967, 7639, 5317,
968, 7642, 5317,
969, 7651, 5318,
970, 7662, 5318,
971, 7662, 5320,
972, 7671, 5320,
973, 7674, 5321,
974, 7619, 5367,
975, 7698, 5329,
976, 7710, 5328,
977, 7711, 5327,
978, 7720, 5327,
979, 7724, 5328,
980, 7730, 5328,
981, 7734, 5328,
982, 7734, 5329,
983, 7748, 5330,
984, 7758, 5331,
985, 7760, 5331,
986, 7767, 5333,
987, 7772, 5332,
988, 7775, 5332,
989, 7784, 5333,
990, 7793, 5335,
991, 7797, 5334,
992, 7802, 5334,
993, 7807, 5334,
994, 7811, 5335,
995, 7821, 5336,
996, 7831, 5336,
997, 7832, 5336,
998, 7839, 5336,
999, 4170, 4274,
1000, 3522, 4031,
