1, 3186, 311,
2, 3213, 489,
3, 3210, 488,
4, 3209, 487,
5, 3208, 486,
6, 3208, 486,
7, 3212, 486,
8, 3214, 487,
9, 3214, 487,
10, 3220, 486,
11, 3220, 485,
12, 3223, 487,
13, 3226, 486,
14, 3229, 487,
15, 3232, 487,
16, 3233, 487,
17, 3235, 487,
18, 3240, 487,
19, 3243, 488,
20, 3249, 488,
21, 3249, 488,
22, 3252, 489,
23, 3252, 489,
24, 3255, 488,
25, 3261, 489,
26, 3265, 489,
27, 3267, 489,
28, 3268, 490,
29, 3270, 490,
30, 3273, 489,
31, 3276, 490,
32, 3276, 490,
33, 3283, 491,
34, 3286, 492,
35, 3288, 492,
36, 3289, 492,
37, 3292, 492,
38, 3296, 493,
39, 3299, 492,
40, 3299, 492,
41, 3305, 492,
42, 3309, 493,
43, 3311, 495,
44, 3314, 494,
45, 3317, 495,
46, 3320, 494,
47, 3321, 495,
48, 3323, 495,
49, 3326, 496,
50, 3332, 496,
51, 3335, 495,
52, 3339, 496,
53, 3339, 496,
54, 3346, 496,
55, 3349, 497,
56, 3350, 497,
57, 3352, 498,
58, 3356, 497,
59, 3356, 497,
60, 3361, 498,
61, 3367, 499,
62, 3367, 498,
63, 3373, 499,
64, 3373, 499,
65, 3376, 500,
66, 3379, 499,
67, 3379, 500,
68, 3383, 501,
69, 3388, 500,
70, 3388, 501,
71, 3391, 501,
72, 3396, 502,
73, 3399, 501,
74, 3402, 502,
75, 3405, 503,
76, 3406, 503,
77, 3409, 502,
78, 3412, 503,
79, 3414, 502,
80, 3418, 503,
81, 3426, 504,
82, 3423, 503,
83, 3429, 504,
84, 3429, 504,
85, 3432, 505,
86, 3435, 504,
87, 3438, 505,
88, 3441, 505,
89, 3447, 505,
90, 3447, 505,
91, 3450, 506,
92, 3450, 507,
93, 3456, 507,
94, 3458, 508,
95, 3459, 508,
96, 3464, 508,
97, 3468, 509,
98, 3470, 508,
99, 3471, 508,
100, 3481, 509,
101, 3481, 509,
102, 3485, 510,
103, 3488, 509,
104, 3490, 509,
105, 3494, 509,
106, 3497, 510,
107, 3499, 510,
108, 3500, 511,
109, 3505, 510,
110, 3506, 511,
111, 3510, 510,
112, 3510, 512,
113, 3513, 513,
114, 3522, 513,
115, 3522, 513,
116, 3523, 512,
117, 3528, 513,
118, 3528, 513,
119, 3534, 513,
120, 3537, 514,
121, 3537, 514,
122, 3540, 515,
123, 3543, 514,
124, 3546, 514,
125, 3549, 515,
126, 3558, 515,
127, 3555, 515,
128, 3560, 516,
129, 3561, 516,
130, 3564, 517,
131, 3567, 518,
132, 3567, 518,
133, 3573, 518,
134, 3576, 518,
135, 3578, 518,
136, 3579, 518,
137, 3582, 519,
138, 3585, 518,
139, 3590, 519,
140, 3596, 519,
141, 3596, 519,
142, 3599, 520,
143, 3602, 519,
144, 3604, 519,
145, 3607, 520,
146, 3613, 520,
147, 3613, 520,
148, 3615, 521,
149, 3619, 520,
150, 3621, 521,
151, 3630, 522,
152, 3630, 523,
153, 3633, 522,
154, 3636, 523,
155, 3642, 523,
156, 3642, 523,
157, 3645, 523,
158, 3648, 524,
159, 3648, 524,
160, 3651, 524,
161, 3660, 525,
162, 3660, 525,
163, 3663, 526,
164, 3666, 525,
165, 3668, 526,
166, 3672, 525,
167, 3671, 527,
168, 3675, 526,
169, 3681, 526,
170, 3681, 528,
171, 3684, 527,
172, 3687, 528,
173, 3689, 528,
174, 3692, 529,
175, 3695, 528,
176, 3698, 529,
177, 3701, 530,
178, 3704, 529,
179, 3708, 528,
180, 3711, 529,
181, 3711, 529,
182, 3715, 530,
183, 3720, 531,
184, 3721, 530,
185, 3725, 531,
186, 3729, 531,
187, 3735, 531,
188, 3735, 531,
189, 3738, 532,
190, 3738, 533,
191, 3741, 532,
192, 3744, 533,
193, 3744, 533,
194, 3752, 534,
195, 3755, 535,
196, 3758, 534,
197, 3761, 533,
198, 3762, 535,
199, 3765, 534,
200, 3771, 536,
201, 3774, 535,
202, 3774, 535,
203, 3780, 535,
204, 3782, 534,
205, 3787, 535,
206, 3790, 536,
207, 3790, 538,
208, 3795, 537,
209, 3798, 538,
210, 3798, 538,
211, 3804, 538,
212, 3804, 538,
213, 3807, 539,
214, 3813, 539,
215, 3813, 539,
216, 3817, 538,
217, 3819, 539,
218, 3819, 539,
219, 3828, 540,
220, 3831, 540,
221, 3831, 540,
222, 3834, 541,
223, 3837, 541,
224, 3837, 542,
225, 3843, 541,
226, 3849, 542,
227, 3849, 542,
228, 3852, 542,
229, 3852, 543,
230, 3855, 543,
231, 3860, 544,
232, 3867, 544,
233, 3867, 544,
234, 3870, 545,
235, 3873, 544,
236, 3874, 544,
237, 3877, 545,
238, 3883, 545,
239, 3883, 545,
240, 3886, 546,
241, 3889, 545,
242, 3889, 545,
243, 3897, 545,
244, 3900, 546,
245, 3900, 546,
246, 3903, 547,
247, 3906, 546,
248, 3915, 547,
249, 3912, 547,
250, 3915, 547,
251, 3924, 549,
252, 3924, 549,
253, 3927, 549,
254, 3931, 550,
255, 3937, 550,
256, 3937, 550,
257, 3940, 550,
258, 3940, 550,
259, 3943, 550,
260, 3948, 551,
261, 3949, 551,
262, 3954, 551,
263, 3957, 552,
264, 3960, 551,
265, 3960, 553,
266, 3964, 552,
267, 3966, 553,
268, 3969, 554,
269, 3973, 553,
270, 3975, 554,
271, 3979, 553,
272, 3984, 554,
273, 3984, 554,
274, 3987, 555,
275, 3993, 555,
276, 3993, 555,
277, 3997, 556,
278, 4000, 555,
279, 4000, 555,
280, 4006, 555,
281, 4006, 555,
282, 4009, 556,
283, 4018, 557,
284, 4018, 557,
285, 4020, 558,
286, 4024, 557,
287, 4023, 558,
288, 4030, 557,
289, 4033, 558,
290, 4033, 559,
291, 4038, 559,
292, 4039, 559,
293, 4041, 559,
294, 4047, 560,
295, 4054, 560,
296, 4050, 561,
297, 4057, 559,
298, 4057, 561,
299, 4060, 560,
300, 4066, 560,
301, 4071, 561,
302, 4075, 562,
303, 4075, 562,
304, 4078, 563,
305, 4081, 562,
306, 4084, 562,
307, 4087, 562,
308, 4093, 563,
309, 4093, 563,
310, 4096, 563,
311, 4098, 564,
312, 4099, 564,
313, 4105, 565,
314, 4110, 566,
315, 4111, 566,
316, 4114, 566,
317, 4117, 566,
318, 4120, 565,
319, 4121, 567,
320, 4123, 566,
321, 4127, 567,
322, 4132, 567,
323, 4133, 567,
324, 4138, 568,
325, 4141, 567,
326, 4141, 569,
327, 4147, 567,
328, 4150, 568,
329, 4150, 570,
330, 4153, 569,
331, 4156, 570,
332, 4163, 570,
333, 4163, 570,
334, 4169, 570,
335, 4171, 570,
336, 4175, 571,
337, 4175, 571,
338, 4178, 572,
339, 4181, 571,
340, 4181, 571,
341, 4187, 572,
342, 4190, 572,
343, 4193, 572,
344, 4196, 572,
345, 4196, 572,
346, 4201, 574,
347, 4204, 573,
348, 4204, 574,
349, 4211, 575,
350, 4214, 575,
351, 4217, 575,
352, 4220, 576,
353, 4226, 576,
354, 4226, 576,
355, 4232, 575,
356, 4232, 576,
357, 4233, 576,
358, 4241, 576,
359, 4244, 577,
360, 4244, 577,
361, 4247, 578,
362, 4250, 577,
363, 4253, 578,
364, 4256, 577,
365, 4259, 578,
366, 4263, 579,
367, 4266, 579,
368, 4268, 580,
369, 4271, 579,
370, 4275, 580,
371, 4280, 580,
372, 4281, 580,
373, 4284, 580,
374, 4286, 581,
375, 4287, 581,
376, 4292, 581,
377, 4293, 581,
378, 4296, 581,
379, 4299, 581,
380, 4305, 582,
381, 4311, 582,
382, 4311, 582,
383, 4314, 583,
384, 4314, 583,
385, 4317, 584,
386, 4320, 585,
387, 4326, 583,
388, 4328, 585,
389, 4332, 584,
390, 4334, 585,
391, 4335, 585,
392, 4338, 586,
393, 4344, 585,
394, 4344, 586,
395, 4347, 587,
396, 4350, 586,
397, 4353, 587,
398, 4359, 587,
399, 4359, 587,
400, 4365, 588,
401, 4369, 588,
402, 4371, 588,
403, 4374, 588,
404, 4374, 588,
405, 4380, 588,
406, 4386, 589,
407, 4384, 589,
408, 4390, 590,
409, 4393, 591,
410, 4396, 590,
411, 4398, 591,
412, 4399, 591,
413, 4402, 592,
414, 4408, 592,
415, 4408, 592,
416, 4411, 591,
417, 4416, 592,
418, 4420, 591,
419, 4423, 592,
420, 4429, 592,
421, 4429, 592,
422, 4432, 593,
423, 4432, 593,
424, 4435, 594,
425, 4439, 593,
426, 4447, 594,
427, 4447, 594,
428, 4450, 595,
429, 4453, 596,
430, 4453, 596,
431, 4456, 596,
432, 4456, 596,
433, 4462, 596,
434, 4469, 597,
435, 4469, 597,
436, 4472, 596,
437, 4475, 597,
438, 4475, 597,
439, 4481, 598,
440, 4486, 598,
441, 4487, 598,
442, 4487, 598,
443, 4492, 598,
444, 4496, 599,
445, 4496, 599,
446, 4499, 600,
447, 4505, 599,
448, 4508, 600,
449, 4511, 600,
450, 4511, 600,
451, 4517, 601,
452, 4521, 600,
453, 4523, 601,
454, 4526, 602,
455, 4535, 603,
456, 4535, 603,
457, 4538, 602,
458, 4541, 603,
459, 4541, 603,
460, 4545, 604,
461, 4547, 603,
462, 4551, 604,
463, 4556, 604,
464, 4557, 604,
465, 4562, 605,
466, 4566, 604,
467, 4566, 604,
468, 4569, 605,
469, 4569, 605,
470, 4575, 605,
471, 4578, 606,
472, 4581, 605,
473, 4584, 606,
474, 4590, 606,
475, 4590, 607,
476, 4593, 607,
477, 4599, 608,
478, 4599, 608,
479, 4602, 608,
480, 4605, 608,
481, 4605, 608,
482, 4611, 609,
483, 4612, 609,
484, 4617, 610,
485, 4623, 610,
486, 4623, 610,
487, 4626, 609,
488, 4629, 610,
489, 4629, 610,
490, 4636, 610,
491, 4639, 611,
492, 4639, 611,
493, 4645, 612,
494, 4648, 611,
495, 4651, 612,
496, 4654, 611,
497, 4654, 611,
498, 4660, 612,
499, 4663, 612,
500, 4666, 613,
501, 4690, 614,
502, 4708, 615,
503, 4708, 615,
504, 4714, 616,
505, 4714, 616,
506, 4720, 616,
507, 4723, 617,
508, 4723, 617,
509, 4732, 616,
510, 4738, 617,
511, 4738, 617,
512, 4744, 616,
513, 4747, 617,
514, 4749, 618,
515, 4756, 616,
516, 4761, 617,
517, 4762, 617,
518, 4767, 618,
519, 4770, 618,
520, 4776, 617,
521, 4779, 618,
522, 4782, 618,
523, 4785, 618,
524, 4794, 618,
525, 4794, 618,
526, 4800, 619,
527, 4800, 619,
528, 4806, 619,
529, 4809, 620,
530, 4821, 619,
531, 4819, 619,
532, 4824, 620,
533, 4828, 619,
534, 4830, 619,
535, 4836, 621,
536, 4845, 621,
537, 4845, 621,
538, 4848, 620,
539, 4852, 621,
540, 4855, 620,
541, 4861, 621,
542, 4864, 622,
543, 4870, 621,
544, 4873, 622,
545, 4879, 622,
546, 4879, 622,
547, 4885, 621,
548, 4885, 621,
549, 4894, 622,
550, 4894, 622,
551, 4903, 622,
552, 4909, 622,
553, 4909, 624,
554, 4915, 623,
555, 4921, 624,
556, 4925, 624,
557, 4925, 624,
558, 4934, 622,
559, 4940, 624,
560, 4940, 624,
561, 4943, 624,
562, 4949, 624,
563, 4949, 624,
564, 4955, 625,
565, 4961, 625,
566, 4965, 624,
567, 4968, 625,
568, 4974, 625,
569, 4974, 625,
570, 4980, 626,
571, 4989, 625,
572, 4989, 626,
573, 4995, 626,
574, 4995, 626,
575, 5002, 625,
576, 5005, 626,
577, 5011, 626,
578, 5014, 627,
579, 5014, 627,
580, 5020, 626,
581, 5017, 627,
582, 5026, 627,
583, 5036, 628,
584, 5039, 627,
585, 5042, 627,
586, 5045, 628,
587, 5058, 627,
588, 5055, 627,
589, 5061, 628,
590, 5064, 629,
591, 5067, 628,
592, 5074, 627,
593, 5077, 628,
594, 5080, 629,
595, 5083, 629,
596, 5089, 629,
597, 5092, 628,
598, 5099, 630,
599, 5099, 630,
600, 5108, 630,
601, 5114, 630,
602, 5111, 629,
603, 5121, 631,
604, 5130, 630,
605, 5130, 631,
606, 5133, 630,
607, 5140, 630,
608, 5146, 631,
609, 5146, 631,
610, 5153, 631,
611, 5156, 632,
612, 5159, 632,
613, 5162, 631,
614, 5165, 630,
615, 5172, 632,
616, 5178, 631,
617, 5181, 632,
618, 5184, 632,
619, 5188, 632,
620, 5188, 632,
621, 5197, 632,
622, 5204, 632,
623, 5204, 633,
624, 5210, 633,
625, 5213, 632,
626, 5213, 632,
627, 5223, 633,
628, 5229, 634,
629, 5229, 634,
630, 5236, 633,
631, 5239, 634,
632, 5242, 635,
633, 5249, 634,
634, 5246, 634,
635, 5252, 633,
636, 5259, 635,
637, 5262, 634,
638, 5265, 634,
639, 5268, 635,
640, 5272, 634,
641, 5281, 636,
642, 5285, 635,
643, 5288, 635,
644, 5291, 635,
645, 5298, 636,
646, 5307, 636,
647, 5307, 636,
648, 5311, 635,
649, 5314, 636,
650, 5317, 635,
651, 5327, 636,
652, 5334, 637,
653, 5334, 637,
654, 5340, 636,
655, 5347, 637,
656, 5350, 637,
657, 5350, 637,
658, 5357, 638,
659, 5367, 637,
660, 5367, 637,
661, 5373, 638,
662, 5373, 638,
663, 5376, 637,
664, 5383, 638,
665, 5393, 637,
666, 5393, 637,
667, 5400, 638,
668, 5400, 638,
669, 5406, 638,
670, 5413, 639,
671, 5420, 639,
672, 5416, 638,
673, 5423, 640,
674, 5430, 639,
675, 5430, 639,
676, 5436, 640,
677, 5446, 639,
678, 5446, 639,
679, 5450, 640,
680, 5456, 640,
681, 5456, 640,
682, 5463, 641,
683, 5473, 640,
684, 5473, 640,
685, 5480, 641,
686, 5480, 641,
687, 5483, 640,
688, 5490, 641,
689, 5490, 641,
690, 5497, 641,
691, 5504, 642,
692, 5507, 641,
693, 5510, 642,
694, 5514, 643,
695, 5517, 642,
696, 5524, 641,
697, 5531, 643,
698, 5534, 642,
699, 5538, 642,
700, 5544, 643,
701, 5548, 643,
702, 5558, 643,
703, 5561, 643,
704, 5565, 643,
705, 5568, 643,
706, 5572, 644,
707, 5579, 643,
708, 5589, 644,
709, 5589, 644,
710, 5592, 643,
711, 5599, 644,
712, 5599, 644,
713, 5606, 644,
714, 5613, 645,
715, 5616, 644,
716, 5623, 644,
717, 5623, 645,
718, 5627, 645,
719, 5633, 644,
720, 5641, 645,
721, 5641, 645,
722, 5651, 644,
723, 5651, 646,
724, 5658, 646,
725, 5661, 645,
726, 5665, 645,
727, 5668, 646,
728, 5675, 647,
729, 5675, 647,
730, 5682, 647,
731, 5689, 646,
732, 5693, 647,
733, 5700, 647,
734, 5700, 647,
735, 5706, 648,
736, 5714, 648,
737, 5717, 647,
738, 5721, 648,
739, 5724, 648,
740, 5728, 647,
741, 5735, 647,
742, 5735, 648,
743, 5741, 648,
744, 5752, 648,
745, 5752, 648,
746, 5756, 648,
747, 5759, 650,
748, 5759, 650,
749, 5770, 648,
750, 5777, 650,
751, 5780, 649,
752, 5788, 650,
753, 5794, 650,
754, 5798, 649,
755, 5802, 651,
756, 5806, 650,
757, 5812, 650,
758, 5816, 649,
759, 5816, 651,
760, 5823, 650,
761, 5830, 651,
762, 5834, 651,
763, 5837, 651,
764, 5845, 650,
765, 5849, 651,
766, 5855, 651,
767, 5855, 651,
768, 5863, 652,
769, 5866, 651,
770, 5873, 651,
771, 5873, 651,
772, 5881, 652,
773, 5884, 651,
774, 5892, 653,
775, 5892, 653,
776, 5898, 652,
777, 5902, 651,
778, 5909, 653,
779, 5917, 652,
780, 5917, 652,
781, 5924, 653,
782, 5928, 653,
783, 5935, 654,
784, 5935, 654,
785, 5942, 653,
786, 5946, 653,
787, 5945, 653,
788, 5953, 654,
789, 5965, 654,
790, 5965, 654,
791, 5971, 654,
792, 5976, 654,
793, 5979, 653,
794, 5987, 655,
795, 5987, 655,
796, 5993, 654,
797, 6004, 655,
798, 6004, 655,
799, 6012, 654,
800, 6015, 655,
801, 6023, 655,
802, 6031, 656,
803, 6034, 655,
804, 6038, 655,
805, 6042, 656,
806, 6049, 656,
807, 6053, 655,
808, 6061, 656,
809, 6060, 656,
810, 6068, 656,
811, 6071, 655,
812, 6075, 657,
813, 6079, 656,
814, 6082, 657,
815, 6090, 657,
816, 6098, 656,
817, 6101, 657,
818, 6105, 658,
819, 6112, 657,
820, 6112, 657,
821, 6120, 657,
822, 6120, 658,
823, 6131, 657,
824, 6139, 658,
825, 6139, 658,
826, 6146, 658,
827, 6146, 658,
828, 6150, 657,
829, 6158, 658,
830, 6157, 658,
831, 6165, 660,
832, 6177, 658,
833, 6177, 658,
834, 6184, 660,
835, 6184, 660,
836, 6192, 659,
837, 6200, 659,
838, 6204, 660,
839, 6204, 660,
840, 6211, 659,
841, 6219, 659,
842, 6219, 660,
843, 6230, 659,
844, 6230, 659,
845, 6238, 660,
846, 6246, 660,
847, 6245, 660,
848, 6253, 661,
849, 6257, 660,
850, 6256, 660,
851, 6273, 661,
852, 6276, 661,
853, 6276, 661,
854, 6284, 662,
855, 6284, 662,
856, 6296, 661,
857, 6304, 662,
858, 6304, 662,
859, 6311, 661,
860, 6315, 662,
861, 6319, 662,
862, 6322, 662,
863, 6327, 662,
864, 6339, 663,
865, 6342, 662,
866, 6347, 664,
867, 6350, 663,
868, 6358, 663,
869, 6357, 663,
870, 6365, 664,
871, 6374, 663,
872, 6377, 663,
873, 6378, 664,
874, 6385, 664,
875, 6397, 663,
876, 6397, 664,
877, 6405, 664,
878, 6405, 664,
879, 6412, 663,
880, 6417, 664,
881, 6417, 664,
882, 6424, 664,
883, 6433, 665,
884, 6433, 665,
885, 6441, 665,
886, 6444, 664,
887, 6453, 665,
888, 6456, 665,
889, 6461, 665,
890, 6469, 666,
891, 6476, 665,
892, 6476, 665,
893, 6481, 666,
894, 6490, 666,
895, 6488, 666,
896, 6497, 665,
897, 6497, 665,
898, 6509, 666,
899, 6517, 665,
900, 6517, 667,
901, 6526, 667,
902, 6538, 667,
903, 6538, 667,
904, 6546, 667,
905, 6550, 666,
906, 6555, 668,
907, 6558, 667,
908, 6563, 667,
909, 6570, 666,
910, 6584, 667,
911, 6584, 667,
912, 6587, 668,
913, 6596, 668,
914, 6596, 668,
915, 6604, 667,
916, 6604, 667,
917, 6613, 669,
918, 6622, 668,
919, 6625, 669,
920, 6629, 668,
921, 6634, 669,
922, 6637, 668,
923, 6646, 669,
924, 6646, 669,
925, 6655, 669,
926, 6667, 669,
927, 6667, 669,
928, 6672, 669,
929, 6676, 669,
930, 6676, 669,
931, 6693, 669,
932, 6697, 669,
933, 6702, 671,
934, 6706, 670,
935, 6714, 670,
936, 6714, 670,
937, 6723, 671,
938, 6732, 670,
939, 6732, 670,
940, 6741, 670,
941, 6744, 671,
942, 6749, 671,
943, 6724, 681,
944, 6776, 671,
945, 6776, 671,
946, 6785, 671,
947, 6789, 670,
948, 6794, 671,
949, 6806, 671,
950, 6812, 671,
951, 6815, 671,
952, 6824, 672,
953, 6824, 672,
954, 6833, 671,
955, 6842, 671,
956, 6846, 672,
957, 6851, 672,
958, 6855, 671,
959, 6855, 671,
960, 6864, 673,
961, 6877, 671,
962, 6877, 671,
963, 6886, 673,
964, 6886, 673,
965, 6895, 672,
966, 6899, 673,
967, 6913, 673,
968, 6913, 673,
969, 6917, 672,
970, 6926, 673,
971, 6926, 673,
972, 6935, 673,
973, 6945, 674,
974, 6948, 673,
975, 6954, 674,
976, 6958, 675,
977, 6958, 675,
978, 6967, 674,
979, 6980, 673,
980, 6980, 673,
981, 6985, 675,
982, 6989, 674,
983, 6998, 674,
984, 6998, 674,
985, 7008, 675,
986, 7017, 675,
987, 7017, 675,
988, 7026, 674,
989, 7030, 675,
990, 7039, 675,
991, 7039, 675,
992, 7049, 676,
993, 7049, 676,
994, 7062, 675,
995, 7068, 675,
996, 7068, 675,
997, 7071, 676,
998, 5470, 606,
999, 3189, 479,
1000, 3194, 480,
