1, 3466, 4953,
2, 3473, 8825,
3, 3472, 8803,
4, 3469, 8796,
5, 3469, 8786,
6, 3471, 8792,
7, 3475, 8784,
8, 3475, 8782,
9, 3478, 8784,
10, 3479, 8784,
11, 3481, 8784,
12, 3485, 8788,
13, 3491, 8793,
14, 3491, 8795,
15, 3494, 8795,
16, 3497, 8799,
17, 3498, 8801,
18, 3504, 8806,
19, 3509, 8812,
20, 3510, 8814,
21, 3512, 8817,
22, 3516, 8821,
23, 3521, 8828,
24, 3523, 8828,
25, 3526, 8833,
26, 3529, 8836,
27, 3530, 8837,
28, 3535, 8845,
29, 3541, 8851,
30, 3541, 8850,
31, 3545, 8855,
32, 3548, 8858,
33, 3550, 8861,
34, 3554, 8865,
35, 3554, 8867,
36, 3560, 8872,
37, 3565, 8880,
38, 3567, 8883,
39, 3569, 8884,
40, 3573, 8890,
41, 3573, 8890,
42, 3580, 8899,
43, 3582, 8902,
44, 3586, 8907,
45, 3587, 8908,
46, 3592, 8915,
47, 3597, 8922,
48, 3598, 8923,
49, 3601, 8927,
50, 3605, 8932,
51, 3610, 8936,
52, 3612, 8940,
53, 3617, 8947,
54, 3622, 8953,
55, 3624, 8955,
56, 3626, 8958,
57, 3630, 8964,
58, 3631, 8965,
59, 3637, 8972,
60, 3642, 8980,
61, 3643, 8982,
62, 3647, 8985,
63, 3649, 8988,
64, 3652, 8991,
65, 3655, 8997,
66, 3662, 9003,
67, 3662, 9005,
68, 3663, 9006,
69, 3668, 9012,
70, 3674, 9019,
71, 3675, 9021,
72, 3679, 9027,
73, 3681, 9030,
74, 3683, 9032,
75, 3687, 9038,
76, 3688, 9039,
77, 3694, 9045,
78, 3699, 9052,
79, 3700, 9053,
80, 3703, 9057,
81, 3707, 9060,
82, 3707, 9062,
83, 3713, 9070,
84, 3718, 9076,
85, 3720, 9079,
86, 3722, 9083,
87, 3726, 9087,
88, 3727, 9089,
89, 3732, 9095,
90, 3737, 9102,
91, 3739, 9103,
92, 3741, 9107,
93, 3745, 9112,
94, 3746, 9114,
95, 3751, 9120,
96, 3756, 9128,
97, 3758, 9128,
98, 3761, 9132,
99, 3764, 9135,
100, 3771, 9144,
101, 3773, 9148,
102, 3777, 9154,
103, 3777, 9154,
104, 3783, 9161,
105, 3788, 9167,
106, 3789, 9170,
107, 3793, 9173,
108, 3796, 9179,
109, 3797, 9180,
110, 3802, 9188,
111, 3808, 9193,
112, 3809, 9194,
113, 3813, 9199,
114, 3815, 9203,
115, 3816, 9205,
116, 3822, 9212,
117, 3827, 9218,
118, 3828, 9221,
119, 3832, 9227,
120, 3834, 9229,
121, 3834, 9230,
122, 3841, 9238,
123, 3845, 9243,
124, 3847, 9247,
125, 3850, 9250,
126, 3853, 9254,
127, 3854, 9255,
128, 3860, 9263,
129, 3866, 9270,
130, 3866, 9272,
131, 3869, 9276,
132, 3873, 9282,
133, 3874, 9281,
134, 3879, 9288,
135, 3885, 9297,
136, 3885, 9297,
137, 3890, 9304,
138, 3892, 9306,
139, 3893, 9308,
140, 3898, 9314,
141, 3903, 9320,
142, 3905, 9321,
143, 3908, 9325,
144, 3911, 9330,
145, 3912, 9330,
146, 3918, 9338,
147, 3921, 9346,
148, 3924, 9347,
149, 3925, 9347,
150, 3930, 9356,
151, 3936, 9363,
152, 3938, 9366,
153, 3943, 9372,
154, 3947, 9378,
155, 3950, 9380,
156, 3951, 9382,
157, 3956, 9388,
158, 3961, 9395,
159, 3962, 9397,
160, 3966, 9402,
161, 3969, 9405,
162, 3971, 9407,
163, 3976, 9414,
164, 3981, 9420,
165, 3982, 9422,
166, 3985, 9426,
167, 3988, 9429,
168, 3990, 9432,
169, 3994, 9439,
170, 3995, 9439,
171, 4001, 9446,
172, 4006, 9454,
173, 4007, 9455,
174, 4009, 9458,
175, 4014, 9463,
176, 4019, 9471,
177, 4020, 9471,
178, 4024, 9477,
179, 4026, 9479,
180, 4029, 9482,
181, 4033, 9487,
182, 4034, 9488,
183, 4039, 9497,
184, 4045, 9505,
185, 4046, 9505,
186, 4049, 9509,
187, 4052, 9514,
188, 4053, 9514,
189, 4059, 9520,
190, 4063, 9527,
191, 4065, 9529,
192, 4068, 9533,
193, 4071, 9538,
194, 4077, 9546,
195, 4078, 9546,
196, 4082, 9554,
197, 4084, 9556,
198, 4087, 9559,
199, 4091, 9562,
200, 4092, 9566,
201, 4101, 9574,
202, 4103, 9579,
203, 4105, 9583,
204, 4110, 9589,
205, 4110, 9588,
206, 4116, 9596,
207, 4121, 9602,
208, 4123, 9604,
209, 4126, 9609,
210, 4129, 9613,
211, 4130, 9614,
212, 4135, 9620,
213, 4140, 9626,
214, 4142, 9631,
215, 4144, 9630,
216, 4148, 9636,
217, 4155, 9645,
218, 4155, 9645,
219, 4159, 9651,
220, 4161, 9654,
221, 4164, 9657,
222, 4168, 9662,
223, 4168, 9664,
224, 4174, 9670,
225, 4179, 9677,
226, 4180, 9678,
227, 4184, 9683,
228, 4187, 9687,
229, 4189, 9689,
230, 4194, 9695,
231, 4199, 9704,
232, 4200, 9703,
233, 4203, 9707,
234, 4207, 9711,
235, 4207, 9710,
236, 4213, 9719,
237, 4217, 9725,
238, 4219, 9728,
239, 4220, 9730,
240, 4226, 9737,
241, 4230, 9742,
242, 4232, 9743,
243, 4234, 9746,
244, 4239, 9753,
245, 4238, 9754,
246, 4245, 9762,
247, 4250, 9768,
248, 4251, 9769,
249, 4255, 9774,
250, 4258, 9777,
251, 4259, 9780,
252, 4268, 9791,
253, 4271, 9795,
254, 4272, 9797,
255, 4277, 9804,
256, 4283, 9812,
257, 4284, 9809,
258, 4287, 9814,
259, 4290, 9819,
260, 4291, 9821,
261, 4296, 9827,
262, 4302, 9835,
263, 4303, 9835,
264, 4306, 9839,
265, 4309, 9844,
266, 4311, 9844,
267, 4316, 9852,
268, 4322, 9860,
269, 4322, 9859,
270, 4325, 9862,
271, 4329, 9868,
272, 4329, 9869,
273, 4335, 9876,
274, 4339, 9880,
275, 4341, 9885,
276, 4343, 9886,
277, 4348, 9893,
278, 4348, 9894,
279, 4354, 9902,
280, 4359, 9908,
281, 4361, 9909,
282, 4363, 9911,
283, 4367, 9918,
284, 4373, 9925,
285, 4374, 9926,
286, 4376, 9931,
287, 4380, 9934,
288, 4381, 9934,
289, 4387, 9942,
290, 4391, 9949,
291, 4393, 9951,
292, 4395, 9952,
293, 4400, 9958,
294, 4404, 9963,
295, 4406, 9969,
296, 4407, 9970,
297, 4413, 9975,
298, 4419, 9983,
299, 4419, 9983,
300, 4424, 9990,
301, 4426, 9993,
302, 4432, 10001,
303, 4436, 10005,
304, 4438, 10009,
305, 4441, 10012,
306, 4445, 10018,
307, 4446, 10018,
308, 4451, 10025,
309, 4457, 10030,
310, 4458, 10034,
311, 4461, 10039,
312, 4464, 10044,
313, 4465, 10043,
314, 4471, 10051,
315, 4476, 10056,
316, 4477, 10059,
317, 4479, 10060,
318, 4484, 10066,
319, 4489, 10073,
320, 4490, 10074,
321, 4495, 10080,
322, 4497, 10083,
323, 4498, 10084,
324, 4503, 10089,
325, 4506, 10096,
326, 4510, 10100,
327, 4510, 10101,
328, 4516, 10108,
329, 4521, 10115,
330, 4523, 10116,
331, 4526, 10121,
332, 4529, 10126,
333, 4530, 10126,
334, 4536, 10134,
335, 4540, 10139,
336, 4542, 10141,
337, 4544, 10144,
338, 4548, 10150,
339, 4554, 10158,
340, 4555, 10157,
341, 4559, 10164,
342, 4561, 10168,
343, 4564, 10169,
344, 4568, 10174,
345, 4574, 10183,
346, 4574, 10185,
347, 4579, 10188,
348, 4581, 10192,
349, 4583, 10194,
350, 4587, 10199,
351, 4592, 10206,
352, 4594, 10210,
353, 4600, 10217,
354, 4604, 10222,
355, 4607, 10225,
356, 4609, 10230,
357, 4613, 10233,
358, 4614, 10235,
359, 4620, 10241,
360, 4624, 10247,
361, 4626, 10251,
362, 4628, 10252,
363, 4633, 10257,
364, 4633, 10260,
365, 4639, 10267,
366, 4644, 10274,
367, 4646, 10275,
368, 4649, 10278,
369, 4652, 10283,
370, 4654, 10284,
371, 4659, 10292,
372, 4664, 10299,
373, 4665, 10301,
374, 4669, 10307,
375, 4672, 10308,
376, 4674, 10311,
377, 4678, 10315,
378, 4679, 10317,
379, 4685, 10325,
380, 4689, 10329,
381, 4691, 10332,
382, 4697, 10339,
383, 4698, 10341,
384, 4701, 10345,
385, 4704, 10350,
386, 4705, 10352,
387, 4710, 10357,
388, 4717, 10364,
389, 4717, 10365,
390, 4720, 10369,
391, 4723, 10374,
392, 4725, 10378,
393, 4730, 10382,
394, 4735, 10388,
395, 4736, 10390,
396, 4740, 10394,
397, 4743, 10399,
398, 4743, 10401,
399, 4749, 10407,
400, 4754, 10413,
401, 4756, 10415,
402, 4762, 10422,
403, 4766, 10428,
404, 4769, 10431,
405, 4770, 10431,
406, 4776, 10440,
407, 4781, 10446,
408, 4782, 10447,
409, 4785, 10450,
410, 4788, 10455,
411, 4789, 10455,
412, 4795, 10461,
413, 4799, 10468,
414, 4801, 10471,
415, 4803, 10474,
416, 4808, 10478,
417, 4813, 10486,
418, 4814, 10487,
419, 4817, 10490,
420, 4821, 10496,
421, 4822, 10498,
422, 4828, 10505,
423, 4832, 10511,
424, 4834, 10513,
425, 4837, 10517,
426, 4840, 10523,
427, 4846, 10529,
428, 4847, 10529,
429, 4849, 10532,
430, 4853, 10538,
431, 4859, 10545,
432, 4860, 10546,
433, 4863, 10552,
434, 4867, 10556,
435, 4867, 10558,
436, 4873, 10565,
437, 4879, 10572,
438, 4880, 10573,
439, 4883, 10579,
440, 4886, 10582,
441, 4888, 10585,
442, 4893, 10589,
443, 4898, 10597,
444, 4899, 10599,
445, 4903, 10601,
446, 4906, 10607,
447, 4907, 10609,
448, 4912, 10615,
449, 4918, 10623,
450, 4919, 10624,
451, 4921, 10627,
452, 4930, 10638,
453, 4932, 10641,
454, 4933, 10643,
455, 4938, 10648,
456, 4944, 10655,
457, 4945, 10657,
458, 4950, 10662,
459, 4952, 10665,
460, 4954, 10668,
461, 4958, 10674,
462, 4959, 10675,
463, 4965, 10681,
464, 4970, 10688,
465, 4971, 10692,
466, 4975, 10695,
467, 4977, 10698,
468, 4978, 10700,
469, 4984, 10709,
470, 4990, 10714,
471, 4991, 10717,
472, 4993, 10719,
473, 4998, 10724,
474, 4997, 10723,
475, 5004, 10732,
476, 5007, 10735,
477, 5011, 10740,
478, 5011, 10741,
479, 5017, 10748,
480, 5021, 10752,
481, 5024, 10757,
482, 5025, 10760,
483, 5030, 10764,
484, 5037, 10771,
485, 5037, 10773,
486, 5041, 10777,
487, 5043, 10780,
488, 5046, 10783,
489, 5050, 10789,
490, 5051, 10789,
491, 5057, 10796,
492, 5061, 10802,
493, 5063, 10804,
494, 5067, 10806,
495, 5070, 10813,
496, 5075, 10819,
497, 5076, 10820,
498, 5078, 10826,
499, 5083, 10829,
500, 5089, 10835,
501, 5090, 10839,
502, 5109, 10858,
503, 5129, 10868,
504, 5132, 10869,
505, 5134, 10871,
506, 5141, 10873,
507, 5150, 10879,
508, 5152, 10879,
509, 5154, 10880,
510, 5161, 10884,
511, 5170, 10885,
512, 5170, 10893,
513, 5175, 10889,
514, 5179, 10891,
515, 5181, 10893,
516, 5188, 10895,
517, 5195, 10900,
518, 5196, 10901,
519, 5202, 10903,
520, 5205, 10905,
521, 5208, 10906,
522, 5214, 10909,
523, 5215, 10908,
524, 5223, 10913,
525, 5228, 10915,
526, 5231, 10918,
527, 5235, 10916,
528, 5240, 10920,
529, 5248, 10925,
530, 5248, 10925,
531, 5253, 10926,
532, 5257, 10928,
533, 5260, 10929,
534, 5266, 10931,
535, 5275, 10935,
536, 5275, 10935,
537, 5281, 10938,
538, 5284, 10940,
539, 5286, 10941,
540, 5293, 10943,
541, 5301, 10947,
542, 5301, 10949,
543, 5305, 10950,
544, 5310, 10950,
545, 5311, 10951,
546, 5318, 10954,
547, 5327, 10959,
548, 5327, 10958,
549, 5332, 10960,
550, 5336, 10962,
551, 5339, 10964,
552, 5352, 10969,
553, 5353, 10969,
554, 5357, 10969,
555, 5362, 10973,
556, 5363, 10972,
557, 5371, 10975,
558, 5376, 10978,
559, 5380, 10980,
560, 5381, 10980,
561, 5389, 10983,
562, 5393, 10985,
563, 5397, 10988,
564, 5397, 10988,
565, 5407, 10990,
566, 5413, 10992,
567, 5415, 10993,
568, 5418, 10996,
569, 5424, 10998,
570, 5430, 11001,
571, 5433, 11004,
572, 5437, 11004,
573, 5442, 11005,
574, 5451, 11009,
575, 5451, 11009,
576, 5457, 11012,
577, 5459, 11014,
578, 5462, 11015,
579, 5469, 11017,
580, 5469, 11016,
581, 5477, 11018,
582, 5482, 11022,
583, 5485, 11024,
584, 5488, 11023,
585, 5495, 11027,
586, 5504, 11030,
587, 5504, 11033,
588, 5511, 11033,
589, 5514, 11035,
590, 5518, 11036,
591, 5523, 11037,
592, 5525, 11040,
593, 5533, 11043,
594, 5540, 11046,
595, 5542, 11046,
596, 5546, 11049,
597, 5550, 11050,
598, 5551, 11053,
599, 5558, 11053,
600, 5566, 11057,
601, 5569, 11058,
602, 5576, 11059,
603, 5582, 11062,
604, 5585, 11063,
605, 5587, 11063,
606, 5592, 11065,
607, 5593, 11065,
608, 5601, 11067,
609, 5609, 11071,
610, 5611, 11073,
611, 5616, 11074,
612, 5620, 11074,
613, 5621, 11076,
614, 5629, 11080,
615, 5637, 11081,
616, 5638, 11082,
617, 5642, 11084,
618, 5647, 11087,
619, 5649, 11085,
620, 5656, 11089,
621, 5662, 11090,
622, 5666, 11093,
623, 5670, 11092,
624, 5674, 11095,
625, 5677, 11097,
626, 5683, 11101,
627, 5684, 11101,
628, 5693, 11105,
629, 5700, 11106,
630, 5702, 11108,
631, 5707, 11109,
632, 5712, 11110,
633, 5714, 11111,
634, 5721, 11114,
635, 5729, 11116,
636, 5730, 11118,
637, 5735, 11120,
638, 5740, 11122,
639, 5741, 11123,
640, 5749, 11124,
641, 5756, 11127,
642, 5758, 11128,
643, 5761, 11128,
644, 5768, 11132,
645, 5769, 11131,
646, 5778, 11133,
647, 5785, 11137,
648, 5786, 11138,
649, 5791, 11141,
650, 5796, 11142,
651, 5798, 11143,
652, 5810, 11146,
653, 5815, 11149,
654, 5815, 11149,
655, 5824, 11150,
656, 5832, 11154,
657, 5833, 11153,
658, 5836, 11156,
659, 5843, 11158,
660, 5843, 11160,
661, 5852, 11163,
662, 5860, 11165,
663, 5862, 11166,
664, 5865, 11168,
665, 5871, 11170,
666, 5872, 11170,
667, 5881, 11170,
668, 5890, 11176,
669, 5891, 11176,
670, 5895, 11179,
671, 5900, 11179,
672, 5901, 11180,
673, 5910, 11181,
674, 5918, 11185,
675, 5919, 11186,
676, 5925, 11185,
677, 5929, 11189,
678, 5931, 11190,
679, 5938, 11191,
680, 5948, 11196,
681, 5948, 11194,
682, 5955, 11198,
683, 5958, 11200,
684, 5962, 11200,
685, 5968, 11202,
686, 5978, 11205,
687, 5978, 11204,
688, 5983, 11207,
689, 5987, 11209,
690, 5990, 11209,
691, 5997, 11212,
692, 5998, 11213,
693, 6007, 11216,
694, 6011, 11217,
695, 6016, 11218,
696, 6018, 11220,
697, 6026, 11222,
698, 6035, 11228,
699, 6036, 11226,
700, 6040, 11228,
701, 6045, 11229,
702, 6048, 11231,
703, 6061, 11235,
704, 6066, 11237,
705, 6068, 11238,
706, 6075, 11238,
707, 6076, 11239,
708, 6085, 11242,
709, 6089, 11243,
710, 6091, 11244,
711, 6095, 11247,
712, 6102, 11245,
713, 6103, 11248,
714, 6112, 11249,
715, 6121, 11253,
716, 6122, 11252,
717, 6126, 11254,
718, 6132, 11257,
719, 6132, 11255,
720, 6143, 11260,
721, 6147, 11261,
722, 6153, 11261,
723, 6154, 11263,
724, 6162, 11265,
725, 6172, 11269,
726, 6172, 11270,
727, 6179, 11271,
728, 6182, 11272,
729, 6185, 11274,
730, 6192, 11274,
731, 6202, 11278,
732, 6202, 11280,
733, 6209, 11283,
734, 6213, 11282,
735, 6214, 11284,
736, 6223, 11286,
737, 6233, 11288,
738, 6233, 11288,
739, 6240, 11292,
740, 6243, 11292,
741, 6247, 11291,
742, 6253, 11294,
743, 6255, 11296,
744, 6263, 11296,
745, 6263, 11298,
746, 6273, 11300,
747, 6281, 11302,
748, 6283, 11305,
749, 6289, 11304,
750, 6293, 11307,
751, 6296, 11308,
752, 6308, 11312,
753, 6314, 11312,
754, 6315, 11314,
755, 6324, 11316,
756, 6333, 11318,
757, 6334, 11319,
758, 6337, 11318,
759, 6344, 11320,
760, 6354, 11324,
761, 6354, 11324,
762, 6362, 11327,
763, 6365, 11327,
764, 6369, 11329,
765, 6375, 11332,
766, 6376, 11332,
767, 6385, 11335,
768, 6393, 11339,
769, 6395, 11338,
770, 6401, 11339,
771, 6406, 11342,
772, 6373, 11447,
773, 6429, 11355,
774, 6435, 11351,
775, 6440, 11355,
776, 6443, 11355,
777, 6451, 11357,
778, 6460, 11358,
779, 6461, 11361,
780, 6466, 11361,
781, 6472, 11361,
782, 6474, 11363,
783, 6482, 11366,
784, 6491, 11366,
785, 6493, 11368,
786, 6499, 11369,
787, 6503, 11372,
788, 6505, 11373,
789, 6514, 11376,
790, 6522, 11377,
791, 6524, 11379,
792, 6528, 11379,
793, 6535, 11381,
794, 6536, 11381,
795, 6545, 11384,
796, 6552, 11383,
797, 6556, 11386,
798, 6560, 11387,
799, 6575, 11393,
800, 6577, 11393,
801, 6583, 11394,
802, 6588, 11395,
803, 6590, 11396,
804, 6598, 11397,
805, 6607, 11397,
806, 6608, 11402,
807, 6614, 11401,
808, 6619, 11402,
809, 6620, 11403,
810, 6630, 11406,
811, 6637, 11409,
812, 6641, 11408,
813, 6646, 11409,
814, 6652, 11412,
815, 6654, 11414,
816, 6662, 11415,
817, 6669, 11418,
818, 6673, 11417,
819, 6677, 11418,
820, 6684, 11419,
821, 6692, 11422,
822, 6694, 11422,
823, 6696, 11422,
824, 6705, 11425,
825, 6716, 11429,
826, 6716, 11428,
827, 6724, 11434,
828, 6727, 11433,
829, 6728, 11433,
830, 6737, 11436,
831, 6745, 11438,
832, 6748, 11440,
833, 6752, 11442,
834, 6759, 11444,
835, 6760, 11444,
836, 6770, 11447,
837, 6777, 11450,
838, 6780, 11453,
839, 6783, 11452,
840, 6792, 11453,
841, 6801, 11455,
842, 6803, 11458,
843, 6807, 11459,
844, 6814, 11458,
845, 6815, 11459,
846, 6824, 11462,
847, 6833, 11465,
848, 6836, 11466,
849, 6841, 11468,
850, 6856, 11471,
851, 6857, 11471,
852, 6864, 11473,
853, 6868, 11474,
854, 6873, 11476,
855, 6880, 11477,
856, 6880, 11478,
857, 6890, 11482,
858, 6897, 11484,
859, 6902, 11482,
860, 6906, 11485,
861, 6913, 11486,
862, 6915, 11486,
863, 6924, 11488,
864, 6933, 11488,
865, 6935, 11489,
866, 6936, 11489,
867, 6946, 11492,
868, 6956, 11493,
869, 6957, 11496,
870, 6964, 11496,
871, 6969, 11497,
872, 6971, 11499,
873, 6980, 11500,
874, 6990, 11501,
875, 6991, 11504,
876, 6996, 11504,
877, 7003, 11505,
878, 7005, 11506,
879, 7014, 11507,
880, 7024, 11510,
881, 7025, 11510,
882, 7029, 11511,
883, 7037, 11515,
884, 7037, 11513,
885, 7048, 11513,
886, 7057, 11517,
887, 7059, 11517,
888, 7063, 11519,
889, 7070, 11521,
890, 7071, 11520,
891, 7082, 11521,
892, 7092, 11524,
893, 7093, 11527,
894, 7101, 11529,
895, 7105, 11530,
896, 7107, 11530,
897, 7116, 11530,
898, 7125, 11532,
899, 7128, 11534,
900, 7140, 11535,
901, 7144, 11537,
902, 7151, 11539,
903, 7162, 11541,
904, 7162, 11541,
905, 7169, 11542,
906, 7174, 11542,
907, 7178, 11544,
908, 7186, 11545,
909, 7196, 11547,
910, 7197, 11550,
911, 7204, 11549,
912, 7208, 11547,
913, 7213, 11549,
914, 7220, 11552,
915, 7230, 11554,
916, 7231, 11553,
917, 7239, 11555,
918, 7243, 11557,
919, 7248, 11558,
920, 7256, 11561,
921, 7257, 11560,
922, 7267, 11563,
923, 7278, 11566,
924, 7279, 11564,
925, 7284, 11567,
926, 7291, 11569,
927, 7302, 11571,
928, 7303, 11571,
929, 7309, 11572,
930, 7314, 11574,
931, 7318, 11573,
932, 7326, 11575,
933, 7326, 11573,
934, 7338, 11576,
935, 7348, 11580,
936, 7350, 11579,
937, 7360, 11582,
938, 7362, 11582,
939, 7369, 11582,
940, 7374, 11585,
941, 7376, 11583,
942, 7386, 11585,
943, 7397, 11588,
944, 7397, 11588,
945, 7403, 11584,
946, 7410, 11588,
947, 7411, 11588,
948, 7422, 11591,
949, 7432, 11593,
950, 7436, 11595,
951, 7446, 11595,
952, 7456, 11595,
953, 7458, 11597,
954, 7463, 11598,
955, 7470, 11600,
956, 7472, 11598,
957, 7482, 11601,
958, 7491, 11603,
959, 7494, 11603,
960, 7501, 11604,
961, 7506, 11606,
962, 7508, 11608,
963, 7518, 11609,
964, 7531, 11630,
965, 7531, 11631,
966, 7539, 11632,
967, 7543, 11631,
968, 7548, 11632,
969, 7555, 11634,
970, 7557, 11633,
971, 7568, 11636,
972, 7578, 11646,
973, 7581, 11650,
974, 7586, 11649,
975, 7593, 11649,
976, 7594, 11647,
977, 7605, 11652,
978, 7614, 11657,
979, 7617, 11657,
980, 7623, 11657,
981, 7630, 11662,
982, 7633, 11673,
983, 7643, 11672,
984, 7653, 11678,
985, 7657, 11690,
986, 7660, 11677,
987, 7668, 11680,
988, 7680, 11682,
989, 7682, 11687,
990, 7687, 11633,
991, 7690, 11636,
992, 7695, 11639,
993, 7701, 11644,
994, 7704, 11647,
995, 7713, 11647,
996, 7725, 11644,
997, 7725, 11646,
998, 7733, 11650,
999, 3687, 8958,
1000, 3449, 8749,
