1, 3544, 519,
2, 3555, 1019,
3, 3553, 1016,
4, 3551, 1018,
5, 3552, 1015,
6, 3553, 1013,
7, 3553, 1013,
8, 3557, 1013,
9, 3561, 1013,
10, 3561, 1014,
11, 3565, 1015,
12, 3561, 995,
13, 3567, 995,
14, 3570, 994,
15, 3572, 997,
16, 3575, 995,
17, 3575, 996,
18, 3580, 996,
19, 3582, 996,
20, 3589, 996,
21, 3593, 998,
22, 3596, 997,
23, 3596, 999,
24, 3601, 998,
25, 3606, 999,
26, 3606, 1000,
27, 3610, 999,
28, 3613, 1000,
29, 3615, 999,
30, 3619, 1001,
31, 3627, 1001,
32, 3627, 1001,
33, 3633, 1001,
34, 3632, 1003,
35, 3634, 1002,
36, 3639, 1004,
37, 3641, 1004,
38, 3648, 1003,
39, 3650, 1004,
40, 3652, 1005,
41, 3654, 1004,
42, 3659, 1004,
43, 3661, 1005,
44, 3667, 1006,
45, 3672, 1006,
46, 3672, 1007,
47, 3676, 1007,
48, 3678, 1008,
49, 3681, 1008,
50, 3687, 1008,
51, 3692, 1010,
52, 3694, 1010,
53, 3699, 1011,
54, 3705, 1010,
55, 3705, 1012,
56, 3709, 1011,
57, 3714, 1011,
58, 3719, 1013,
59, 3719, 1013,
60, 3722, 1013,
61, 3725, 1014,
62, 3727, 1013,
63, 3734, 1014,
64, 3736, 1014,
65, 3740, 1015,
66, 3745, 1016,
67, 3745, 1016,
68, 3747, 1016,
69, 3752, 1017,
70, 3752, 1017,
71, 3760, 1017,
72, 3764, 1019,
73, 3765, 1019,
74, 3770, 1019,
75, 3771, 1020,
76, 3773, 1019,
77, 3778, 1021,
78, 3786, 1020,
79, 3786, 1020,
80, 3789, 1021,
81, 3791, 1022,
82, 3794, 1021,
83, 3798, 1023,
84, 3805, 1024,
85, 3805, 1024,
86, 3810, 1024,
87, 3810, 1024,
88, 3816, 1024,
89, 3819, 1025,
90, 3825, 1026,
91, 3825, 1026,
92, 3830, 1026,
93, 3832, 1027,
94, 3832, 1027,
95, 3837, 1029,
96, 3843, 1028,
97, 3843, 1028,
98, 3849, 1029,
99, 3852, 1030,
100, 3852, 1030,
101, 3863, 1031,
102, 3864, 1032,
103, 3866, 1032,
104, 3870, 1033,
105, 3877, 1033,
106, 3877, 1033,
107, 3882, 1033,
108, 3884, 1034,
109, 3884, 1035,
110, 3892, 1035,
111, 3897, 1037,
112, 3897, 1037,
113, 3901, 1037,
114, 3903, 1037,
115, 3904, 1037,
116, 3911, 1037,
117, 3913, 1038,
118, 3917, 1038,
119, 3918, 1038,
120, 3924, 1040,
121, 3931, 1041,
122, 3931, 1041,
123, 3935, 1041,
124, 3937, 1042,
125, 3940, 1041,
126, 3944, 1041,
127, 3949, 1043,
128, 3951, 1042,
129, 3953, 1043,
130, 3956, 1044,
131, 3958, 1045,
132, 3964, 1045,
133, 3971, 1046,
134, 3971, 1046,
135, 3973, 1047,
136, 3978, 1047,
137, 3978, 1047,
138, 3982, 1049,
139, 3989, 1048,
140, 3990, 1048,
141, 3994, 1048,
142, 3996, 1049,
143, 3998, 1050,
144, 4005, 1050,
145, 4009, 1051,
146, 4009, 1052,
147, 4012, 1051,
148, 4016, 1051,
149, 4023, 1052,
150, 4023, 1052,
151, 4029, 1053,
152, 4030, 1053,
153, 4036, 1055,
154, 4043, 1055,
155, 4043, 1056,
156, 4047, 1056,
157, 4049, 1057,
158, 4052, 1057,
159, 4057, 1057,
160, 4061, 1058,
161, 4061, 1058,
162, 4068, 1059,
163, 4070, 1060,
164, 4072, 1060,
165, 4076, 1061,
166, 4077, 1061,
167, 4083, 1062,
168, 4088, 1062,
169, 4090, 1061,
170, 4091, 1063,
171, 4095, 1063,
172, 4099, 1062,
173, 4104, 1064,
174, 4108, 1066,
175, 4110, 1065,
176, 4113, 1066,
177, 4117, 1066,
178, 4117, 1066,
179, 4122, 1066,
180, 4122, 1068,
181, 4128, 1067,
182, 4133, 1069,
183, 4135, 1068,
184, 4140, 1068,
185, 4144, 1069,
186, 4142, 1070,
187, 4151, 1070,
188, 4153, 1071,
189, 4155, 1072,
190, 4158, 1071,
191, 4162, 1073,
192, 4167, 1073,
193, 4169, 1072,
194, 4172, 1073,
195, 4176, 1073,
196, 4176, 1075,
197, 4183, 1075,
198, 4189, 1076,
199, 4189, 1076,
200, 4194, 1076,
201, 4201, 1077,
202, 4203, 1076,
203, 4205, 1079,
204, 4210, 1077,
205, 4210, 1079,
206, 4214, 1079,
207, 4220, 1081,
208, 4223, 1080,
209, 4228, 1080,
210, 4229, 1081,
211, 4232, 1081,
212, 4236, 1082,
213, 4240, 1082,
214, 4241, 1082,
215, 4246, 1084,
216, 4248, 1083,
217, 4250, 1084,
218, 4257, 1085,
219, 4259, 1086,
220, 4263, 1086,
221, 4268, 1086,
222, 4270, 1087,
223, 4272, 1087,
224, 4277, 1088,
225, 4277, 1088,
226, 4282, 1089,
227, 4289, 1089,
228, 4289, 1089,
229, 4293, 1090,
230, 4295, 1090,
231, 4299, 1091,
232, 4304, 1091,
233, 4302, 1092,
234, 4309, 1093,
235, 4313, 1093,
236, 4316, 1094,
237, 4318, 1093,
238, 4322, 1094,
239, 4329, 1095,
240, 4329, 1095,
241, 4334, 1096,
242, 4336, 1095,
243, 4341, 1096,
244, 4342, 1097,
245, 4345, 1096,
246, 4349, 1098,
247, 4356, 1099,
248, 4356, 1099,
249, 4360, 1099,
250, 4363, 1100,
251, 4363, 1100,
252, 4372, 1100,
253, 4374, 1101,
254, 4383, 1102,
255, 4383, 1102,
256, 4387, 1104,
257, 4390, 1103,
258, 4392, 1104,
259, 4396, 1104,
260, 4401, 1106,
261, 4403, 1105,
262, 4406, 1104,
263, 4408, 1107,
264, 4417, 1106,
265, 4415, 1106,
266, 4419, 1107,
267, 4424, 1107,
268, 4424, 1107,
269, 4430, 1108,
270, 4435, 1108,
271, 4435, 1110,
272, 4437, 1109,
273, 4444, 1110,
274, 4448, 1111,
275, 4450, 1111,
276, 4453, 1111,
277, 4455, 1112,
278, 4462, 1112,
279, 4462, 1113,
280, 4464, 1113,
281, 4469, 1113,
282, 4475, 1115,
283, 4477, 1114,
284, 4477, 1116,
285, 4484, 1115,
286, 4489, 1117,
287, 4489, 1117,
288, 4491, 1117,
289, 4496, 1118,
290, 4496, 1118,
291, 4502, 1119,
292, 4504, 1118,
293, 4509, 1120,
294, 4516, 1120,
295, 4518, 1119,
296, 4520, 1120,
297, 4525, 1122,
298, 4525, 1122,
299, 4530, 1122,
300, 4536, 1123,
301, 4539, 1122,
302, 4543, 1124,
303, 4548, 1124,
304, 4550, 1125,
305, 4550, 1125,
306, 4556, 1126,
307, 4561, 1126,
308, 4563, 1127,
309, 4566, 1128,
310, 4568, 1128,
311, 4572, 1128,
312, 4577, 1128,
313, 4582, 1130,
314, 4584, 1129,
315, 4586, 1130,
316, 4590, 1130,
317, 4595, 1132,
318, 4595, 1132,
319, 4597, 1131,
320, 4602, 1133,
321, 4611, 1132,
322, 4609, 1134,
323, 4615, 1132,
324, 4617, 1133,
325, 4622, 1135,
326, 4624, 1134,
327, 4627, 1135,
328, 4629, 1136,
329, 4631, 1135,
330, 4636, 1137,
331, 4642, 1137,
332, 4642, 1138,
333, 4649, 1138,
334, 4649, 1139,
335, 4651, 1138,
336, 4658, 1139,
337, 4663, 1140,
338, 4663, 1140,
339, 4667, 1140,
340, 4669, 1141,
341, 4672, 1142,
342, 4676, 1142,
343, 4682, 1143,
344, 4683, 1143,
345, 4689, 1144,
346, 4690, 1144,
347, 4694, 1144,
348, 4699, 1145,
349, 4699, 1145,
350, 4703, 1146,
351, 4710, 1146,
352, 4712, 1147,
353, 4717, 1147,
354, 4721, 1149,
355, 4723, 1148,
356, 4726, 1149,
357, 4730, 1149,
358, 4737, 1150,
359, 4739, 1151,
360, 4739, 1151,
361, 4743, 1151,
362, 4750, 1152,
363, 4750, 1152,
364, 4753, 1153,
365, 4757, 1153,
366, 4757, 1154,
367, 4762, 1154,
368, 4766, 1154,
369, 4770, 1156,
370, 4773, 1155,
371, 4777, 1155,
372, 4779, 1156,
373, 4784, 1156,
374, 4788, 1158,
375, 4791, 1157,
376, 4793, 1158,
377, 4797, 1159,
378, 4798, 1158,
379, 4804, 1160,
380, 4809, 1160,
381, 4811, 1159,
382, 4813, 1160,
383, 4818, 1160,
384, 4818, 1162,
385, 4822, 1162,
386, 4831, 1163,
387, 4831, 1163,
388, 4836, 1163,
389, 4838, 1163,
390, 4845, 1164,
391, 4845, 1164,
392, 4849, 1165,
393, 4849, 1165,
394, 4851, 1166,
395, 4858, 1167,
396, 4858, 1167,
397, 4865, 1168,
398, 4869, 1168,
399, 4872, 1168,
400, 4874, 1168,
401, 4883, 1170,
402, 4883, 1170,
403, 4888, 1170,
404, 4890, 1171,
405, 4892, 1171,
406, 4897, 1171,
407, 4903, 1174,
408, 4906, 1173,
409, 4908, 1174,
410, 4912, 1174,
411, 4912, 1174,
412, 4919, 1175,
413, 4924, 1175,
414, 4926, 1176,
415, 4926, 1176,
416, 4930, 1177,
417, 4937, 1178,
418, 4937, 1178,
419, 4942, 1178,
420, 4946, 1178,
421, 4948, 1179,
422, 4953, 1179,
423, 4958, 1180,
424, 4960, 1180,
425, 4962, 1181,
426, 4967, 1181,
427, 4971, 1183,
428, 4971, 1183,
429, 4976, 1183,
430, 4978, 1184,
431, 4980, 1183,
432, 4987, 1183,
433, 4991, 1185,
434, 4994, 1184,
435, 4996, 1185,
436, 5001, 1185,
437, 5001, 1187,
438, 5005, 1187,
439, 5005, 1187,
440, 5012, 1188,
441, 5016, 1188,
442, 5021, 1189,
443, 5021, 1190,
444, 5028, 1189,
445, 5032, 1190,
446, 5035, 1189,
447, 5039, 1191,
448, 5039, 1191,
449, 5041, 1192,
450, 5046, 1192,
451, 5050, 1192,
452, 5055, 1193,
453, 5062, 1194,
454, 5066, 1194,
455, 5066, 1194,
456, 5071, 1195,
457, 5073, 1195,
458, 5073, 1195,
459, 5080, 1196,
460, 5087, 1197,
461, 5089, 1196,
462, 5091, 1197,
463, 5094, 1198,
464, 5096, 1199,
465, 5100, 1199,
466, 5107, 1200,
467, 5107, 1200,
468, 5109, 1201,
469, 5116, 1201,
470, 5116, 1200,
471, 5121, 1202,
472, 5128, 1202,
473, 5128, 1203,
474, 5132, 1202,
475, 5134, 1203,
476, 5141, 1204,
477, 5141, 1204,
478, 5146, 1204,
479, 5148, 1205,
480, 5148, 1205,
481, 5157, 1206,
482, 5162, 1206,
483, 5164, 1207,
484, 5166, 1208,
485, 5171, 1208,
486, 5171, 1208,
487, 5175, 1210,
488, 5180, 1210,
489, 5182, 1211,
490, 5185, 1210,
491, 5189, 1210,
492, 5189, 1212,
493, 5198, 1212,
494, 5203, 1212,
495, 5205, 1212,
496, 5207, 1213,
497, 5212, 1213,
498, 5212, 1213,
499, 5216, 1215,
500, 5223, 1216,
501, 5230, 1215,
502, 5255, 1218,
503, 5260, 1219,
504, 5269, 1219,
505, 5271, 1219,
506, 5278, 1219,
507, 5285, 1220,
508, 5285, 1220,
509, 5292, 1220,
510, 5294, 1221,
511, 5297, 1220,
512, 5304, 1220,
513, 5313, 1221,
514, 5313, 1221,
515, 5318, 1221,
516, 5322, 1221,
517, 5325, 1222,
518, 5331, 1222,
519, 5331, 1222,
520, 5338, 1223,
521, 5345, 1223,
522, 5348, 1222,
523, 5352, 1222,
524, 5357, 1223,
525, 5366, 1224,
526, 5366, 1224,
527, 5371, 1224,
528, 5376, 1224,
529, 5376, 1224,
530, 5383, 1225,
531, 5392, 1224,
532, 5392, 1224,
533, 5399, 1225,
534, 5404, 1226,
535, 5406, 1225,
536, 5411, 1226,
537, 5413, 1226,
538, 5420, 1226,
539, 5430, 1227,
540, 5430, 1227,
541, 5437, 1227,
542, 5439, 1227,
543, 5442, 1227,
544, 5449, 1228,
545, 5449, 1228,
546, 5456, 1228,
547, 5463, 1229,
548, 5468, 1228,
549, 5470, 1228,
550, 5475, 1229,
551, 5477, 1230,
552, 5487, 1229,
553, 5494, 1230,
554, 5501, 1230,
555, 5501, 1230,
556, 5508, 1229,
557, 5513, 1230,
558, 5513, 1230,
559, 5520, 1231,
560, 5520, 1231,
561, 5530, 1230,
562, 5537, 1231,
563, 5540, 1231,
564, 5544, 1231,
565, 5549, 1232,
566, 5552, 1232,
567, 5556, 1233,
568, 5566, 1233,
569, 5566, 1233,
570, 5573, 1233,
571, 5576, 1232,
572, 5581, 1233,
573, 5585, 1233,
574, 5585, 1233,
575, 5595, 1234,
576, 5602, 1235,
577, 5602, 1235,
578, 5605, 1234,
579, 5612, 1234,
580, 5619, 1235,
581, 5624, 1234,
582, 5627, 1235,
583, 5632, 1235,
584, 5632, 1235,
585, 5641, 1236,
586, 5646, 1236,
587, 5649, 1237,
588, 5649, 1237,
589, 5661, 1237,
590, 5663, 1236,
591, 5668, 1237,
592, 5671, 1236,
593, 5678, 1237,
594, 5683, 1235,
595, 5686, 1237,
596, 5693, 1238,
597, 5695, 1239,
598, 5700, 1238,
599, 5705, 1239,
600, 5715, 1239,
601, 5715, 1239,
602, 5723, 1239,
603, 5735, 1239,
604, 5735, 1239,
605, 5738, 1240,
606, 5745, 1239,
607, 5753, 1240,
608, 5753, 1241,
609, 5760, 1242,
610, 5762, 1241,
611, 5765, 1240,
612, 5770, 1241,
613, 5780, 1241,
614, 5783, 1241,
615, 5787, 1241,
616, 5790, 1242,
617, 5793, 1243,
618, 5800, 1243,
619, 5808, 1244,
620, 5808, 1244,
621, 5815, 1242,
622, 5820, 1244,
623, 5823, 1243,
624, 5828, 1244,
625, 5836, 1244,
626, 5838, 1244,
627, 5843, 1243,
628, 5848, 1243,
629, 5855, 1245,
630, 5858, 1246,
631, 5863, 1244,
632, 5868, 1245,
633, 5868, 1245,
634, 5876, 1246,
635, 5884, 1246,
636, 5886, 1246,
637, 5891, 1247,
638, 5897, 1246,
639, 5899, 1247,
640, 5907, 1248,
641, 5914, 1247,
642, 5914, 1248,
643, 5919, 1247,
644, 5924, 1248,
645, 5924, 1248,
646, 5934, 1248,
647, 5942, 1248,
648, 5945, 1248,
649, 5948, 1249,
650, 5952, 1249,
651, 5963, 1248,
652, 5965, 1249,
653, 5973, 1250,
654, 5973, 1250,
655, 5981, 1250,
656, 5991, 1250,
657, 5994, 1250,
658, 5996, 1251,
659, 6002, 1251,
660, 6004, 1250,
661, 6012, 1250,
662, 6017, 1252,
663, 6020, 1252,
664, 6025, 1252,
665, 6033, 1252,
666, 6041, 1253,
667, 6041, 1253,
668, 6049, 1252,
669, 6051, 1253,
670, 6051, 1253,
671, 6059, 1253,
672, 6067, 1253,
673, 6072, 1253,
674, 6075, 1254,
675, 6080, 1255,
676, 6083, 1254,
677, 6091, 1255,
678, 6099, 1255,
679, 6101, 1254,
680, 6106, 1254,
681, 6112, 1255,
682, 6112, 1255,
683, 6120, 1256,
684, 6128, 1256,
685, 6130, 1255,
686, 6136, 1257,
687, 6141, 1255,
688, 6149, 1256,
689, 6152, 1257,
690, 6157, 1256,
691, 6162, 1257,
692, 6162, 1257,
693, 6170, 1258,
694, 6178, 1258,
695, 6181, 1257,
696, 6186, 1258,
697, 6192, 1258,
698, 6200, 1258,
699, 6202, 1258,
700, 6208, 1259,
701, 6210, 1258,
702, 6213, 1259,
703, 6227, 1259,
704, 6232, 1259,
705, 6232, 1260,
706, 6243, 1260,
707, 6251, 1260,
708, 6251, 1260,
709, 6256, 1260,
710, 6261, 1260,
711, 6270, 1261,
712, 6273, 1261,
713, 6278, 1261,
714, 6281, 1261,
715, 6283, 1262,
716, 6292, 1263,
717, 6300, 1261,
718, 6300, 1263,
719, 6305, 1263,
720, 6314, 1263,
721, 6322, 1262,
722, 6322, 1263,
723, 6328, 1263,
724, 6333, 1263,
725, 6336, 1264,
726, 6344, 1264,
727, 6352, 1264,
728, 6355, 1264,
729, 6357, 1263,
730, 6363, 1264,
731, 6363, 1264,
732, 6371, 1265,
733, 6385, 1265,
734, 6385, 1265,
735, 6388, 1264,
736, 6394, 1265,
737, 6404, 1265,
738, 6404, 1265,
739, 6410, 1266,
740, 6413, 1265,
741, 6419, 1266,
742, 6427, 1265,
743, 6427, 1267,
744, 6435, 1267,
745, 6444, 1268,
746, 6446, 1267,
747, 6452, 1266,
748, 6455, 1267,
749, 6460, 1267,
750, 6466, 1268,
751, 6477, 1268,
752, 6480, 1267,
753, 6486, 1268,
754, 6494, 1269,
755, 6497, 1268,
756, 6503, 1268,
757, 6508, 1269,
758, 6508, 1269,
759, 6519, 1268,
760, 6525, 1270,
761, 6528, 1269,
762, 6534, 1270,
763, 6540, 1270,
764, 6542, 1269,
765, 6551, 1269,
766, 6559, 1270,
767, 6559, 1270,
768, 6565, 1271,
769, 6568, 1270,
770, 6574, 1270,
771, 6582, 1270,
772, 6591, 1271,
773, 6591, 1271,
774, 6597, 1272,
775, 6603, 1271,
776, 6606, 1271,
777, 6614, 1271,
778, 6623, 1272,
779, 6623, 1272,
780, 6631, 1272,
781, 6635, 1272,
782, 6638, 1272,
783, 6646, 1272,
784, 6655, 1273,
785, 6655, 1273,
786, 6657, 1273,
787, 6666, 1272,
788, 6675, 1273,
789, 6678, 1273,
790, 6681, 1274,
791, 6687, 1273,
792, 6690, 1274,
793, 6698, 1275,
794, 6707, 1274,
795, 6707, 1274,
796, 6713, 1275,
797, 6719, 1274,
798, 6731, 1274,
799, 6731, 1276,
800, 6739, 1274,
801, 6748, 1275,
802, 6754, 1276,
803, 6757, 1275,
804, 6763, 1277,
805, 6766, 1276,
806, 6775, 1276,
807, 6783, 1277,
808, 6783, 1277,
809, 6790, 1276,
810, 6796, 1277,
811, 6805, 1278,
812, 6807, 1277,
813, 6814, 1277,
814, 6816, 1278,
815, 6823, 1277,
816, 6829, 1278,
817, 6838, 1277,
818, 6840, 1278,
819, 6843, 1277,
820, 6849, 1278,
821, 6861, 1278,
822, 6862, 1279,
823, 6867, 1279,
824, 6874, 1279,
825, 6876, 1278,
826, 6883, 1279,
827, 6883, 1279,
828, 6894, 1279,
829, 6901, 1280,
830, 6907, 1280,
831, 6910, 1279,
832, 6916, 1280,
833, 6928, 1280,
834, 6928, 1280,
835, 6934, 1281,
836, 6940, 1281,
837, 6940, 1281,
838, 6952, 1280,
839, 6959, 1282,
840, 6961, 1281,
841, 6964, 1282,
842, 6973, 1281,
843, 6979, 1282,
844, 6986, 1281,
845, 6988, 1282,
846, 6995, 1282,
847, 7004, 1282,
848, 7007, 1283,
849, 7013, 1283,
850, 7016, 1282,
851, 7022, 1283,
852, 7032, 1284,
853, 7038, 1283,
854, 7041, 1282,
855, 7050, 1283,
856, 7057, 1284,
857, 7063, 1284,
858, 7066, 1285,
859, 7075, 1283,
860, 7075, 1283,
861, 7084, 1284,
862, 7091, 1285,
863, 7098, 1285,
864, 7098, 1285,
865, 7107, 1285,
866, 7116, 1285,
867, 7119, 1285,
868, 7125, 1286,
869, 7128, 1285,
870, 7132, 1285,
871, 7141, 1286,
872, 7151, 1286,
873, 7153, 1286,
874, 7157, 1286,
875, 7163, 1286,
876, 7172, 1287,
877, 7175, 1286,
878, 7182, 1287,
879, 7188, 1287,
880, 7188, 1287,
881, 7198, 1287,
882, 7207, 1287,
883, 7210, 1287,
884, 7214, 1287,
885, 7223, 1287,
886, 7223, 1287,
887, 7233, 1288,
888, 7242, 1288,
889, 7242, 1288,
890, 7252, 1289,
891, 7259, 1288,
892, 7259, 1288,
893, 7268, 1289,
894, 7278, 1289,
895, 7278, 1289,
896, 7287, 1288,
897, 7291, 1290,
898, 7294, 1289,
899, 7304, 1288,
900, 7311, 1289,
901, 7313, 1290,
902, 7320, 1290,
903, 7337, 1290,
904, 7337, 1290,
905, 7346, 1290,
906, 7349, 1289,
907, 7353, 1291,
908, 7363, 1290,
909, 7363, 1290,
910, 7373, 1291,
911, 7382, 1291,
912, 7385, 1290,
913, 7392, 1292,
914, 7399, 1291,
915, 7402, 1292,
916, 7409, 1292,
917, 7409, 1292,
918, 7421, 1291,
919, 7428, 1292,
920, 7431, 1292,
921, 7438, 1293,
922, 7445, 1293,
923, 7445, 1293,
924, 7458, 1292,
925, 7465, 1293,
926, 7467, 1293,
927, 7474, 1294,
928, 7477, 1293,
929, 7487, 1294,
930, 7494, 1293,
931, 7497, 1294,
932, 7504, 1294,
933, 7504, 1294,
934, 7517, 1293,
935, 7524, 1294,
936, 7527, 1294,
937, 7534, 1295,
938, 7541, 1294,
939, 7541, 1294,
940, 7551, 1295,
941, 7561, 1295,
942, 7568, 1295,
943, 7571, 1296,
944, 7578, 1295,
945, 7578, 1295,
946, 7588, 1296,
947, 7591, 1297,
948, 7598, 1296,
949, 7612, 1297,
950, 7615, 1296,
951, 7623, 1296,
952, 7625, 1297,
953, 7635, 1297,
954, 7645, 1296,
955, 7650, 1298,
956, 7653, 1297,
957, 7663, 1298,
958, 7673, 1297,
959, 7673, 1297,
960, 7680, 1298,
961, 7688, 1297,
962, 7688, 1297,
963, 7698, 1298,
964, 7708, 1298,
965, 7711, 1297,
966, 7715, 1298,
967, 7726, 1298,
968, 7736, 1299,
969, 7736, 1299,
970, 7739, 1298,
971, 7746, 1299,
972, 7749, 1298,
973, 7761, 1300,
974, 7771, 1299,
975, 7774, 1300,
976, 7774, 1300,
977, 7784, 1300,
978, 7795, 1300,
979, 7799, 1301,
980, 7805, 1299,
981, 7813, 1300,
982, 7813, 1300,
983, 7823, 1299,
984, 7833, 1301,
985, 7833, 1301,
986, 7844, 1300,
987, 7851, 1300,
988, 7851, 1301,
989, 7862, 1300,
990, 7869, 1301,
991, 7872, 1301,
992, 7880, 1302,
993, 7887, 1301,
994, 7887, 1301,
995, 7898, 1302,
996, 7901, 1303,
997, 7911, 1302,
998, 7911, 1302,
999, 7922, 1302,
1000, 7929, 1302,
