1, 3584, 544,
2, 3587, 1139,
3, 3586, 1135,
4, 3585, 1130,
5, 3584, 1130,
6, 3586, 1129,
7, 3585, 1127,
8, 3590, 1128,
9, 3593, 1127,
10, 3595, 1128,
11, 3597, 1129,
12, 3601, 1129,
13, 3600, 1128,
14, 3607, 1130,
15, 3616, 1156,
16, 3615, 1158,
17, 3619, 1157,
18, 3622, 1157,
19, 3624, 1156,
20, 3630, 1157,
21, 3635, 1159,
22, 3635, 1159,
23, 3639, 1159,
24, 3643, 1159,
25, 3645, 1159,
26, 3649, 1161,
27, 3657, 1161,
28, 3657, 1161,
29, 3661, 1161,
30, 3663, 1162,
31, 3663, 1162,
32, 3671, 1164,
33, 3677, 1163,
34, 3675, 1164,
35, 3681, 1165,
36, 3683, 1165,
37, 3685, 1165,
38, 3689, 1166,
39, 3695, 1166,
40, 3697, 1168,
41, 3699, 1167,
42, 3705, 1168,
43, 3709, 1170,
44, 3711, 1169,
45, 3715, 1169,
46, 3717, 1170,
47, 3719, 1171,
48, 3725, 1171,
49, 3725, 1171,
50, 3731, 1172,
51, 3736, 1173,
52, 3739, 1172,
53, 3745, 1173,
54, 3749, 1175,
55, 3751, 1174,
56, 3753, 1175,
57, 3758, 1176,
58, 3759, 1176,
59, 3765, 1176,
60, 3771, 1177,
61, 3772, 1178,
62, 3775, 1178,
63, 3778, 1179,
64, 3779, 1179,
65, 3785, 1180,
66, 3789, 1180,
67, 3791, 1181,
68, 3793, 1181,
69, 3799, 1182,
70, 3805, 1183,
71, 3805, 1183,
72, 3811, 1183,
73, 3813, 1184,
74, 3812, 1184,
75, 3818, 1185,
76, 3823, 1185,
77, 3825, 1186,
78, 3828, 1187,
79, 3831, 1187,
80, 3837, 1189,
81, 3838, 1189,
82, 3842, 1189,
83, 3846, 1190,
84, 3846, 1190,
85, 3852, 1191,
86, 3854, 1191,
87, 3858, 1192,
88, 3860, 1192,
89, 3866, 1193,
90, 3872, 1192,
91, 3872, 1194,
92, 3876, 1194,
93, 3880, 1194,
94, 3880, 1194,
95, 3884, 1196,
96, 3892, 1197,
97, 3893, 1196,
98, 3898, 1198,
99, 3900, 1197,
100, 3904, 1197,
101, 3912, 1199,
102, 3912, 1199,
103, 3917, 1201,
104, 3920, 1201,
105, 3922, 1200,
106, 3927, 1202,
107, 3933, 1203,
108, 3935, 1202,
109, 3938, 1203,
110, 3940, 1204,
111, 3946, 1205,
112, 3948, 1204,
113, 3952, 1206,
114, 3954, 1205,
115, 3956, 1206,
116, 3960, 1206,
117, 3962, 1207,
118, 3968, 1208,
119, 3973, 1209,
120, 3975, 1209,
121, 3978, 1210,
122, 3982, 1209,
123, 3982, 1210,
124, 3988, 1211,
125, 3992, 1211,
126, 3994, 1212,
127, 3996, 1212,
128, 4000, 1213,
129, 4006, 1214,
130, 4008, 1213,
131, 4010, 1215,
132, 4016, 1215,
133, 4022, 1216,
134, 4022, 1217,
135, 4026, 1217,
136, 4028, 1218,
137, 4030, 1218,
138, 4036, 1218,
139, 4036, 1218,
140, 4042, 1219,
141, 4046, 1220,
142, 4048, 1220,
143, 4052, 1221,
144, 4054, 1221,
145, 4056, 1222,
146, 4062, 1223,
147, 4068, 1224,
148, 4069, 1224,
149, 4072, 1225,
150, 4076, 1225,
151, 4078, 1225,
152, 4086, 1226,
153, 4088, 1227,
154, 4090, 1228,
155, 4096, 1228,
156, 4102, 1230,
157, 4104, 1229,
158, 4106, 1230,
159, 4110, 1230,
160, 4112, 1231,
161, 4116, 1231,
162, 4122, 1232,
163, 4123, 1233,
164, 4126, 1233,
165, 4130, 1234,
166, 4132, 1233,
167, 4136, 1235,
168, 4142, 1237,
169, 4144, 1236,
170, 4146, 1237,
171, 4152, 1236,
172, 4152, 1236,
173, 4158, 1237,
174, 4164, 1238,
175, 4164, 1238,
176, 4168, 1238,
177, 4170, 1240,
178, 4172, 1240,
179, 4178, 1242,
180, 4183, 1241,
181, 4185, 1242,
182, 4186, 1242,
183, 4192, 1243,
184, 4192, 1243,
185, 4198, 1244,
186, 4204, 1245,
187, 4204, 1245,
188, 4208, 1245,
189, 4212, 1245,
190, 4212, 1247,
191, 4218, 1246,
192, 4226, 1247,
193, 4226, 1247,
194, 4228, 1249,
195, 4232, 1250,
196, 4234, 1249,
197, 4238, 1251,
198, 4240, 1250,
199, 4246, 1251,
200, 4250, 1251,
201, 4257, 1253,
202, 4262, 1254,
203, 4266, 1254,
204, 4268, 1254,
205, 4267, 1255,
206, 4274, 1256,
207, 4280, 1257,
208, 4280, 1257,
209, 4284, 1257,
210, 4288, 1257,
211, 4290, 1258,
212, 4292, 1259,
213, 4294, 1258,
214, 4300, 1259,
215, 4306, 1262,
216, 4306, 1262,
217, 4309, 1261,
218, 4313, 1263,
219, 4314, 1262,
220, 4320, 1262,
221, 4326, 1263,
222, 4326, 1263,
223, 4330, 1265,
224, 4334, 1265,
225, 4336, 1266,
226, 4340, 1266,
227, 4344, 1268,
228, 4347, 1267,
229, 4348, 1268,
230, 4353, 1268,
231, 4355, 1267,
232, 4360, 1269,
233, 4366, 1270,
234, 4368, 1270,
235, 4368, 1271,
236, 4374, 1271,
237, 4380, 1273,
238, 4380, 1273,
239, 4384, 1273,
240, 4386, 1274,
241, 4390, 1274,
242, 4396, 1275,
243, 4394, 1274,
244, 4402, 1276,
245, 4404, 1276,
246, 4408, 1277,
247, 4408, 1277,
248, 4414, 1277,
249, 4418, 1278,
250, 4422, 1279,
251, 4424, 1279,
252, 4434, 1281,
253, 4436, 1280,
254, 4438, 1281,
255, 4442, 1283,
256, 4442, 1283,
257, 4448, 1283,
258, 4454, 1283,
259, 4454, 1284,
260, 4456, 1284,
261, 4462, 1285,
262, 4469, 1286,
263, 4468, 1286,
264, 4473, 1288,
265, 4475, 1287,
266, 4477, 1288,
267, 4483, 1289,
268, 4489, 1290,
269, 4489, 1290,
270, 4493, 1290,
271, 4495, 1291,
272, 4499, 1291,
273, 4501, 1292,
274, 4503, 1291,
275, 4509, 1292,
276, 4517, 1295,
277, 4519, 1294,
278, 4519, 1294,
279, 4525, 1295,
280, 4525, 1295,
281, 4529, 1295,
282, 4529, 1295,
283, 4535, 1296,
284, 4541, 1297,
285, 4543, 1298,
286, 4545, 1299,
287, 4549, 1299,
288, 4549, 1299,
289, 4555, 1300,
290, 4559, 1299,
291, 4563, 1301,
292, 4563, 1301,
293, 4569, 1302,
294, 4575, 1303,
295, 4577, 1302,
296, 4579, 1303,
297, 4583, 1303,
298, 4585, 1304,
299, 4591, 1304,
300, 4597, 1305,
301, 4599, 1306,
302, 4605, 1307,
303, 4609, 1307,
304, 4611, 1308,
305, 4611, 1308,
306, 4617, 1309,
307, 4624, 1310,
308, 4623, 1310,
309, 4627, 1310,
310, 4630, 1311,
311, 4631, 1310,
312, 4638, 1312,
313, 4642, 1313,
314, 4644, 1313,
315, 4648, 1314,
316, 4650, 1314,
317, 4652, 1314,
318, 4658, 1315,
319, 4657, 1316,
320, 4664, 1316,
321, 4668, 1317,
322, 4670, 1318,
323, 4672, 1318,
324, 4678, 1319,
325, 4684, 1320,
326, 4684, 1320,
327, 4688, 1320,
328, 4690, 1320,
329, 4690, 1320,
330, 4700, 1321,
331, 4706, 1322,
332, 4706, 1322,
333, 4708, 1323,
334, 4712, 1323,
335, 4712, 1323,
336, 4718, 1324,
337, 4722, 1326,
338, 4724, 1325,
339, 4726, 1326,
340, 4732, 1326,
341, 4734, 1327,
342, 4740, 1328,
343, 4746, 1329,
344, 4746, 1329,
345, 4750, 1329,
346, 4752, 1330,
347, 4754, 1329,
348, 4758, 1331,
349, 4764, 1332,
350, 4766, 1331,
351, 4764, 1332,
352, 4776, 1333,
353, 4780, 1333,
354, 4780, 1333,
355, 4786, 1334,
356, 4786, 1334,
357, 4790, 1336,
358, 4804, 1337,
359, 4800, 1337,
360, 4800, 1337,
361, 4806, 1337,
362, 4806, 1337,
363, 4812, 1338,
364, 4816, 1339,
365, 4818, 1339,
366, 4820, 1340,
367, 4824, 1340,
368, 4832, 1342,
369, 4834, 1341,
370, 4840, 1342,
371, 4842, 1343,
372, 4844, 1344,
373, 4848, 1344,
374, 4850, 1345,
375, 4854, 1345,
376, 4860, 1346,
377, 4860, 1346,
378, 4866, 1347,
379, 4868, 1347,
380, 4870, 1347,
381, 4876, 1349,
382, 4882, 1350,
383, 4880, 1349,
384, 4886, 1350,
385, 4890, 1350,
386, 4890, 1350,
387, 4896, 1352,
388, 4902, 1352,
389, 4902, 1353,
390, 4906, 1354,
391, 4908, 1354,
392, 4912, 1353,
393, 4916, 1355,
394, 4916, 1355,
395, 4924, 1356,
396, 4930, 1357,
397, 4930, 1357,
398, 4934, 1357,
399, 4936, 1358,
400, 4938, 1359,
401, 4949, 1360,
402, 4951, 1361,
403, 4951, 1361,
404, 4958, 1362,
405, 4965, 1361,
406, 4965, 1363,
407, 4969, 1363,
408, 4971, 1364,
409, 4975, 1364,
410, 4979, 1364,
411, 4985, 1365,
412, 4985, 1365,
413, 4989, 1365,
414, 4991, 1366,
415, 4995, 1366,
416, 5001, 1366,
417, 4999, 1368,
418, 5007, 1369,
419, 5011, 1369,
420, 5013, 1370,
421, 5017, 1370,
422, 5019, 1371,
423, 5021, 1370,
424, 5027, 1371,
425, 5033, 1372,
426, 5033, 1372,
427, 5037, 1374,
428, 5039, 1373,
429, 5043, 1374,
430, 5049, 1375,
431, 5049, 1375,
432, 5055, 1376,
433, 5061, 1377,
434, 5061, 1377,
435, 5065, 1377,
436, 5067, 1378,
437, 5069, 1379,
438, 5073, 1379,
439, 5083, 1380,
440, 5083, 1380,
441, 5085, 1380,
442, 5089, 1381,
443, 5091, 1381,
444, 5095, 1382,
445, 5102, 1384,
446, 5104, 1383,
447, 5108, 1383,
448, 5110, 1384,
449, 5114, 1385,
450, 5118, 1386,
451, 5120, 1385,
452, 5128, 1387,
453, 5130, 1388,
454, 5132, 1387,
455, 5138, 1389,
456, 5138, 1388,
457, 5146, 1389,
458, 5150, 1389,
459, 5152, 1390,
460, 5152, 1390,
461, 5158, 1391,
462, 5164, 1392,
463, 5164, 1392,
464, 5166, 1393,
465, 5174, 1392,
466, 5180, 1395,
467, 5180, 1395,
468, 5184, 1395,
469, 5186, 1396,
470, 5188, 1395,
471, 5192, 1397,
472, 5198, 1396,
473, 5201, 1397,
474, 5203, 1398,
475, 5207, 1398,
476, 5209, 1399,
477, 5217, 1399,
478, 5223, 1401,
479, 5223, 1401,
480, 5227, 1401,
481, 5229, 1402,
482, 5231, 1401,
483, 5235, 1403,
484, 5237, 1402,
485, 5243, 1403,
486, 5247, 1403,
487, 5251, 1405,
488, 5251, 1405,
489, 5257, 1406,
490, 5261, 1407,
491, 5263, 1407,
492, 5267, 1407,
493, 5271, 1407,
494, 5275, 1408,
495, 5277, 1409,
496, 5282, 1409,
497, 5284, 1410,
498, 5288, 1410,
499, 5294, 1411,
500, 5300, 1412,
501, 5302, 1413,
502, 5359, 1418,
503, 5371, 1419,
504, 5371, 1419,
505, 5369, 1420,
506, 5398, 1422,
507, 5404, 1421,
508, 5390, 1421,
509, 5398, 1421,
510, 5402, 1422,
511, 5407, 1421,
512, 5411, 1421,
513, 5411, 1421,
514, 5409, 1421,
515, 5417, 1421,
516, 5440, 1423,
517, 5419, 1420,
518, 5427, 1421,
519, 5436, 1421,
520, 5436, 1423,
521, 5440, 1423,
522, 5448, 1424,
523, 5465, 1423,
524, 5467, 1424,
525, 5481, 1426,
526, 5498, 1427,
527, 5475, 1425,
528, 5475, 1425,
529, 5490, 1425,
530, 5494, 1425,
531, 5490, 1425,
532, 5496, 1426,
533, 5498, 1425,
534, 5511, 1426,
535, 5517, 1428,
536, 5519, 1427,
537, 5524, 1428,
538, 5526, 1427,
539, 5526, 1427,
540, 5536, 1427,
541, 5536, 1427,
542, 5541, 1429,
543, 5543, 1428,
544, 5549, 1428,
545, 5553, 1428,
546, 5555, 1429,
547, 5558, 1428,
548, 5566, 1429,
549, 5570, 1429,
550, 5575, 1430,
551, 5577, 1429,
552, 5590, 1430,
553, 5596, 1431,
554, 5596, 1431,
555, 5604, 1432,
556, 5611, 1432,
557, 5613, 1432,
558, 5617, 1431,
559, 5619, 1432,
560, 5619, 1432,
561, 5626, 1433,
562, 5637, 1433,
563, 5639, 1433,
564, 5643, 1434,
565, 5647, 1433,
566, 5652, 1433,
567, 5656, 1434,
568, 5667, 1434,
569, 5667, 1434,
570, 5673, 1435,
571, 5675, 1434,
572, 5680, 1435,
573, 5686, 1436,
574, 5695, 1435,
575, 5695, 1435,
576, 5702, 1436,
577, 5704, 1435,
578, 5708, 1436,
579, 5715, 1437,
580, 5721, 1437,
581, 5725, 1437,
582, 5730, 1437,
583, 5734, 1438,
584, 5734, 1437,
585, 5745, 1437,
586, 5756, 1439,
587, 5758, 1440,
588, 5760, 1439,
589, 5765, 1438,
590, 5767, 1439,
591, 5771, 1440,
592, 5778, 1439,
593, 5782, 1439,
594, 5787, 1441,
595, 5793, 1439,
596, 5793, 1441,
597, 5802, 1441,
598, 5804, 1442,
599, 5813, 1441,
600, 5820, 1443,
601, 5829, 1442,
602, 5831, 1442,
603, 5836, 1443,
604, 5842, 1443,
605, 5849, 1444,
606, 5851, 1443,
607, 5856, 1443,
608, 5862, 1443,
609, 5869, 1443,
610, 5869, 1443,
611, 5874, 1445,
612, 5878, 1445,
613, 5878, 1445,
614, 5887, 1444,
615, 5896, 1445,
616, 5896, 1445,
617, 5903, 1444,
618, 5905, 1445,
619, 5909, 1445,
620, 5914, 1445,
621, 5914, 1446,
622, 5923, 1445,
623, 5930, 1446,
624, 5932, 1447,
625, 5937, 1446,
626, 5941, 1446,
627, 5950, 1447,
628, 5952, 1446,
629, 5959, 1447,
630, 5959, 1448,
631, 5966, 1447,
632, 5971, 1449,
633, 5980, 1448,
634, 5980, 1448,
635, 5986, 1449,
636, 5989, 1448,
637, 5993, 1449,
638, 6000, 1450,
639, 6000, 1450,
640, 6009, 1449,
641, 6016, 1450,
642, 6021, 1449,
643, 6023, 1450,
644, 6028, 1451,
645, 6030, 1451,
646, 6041, 1451,
647, 6046, 1451,
648, 6053, 1451,
649, 6057, 1452,
650, 6064, 1453,
651, 6064, 1451,
652, 6078, 1452,
653, 6085, 1452,
654, 6092, 1453,
655, 6094, 1452,
656, 6099, 1453,
657, 6101, 1454,
658, 6106, 1454,
659, 6113, 1454,
660, 6120, 1455,
661, 6122, 1454,
662, 6129, 1454,
663, 6131, 1454,
664, 6136, 1455,
665, 6143, 1455,
666, 6150, 1456,
667, 6155, 1456,
668, 6159, 1455,
669, 6155, 1455,
670, 6174, 1456,
671, 6176, 1457,
672, 6185, 1457,
673, 6181, 1457,
674, 6183, 1457,
675, 6186, 1456,
676, 6190, 1456,
677, 6198, 1456,
678, 6207, 1458,
679, 6207, 1458,
680, 6209, 1457,
681, 6216, 1457,
682, 6228, 1459,
683, 6228, 1459,
684, 6230, 1458,
685, 6235, 1458,
686, 6237, 1459,
687, 6256, 1460,
688, 6254, 1460,
689, 6263, 1460,
690, 6270, 1459,
691, 6275, 1460,
692, 6273, 1461,
693, 6283, 1461,
694, 6285, 1461,
695, 6295, 1461,
696, 6304, 1462,
697, 6306, 1461,
698, 6308, 1460,
699, 6313, 1462,
700, 6320, 1461,
701, 6316, 1462,
702, 6326, 1462,
703, 6329, 1460,
704, 6331, 1461,
705, 6338, 1462,
706, 6345, 1462,
707, 6347, 1463,
708, 6353, 1463,
709, 6367, 1463,
710, 6377, 1463,
711, 6369, 1463,
712, 6379, 1464,
713, 6374, 1464,
714, 6382, 1463,
715, 6406, 1465,
716, 6403, 1466,
717, 6408, 1464,
718, 6406, 1465,
719, 6411, 1464,
720, 6420, 1466,
721, 6435, 1467,
722, 6433, 1466,
723, 6433, 1466,
724, 6445, 1466,
725, 6438, 1465,
726, 6450, 1468,
727, 6457, 1466,
728, 6467, 1468,
729, 6472, 1467,
730, 6462, 1466,
731, 6470, 1466,
732, 6470, 1466,
733, 6487, 1468,
734, 6485, 1467,
735, 6492, 1468,
736, 6509, 1469,
737, 6511, 1469,
738, 6517, 1468,
739, 6517, 1468,
740, 6520, 1469,
741, 6529, 1468,
742, 6527, 1469,
743, 6529, 1468,
744, 6534, 1470,
745, 6534, 1470,
746, 6542, 1468,
747, 6552, 1469,
748, 6555, 1470,
749, 6560, 1470,
750, 6564, 1470,
751, 6567, 1470,
752, 6579, 1471,
753, 6585, 1470,
754, 6585, 1470,
755, 6595, 1470,
756, 6602, 1470,
757, 6607, 1470,
758, 6622, 1471,
759, 6625, 1472,
760, 6627, 1472,
761, 6635, 1473,
762, 6642, 1473,
763, 6638, 1472,
764, 6643, 1473,
765, 6657, 1473,
766, 6657, 1473,
767, 6673, 1474,
768, 6680, 1474,
769, 6680, 1474,
770, 6686, 1474,
771, 6686, 1475,
772, 6683, 1474,
773, 6691, 1475,
774, 6696, 1474,
775, 6699, 1474,
776, 6704, 1475,
777, 6712, 1475,
778, 6709, 1475,
779, 6722, 1475,
780, 6729, 1475,
781, 6747, 1477,
782, 6747, 1476,
783, 6745, 1476,
784, 6745, 1476,
785, 6753, 1475,
786, 6768, 1476,
787, 6768, 1478,
788, 6768, 1476,
789, 6776, 1476,
790, 6779, 1477,
791, 6789, 1478,
792, 6797, 1477,
793, 6797, 1478,
794, 6809, 1477,
795, 6817, 1478,
796, 6817, 1479,
797, 6827, 1479,
798, 6838, 1480,
799, 6841, 1479,
800, 6838, 1478,
801, 6838, 1480,
802, 6852, 1478,
803, 6860, 1479,
804, 6862, 1480,
805, 6870, 1480,
806, 6875, 1480,
807, 6878, 1481,
808, 6890, 1481,
809, 6901, 1482,
810, 6901, 1480,
811, 6902, 1481,
812, 6907, 1481,
813, 6912, 1481,
814, 6915, 1480,
815, 6931, 1477,
816, 6933, 1482,
817, 6939, 1482,
818, 6944, 1483,
819, 6947, 1482,
820, 6955, 1483,
821, 6963, 1483,
822, 6971, 1483,
823, 6979, 1482,
824, 6976, 1483,
825, 6987, 1484,
826, 6992, 1484,
827, 6992, 1484,
828, 6998, 1483,
829, 7011, 1484,
830, 7016, 1485,
831, 7019, 1484,
832, 7024, 1484,
833, 7024, 1484,
834, 7028, 1484,
835, 7049, 1485,
836, 7038, 1484,
837, 7044, 1485,
838, 7046, 1485,
839, 7052, 1484,
840, 7060, 1485,
841, 7068, 1485,
842, 7071, 1486,
843, 7079, 1486,
844, 7089, 1486,
845, 7085, 1486,
846, 7100, 1486,
847, 7103, 1486,
848, 7103, 1486,
849, 7109, 1487,
850, 7115, 1487,
851, 7117, 1488,
852, 7134, 1487,
853, 7136, 1488,
854, 7142, 1487,
855, 7150, 1488,
856, 7161, 1488,
857, 7161, 1489,
858, 7171, 1489,
859, 7169, 1488,
860, 7175, 1489,
861, 7183, 1490,
862, 7196, 1489,
863, 7199, 1490,
864, 7204, 1489,
865, 7208, 1489,
866, 7216, 1490,
867, 7216, 1490,
868, 7224, 1490,
869, 7227, 1491,
870, 7233, 1491,
871, 6958, 1368,
872, 7145, 1478,
873, 7266, 1492,
874, 7273, 1493,
875, 7275, 1493,
876, 7277, 1492,
877, 7289, 1493,
878, 7296, 1494,
879, 7302, 1492,
880, 7304, 1493,
881, 7310, 1494,
882, 7315, 1494,
883, 7325, 1494,
884, 7333, 1494,
885, 7332, 1495,
886, 7344, 1494,
887, 7346, 1493,
888, 7355, 1495,
889, 7357, 1495,
890, 7359, 1494,
891, 7367, 1494,
892, 7378, 1496,
893, 7380, 1495,
894, 7386, 1495,
895, 7393, 1496,
896, 7395, 1495,
897, 7404, 1496,
898, 7404, 1496,
899, 7418, 1496,
900, 7423, 1496,
901, 7442, 1496,
902, 7438, 1497,
903, 7446, 1496,
904, 7453, 1497,
905, 7455, 1497,
906, 7464, 1497,
907, 7464, 1497,
908, 7478, 1497,
909, 7487, 1499,
910, 7487, 1499,
911, 7496, 1498,
912, 7498, 1499,
913, 7500, 1498,
914, 7511, 1500,
915, 7522, 1499,
916, 7522, 1499,
917, 7530, 1500,
918, 7530, 1500,
919, 7533, 1499,
920, 7545, 1500,
921, 7554, 1500,
922, 7556, 1499,
923, 7559, 1500,
924, 7569, 1500,
925, 7580, 1500,
926, 7580, 1500,
927, 7583, 1501,
928, 7591, 1500,
929, 7595, 1501,
930, 7604, 1500,
931, 7615, 1500,
932, 7615, 1502,
933, 7622, 1501,
934, 7628, 1502,
935, 7631, 1502,
936, 7639, 1501,
937, 7652, 1501,
938, 7655, 1502,
939, 7661, 1502,
940, 7664, 1503,
941, 7666, 1502,
942, 7679, 1503,
943, 7679, 1503,
944, 7688, 1503,
945, 7697, 1503,
946, 7699, 1503,
947, 7706, 1504,
948, 7712, 1504,
949, 7714, 1503,
950, 7730, 1504,
951, 7739, 1503,
952, 7739, 1505,
953, 7750, 1505,
954, 7759, 1505,
955, 7759, 1505,
956, 7766, 1505,
957, 7775, 1505,
958, 7775, 1505,
959, 7786, 1505,
960, 7799, 1505,
961, 7799, 1505,
962, 7809, 1506,
963, 7811, 1505,
964, 7818, 1506,
965, 7822, 1505,
966, 7827, 1505,
967, 7836, 1506,
968, 7845, 1506,
969, 7847, 1505,
970, 7854, 1507,
971, 7861, 1506,
972, 7863, 1505,
973, 7872, 1506,
974, 7872, 1506,
975, 7886, 1508,
976, 7895, 1507,
977, 7897, 1508,
978, 7900, 1507,
979, 7913, 1508,
980, 7922, 1508,
981, 7922, 1508,
982, 7931, 1509,
983, 7934, 1508,
984, 7941, 1508,
985, 7947, 1509,
986, 7950, 1508,
987, 7959, 1509,
988, 7968, 1509,
989, 7973, 1509,
990, 7978, 1508,
991, 7985, 1509,
992, 7985, 1509,
993, 7996, 1509,
994, 8003, 1510,
995, 8010, 1509,
996, 8017, 1509,
997, 8019, 1510,
998, 8019, 1510,
999, 5982, 1364,
1000, 3567, 1143,
