1, 3544, 217,
2, 3569, 448,
3, 3569, 448,
4, 3569, 446,
5, 3572, 447,
6, 3572, 447,
7, 3572, 447,
8, 3572, 447,
9, 3572, 447,
10, 3577, 446,
11, 3585, 447,
12, 3585, 446,
13, 3590, 447,
14, 3590, 447,
15, 3595, 446,
16, 3595, 447,
17, 3601, 447,
18, 3601, 447,
19, 3609, 448,
20, 3614, 447,
21, 3616, 447,
22, 3619, 448,
23, 3619, 448,
24, 3624, 447,
25, 3629, 448,
26, 3629, 448,
27, 3634, 447,
28, 3640, 449,
29, 3640, 449,
30, 3645, 448,
31, 3645, 448,
32, 3650, 449,
33, 3655, 450,
34, 3660, 449,
35, 3660, 449,
36, 3665, 449,
37, 3665, 449,
38, 3670, 450,
39, 3675, 450,
40, 3675, 450,
41, 3681, 450,
42, 3681, 451,
43, 3684, 452,
44, 3694, 450,
45, 3699, 451,
46, 3699, 451,
47, 3699, 453,
48, 3704, 452,
49, 3704, 452,
50, 3709, 453,
51, 3715, 452,
52, 3720, 453,
53, 3722, 453,
54, 3725, 452,
55, 3730, 453,
56, 3740, 452,
57, 3738, 454,
58, 3743, 453,
59, 3745, 453,
60, 3745, 455,
61, 3751, 454,
62, 3756, 455,
63, 3759, 454,
64, 3761, 454,
65, 3764, 455,
66, 3771, 454,
67, 3771, 454,
68, 3771, 456,
69, 3776, 455,
70, 3776, 455,
71, 3781, 456,
72, 3787, 457,
73, 3790, 457,
74, 3795, 457,
75, 3800, 456,
76, 3803, 457,
77, 3805, 457,
78, 3810, 457,
79, 3810, 457,
80, 3812, 457,
81, 3816, 458,
82, 3816, 458,
83, 3821, 459,
84, 3826, 458,
85, 3831, 458,
86, 3831, 459,
87, 3836, 459,
88, 3836, 459,
89, 3841, 459,
90, 3852, 459,
91, 3852, 461,
92, 3857, 460,
93, 3862, 459,
94, 3862, 461,
95, 3867, 460,
96, 3872, 461,
97, 3872, 461,
98, 3877, 460,
99, 3877, 462,
100, 3877, 462,
101, 3888, 462,
102, 3893, 461,
103, 3893, 463,
104, 3898, 462,
105, 3898, 462,
106, 3903, 463,
107, 3908, 464,
108, 3912, 464,
109, 3917, 463,
110, 3918, 463,
111, 3922, 464,
112, 3927, 463,
113, 3927, 463,
114, 3932, 464,
115, 3937, 465,
116, 3937, 465,
117, 3943, 464,
118, 3943, 466,
119, 3943, 466,
120, 3953, 464,
121, 3955, 466,
122, 3958, 465,
123, 3960, 465,
124, 3963, 466,
125, 3970, 465,
126, 3968, 467,
127, 3973, 466,
128, 3979, 467,
129, 3979, 467,
130, 3985, 466,
131, 3985, 466,
132, 3991, 467,
133, 3994, 468,
134, 3996, 468,
135, 4004, 468,
136, 4004, 469,
137, 4010, 468,
138, 4015, 469,
139, 4020, 469,
140, 4020, 469,
141, 4025, 469,
142, 4025, 469,
143, 4030, 470,
144, 4030, 470,
145, 4039, 470,
146, 4040, 470,
147, 4042, 470,
148, 4046, 471,
149, 4046, 471,
150, 4051, 472,
151, 4051, 472,
152, 4061, 472,
153, 4066, 471,
154, 4066, 471,
155, 4071, 472,
156, 4073, 472,
157, 4077, 473,
158, 4078, 473,
159, 4087, 473,
160, 4087, 474,
161, 4097, 473,
162, 4102, 474,
163, 4102, 474,
164, 4102, 475,
165, 4108, 474,
166, 4108, 474,
167, 4113, 475,
168, 4123, 475,
169, 4123, 475,
170, 4123, 475,
171, 4128, 476,
172, 4128, 476,
173, 4133, 476,
174, 4133, 476,
175, 4138, 476,
176, 4144, 477,
177, 4144, 477,
178, 4149, 477,
179, 4154, 477,
180, 4154, 477,
181, 4159, 478,
182, 4164, 477,
183, 4164, 477,
184, 4169, 478,
185, 4169, 478,
186, 4175, 479,
187, 4180, 478,
188, 4185, 479,
189, 4185, 479,
190, 4195, 480,
191, 4190, 480,
192, 4195, 479,
193, 4200, 481,
194, 4211, 480,
195, 4211, 480,
196, 4211, 481,
197, 4216, 481,
198, 4216, 481,
199, 4221, 482,
200, 4226, 482,
201, 4231, 482,
202, 4236, 483,
203, 4240, 482,
204, 4242, 482,
205, 4247, 483,
206, 4247, 483,
207, 4247, 484,
208, 4252, 483,
209, 4252, 483,
210, 4262, 484,
211, 4262, 484,
212, 4267, 484,
213, 4267, 484,
214, 4272, 485,
215, 4276, 485,
216, 4279, 485,
217, 4283, 485,
218, 4284, 485,
219, 4288, 485,
220, 4293, 486,
221, 4298, 486,
222, 4303, 487,
223, 4299, 486,
224, 4309, 488,
225, 4309, 488,
226, 4318, 488,
227, 4319, 488,
228, 4324, 487,
229, 4324, 488,
230, 4329, 488,
231, 4334, 489,
232, 4334, 489,
233, 4340, 489,
234, 4345, 489,
235, 4345, 489,
236, 4350, 490,
237, 4350, 490,
238, 4355, 489,
239, 4360, 490,
240, 4360, 490,
241, 4365, 491,
242, 4370, 490,
243, 4376, 491,
244, 4376, 491,
245, 4376, 491,
246, 4381, 491,
247, 4381, 491,
248, 4387, 491,
249, 4391, 492,
250, 4396, 492,
251, 4401, 493,
252, 4412, 493,
253, 4412, 493,
254, 4417, 492,
255, 4417, 494,
256, 4422, 493,
257, 4426, 494,
258, 4432, 493,
259, 4432, 493,
260, 4437, 494,
261, 4437, 494,
262, 4437, 496,
263, 4443, 495,
264, 4443, 495,
265, 4448, 496,
266, 4453, 496,
267, 4458, 496,
268, 4458, 496,
269, 4463, 497,
270, 4463, 497,
271, 4468, 496,
272, 4474, 497,
273, 4474, 497,
274, 4479, 498,
275, 4484, 497,
276, 4484, 497,
277, 4489, 498,
278, 4489, 498,
279, 4499, 499,
280, 4504, 498,
281, 4499, 499,
282, 4510, 499,
283, 4515, 498,
284, 4514, 500,
285, 4520, 499,
286, 4525, 500,
287, 4525, 500,
288, 4530, 501,
289, 4530, 501,
290, 4535, 500,
291, 4540, 501,
292, 4541, 501,
293, 4546, 500,
294, 4551, 501,
295, 4551, 501,
296, 4556, 502,
297, 4556, 502,
298, 4561, 501,
299, 4566, 502,
300, 4572, 503,
301, 4576, 504,
302, 4577, 504,
303, 4582, 503,
304, 4582, 503,
305, 4587, 504,
306, 4596, 503,
307, 4596, 503,
308, 4602, 504,
309, 4607, 505,
310, 4607, 505,
311, 4612, 506,
312, 4612, 506,
313, 4617, 505,
314, 4622, 506,
315, 4622, 506,
316, 4627, 505,
317, 4633, 506,
318, 4633, 506,
319, 4638, 507,
320, 4643, 506,
321, 4648, 507,
322, 4648, 507,
323, 4653, 506,
324, 4653, 508,
325, 4653, 508,
326, 4658, 509,
327, 4664, 508,
328, 4669, 509,
329, 4669, 509,
330, 4674, 508,
331, 4674, 508,
332, 4679, 509,
333, 4684, 510,
334, 4689, 509,
335, 4689, 509,
336, 4695, 510,
337, 4695, 510,
338, 4700, 511,
339, 4705, 512,
340, 4705, 512,
341, 4710, 511,
342, 4715, 510,
343, 4725, 511,
344, 4720, 511,
345, 4720, 513,
346, 4730, 512,
347, 4730, 512,
348, 4735, 513,
349, 4740, 514,
350, 4746, 513,
351, 4746, 513,
352, 4756, 513,
353, 4756, 513,
354, 4756, 513,
355, 4761, 514,
356, 4766, 515,
357, 4771, 514,
358, 4771, 516,
359, 4777, 515,
360, 4777, 515,
361, 4782, 516,
362, 4787, 517,
363, 4787, 517,
364, 4792, 516,
365, 4797, 515,
366, 4797, 517,
367, 4802, 516,
368, 4808, 517,
369, 4808, 517,
370, 4808, 517,
371, 4813, 518,
372, 4823, 518,
373, 4823, 518,
374, 4828, 518,
375, 4828, 519,
376, 4833, 519,
377, 4838, 518,
378, 4843, 519,
379, 4843, 519,
380, 4848, 520,
381, 4854, 519,
382, 4854, 519,
383, 4859, 520,
384, 4864, 520,
385, 4864, 521,
386, 4864, 521,
387, 4869, 522,
388, 4874, 521,
389, 4880, 522,
390, 4880, 522,
391, 4885, 521,
392, 4890, 522,
393, 4890, 522,
394, 4895, 523,
395, 4900, 522,
396, 4900, 522,
397, 4905, 523,
398, 4911, 524,
399, 4911, 524,
400, 4916, 523,
401, 4921, 524,
402, 4926, 523,
403, 4926, 525,
404, 4931, 524,
405, 4931, 524,
406, 4936, 525,
407, 4942, 526,
408, 4942, 526,
409, 4947, 525,
410, 4957, 526,
411, 4957, 526,
412, 4962, 526,
413, 4962, 527,
414, 4967, 526,
415, 4972, 527,
416, 4972, 527,
417, 4978, 528,
418, 4978, 528,
419, 4983, 527,
420, 4988, 528,
421, 4988, 528,
422, 4993, 529,
423, 4998, 528,
424, 4998, 528,
425, 5004, 529,
426, 5009, 528,
427, 5009, 530,
428, 5014, 529,
429, 5019, 530,
430, 5019, 530,
431, 5024, 529,
432, 5024, 531,
433, 5029, 530,
434, 5040, 531,
435, 5045, 531,
436, 5045, 531,
437, 5050, 532,
438, 5050, 532,
439, 5050, 532,
440, 5055, 532,
441, 5055, 532,
442, 5066, 533,
443, 5066, 533,
444, 5071, 533,
445, 5071, 533,
446, 5076, 533,
447, 5076, 534,
448, 5081, 533,
449, 5086, 534,
450, 5091, 534,
451, 5091, 535,
452, 5102, 535,
453, 5102, 535,
454, 5107, 535,
455, 5107, 536,
456, 5107, 536,
457, 5117, 535,
458, 5123, 536,
459, 5128, 536,
460, 5128, 537,
461, 5133, 537,
462, 5133, 537,
463, 5138, 538,
464, 5143, 538,
465, 5149, 538,
466, 5149, 538,
467, 5154, 537,
468, 5154, 539,
469, 5159, 538,
470, 5164, 539,
471, 5164, 539,
472, 5169, 538,
473, 5175, 539,
474, 5175, 539,
475, 5180, 540,
476, 5185, 540,
477, 5185, 540,
478, 5190, 540,
479, 5190, 540,
480, 5195, 541,
481, 5201, 540,
482, 5206, 541,
483, 5206, 541,
484, 5211, 542,
485, 5216, 542,
486, 5221, 541,
487, 5221, 543,
488, 5227, 542,
489, 5232, 543,
490, 5232, 543,
491, 5237, 542,
492, 5237, 542,
493, 5242, 543,
494, 5247, 544,
495, 5247, 544,
496, 5253, 543,
497, 5258, 544,
498, 5263, 545,
499, 5263, 545,
500, 5263, 545,
501, 5289, 545,
502, 5321, 547,
503, 5342, 546,
504, 5352, 546,
505, 5358, 548,
506, 5358, 547,
507, 5358, 548,
508, 5363, 548,
509, 5363, 548,
510, 5379, 548,
511, 5373, 549,
512, 5373, 547,
513, 5389, 548,
514, 5389, 548,
515, 5395, 549,
516, 5395, 549,
517, 5395, 549,
518, 5411, 549,
519, 5400, 549,
520, 5416, 548,
521, 5427, 548,
522, 5432, 549,
523, 5432, 550,
524, 5432, 549,
525, 5427, 549,
526, 5443, 550,
527, 5453, 550,
528, 5443, 548,
529, 5443, 548,
530, 5454, 549,
531, 5454, 549,
532, 5459, 549,
533, 5459, 550,
534, 5470, 550,
535, 5464, 550,
536, 5475, 549,
537, 5486, 550,
538, 5486, 550,
539, 5492, 550,
540, 5492, 550,
541, 5497, 550,
542, 5503, 551,
543, 5508, 550,
544, 5508, 550,
545, 5524, 550,
546, 5524, 550,
547, 5524, 550,
548, 5529, 550,
549, 5535, 552,
550, 5546, 550,
551, 5541, 551,
552, 5552, 552,
553, 5557, 551,
554, 5578, 552,
555, 5584, 552,
556, 5589, 553,
557, 5595, 552,
558, 5595, 553,
559, 5601, 552,
560, 5612, 554,
561, 5606, 552,
562, 5612, 554,
563, 5617, 553,
564, 5617, 553,
565, 5617, 553,
566, 5629, 552,
567, 5629, 552,
568, 5629, 552,
569, 5634, 553,
570, 5639, 552,
571, 5656, 553,
572, 5651, 552,
573, 5651, 554,
574, 5662, 553,
575, 5667, 554,
576, 5662, 553,
577, 5673, 553,
578, 5679, 554,
579, 5679, 554,
580, 5684, 553,
581, 5684, 555,
582, 5684, 555,
583, 5696, 554,
584, 5701, 555,
585, 5701, 555,
586, 5706, 554,
587, 5712, 555,
588, 5718, 554,
589, 5718, 555,
590, 5735, 554,
591, 5735, 554,
592, 5735, 554,
593, 5752, 555,
594, 5752, 555,
595, 5752, 555,
596, 5752, 555,
597, 5774, 556,
598, 5774, 554,
599, 5774, 554,
600, 5786, 556,
601, 5791, 556,
602, 5791, 555,
603, 5798, 557,
604, 5798, 557,
605, 5803, 556,
606, 5808, 555,
607, 5815, 557,
608, 5820, 556,
609, 5820, 556,
610, 5826, 556,
611, 5826, 556,
612, 5837, 557,
613, 5843, 556,
614, 5843, 556,
615, 5855, 556,
616, 5855, 557,
617, 5855, 557,
618, 5872, 558,
619, 5877, 557,
620, 5877, 557,
621, 5883, 558,
622, 5889, 558,
623, 5889, 558,
624, 5900, 558,
625, 5900, 558,
626, 5900, 558,
627, 5912, 558,
628, 5912, 558,
629, 5923, 558,
630, 5918, 557,
631, 5930, 558,
632, 5930, 558,
633, 5935, 558,
634, 5935, 559,
635, 5947, 559,
636, 5947, 559,
637, 5947, 559,
638, 5953, 560,
639, 5965, 559,
640, 5970, 559,
641, 5970, 559,
642, 5976, 559,
643, 5982, 560,
644, 5982, 560,
645, 6006, 559,
646, 6000, 560,
647, 6000, 560,
648, 6006, 559,
649, 6006, 559,
650, 6018, 559,
651, 6023, 560,
652, 6023, 560,
653, 6035, 559,
654, 6041, 559,
655, 6041, 560,
656, 6053, 560,
657, 6053, 560,
658, 6064, 560,
659, 6077, 561,
660, 6077, 561,
661, 6082, 560,
662, 6089, 561,
663, 6082, 560,
664, 6095, 562,
665, 6095, 562,
666, 6095, 562,
667, 6107, 561,
668, 6107, 561,
669, 6113, 562,
670, 6113, 562,
671, 6125, 562,
672, 6125, 562,
673, 6131, 562,
674, 6149, 561,
675, 6154, 562,
676, 6160, 561,
677, 6160, 563,
678, 6154, 562,
679, 6167, 562,
680, 6167, 562,
681, 6173, 563,
682, 6173, 563,
683, 6185, 562,
684, 6191, 563,
685, 6191, 563,
686, 6203, 563,
687, 6203, 563,
688, 6209, 562,
689, 6209, 564,
690, 6216, 564,
691, 6222, 563,
692, 6222, 563,
693, 6227, 564,
694, 6240, 564,
695, 6240, 564,
696, 6246, 563,
697, 6246, 564,
698, 6259, 564,
699, 6259, 564,
700, 6264, 563,
701, 6264, 563,
702, 6277, 564,
703, 6283, 564,
704, 6288, 563,
705, 6296, 565,
706, 6301, 564,
707, 6301, 564,
708, 6314, 564,
709, 6314, 564,
710, 6320, 565,
711, 6333, 564,
712, 6338, 565,
713, 6333, 564,
714, 6338, 565,
715, 6338, 565,
716, 6351, 565,
717, 6357, 565,
718, 6357, 565,
719, 6357, 565,
720, 6370, 565,
721, 6376, 566,
722, 6376, 564,
723, 6389, 565,
724, 6389, 565,
725, 6395, 565,
726, 6395, 566,
727, 6395, 566,
728, 6414, 567,
729, 6427, 566,
730, 6432, 566,
731, 6427, 566,
732, 6432, 566,
733, 6432, 566,
734, 6451, 566,
735, 6451, 566,
736, 6465, 567,
737, 6471, 567,
738, 6471, 567,
739, 6465, 566,
740, 6471, 567,
741, 6484, 568,
742, 6484, 566,
743, 6484, 568,
744, 6490, 567,
745, 6490, 567,
746, 6503, 567,
747, 6503, 567,
748, 6516, 568,
749, 6522, 567,
750, 6522, 567,
751, 6522, 567,
752, 6541, 567,
753, 6541, 567,
754, 6555, 567,
755, 6555, 569,
756, 6561, 568,
757, 6561, 568,
758, 6574, 567,
759, 6574, 567,
760, 6574, 569,
761, 6580, 568,
762, 6600, 569,
763, 6605, 568,
764, 6613, 568,
765, 6613, 568,
766, 6619, 569,
767, 6619, 569,
768, 6633, 569,
769, 6639, 570,
770, 6639, 570,
771, 6644, 569,
772, 6644, 569,
773, 6652, 569,
774, 6664, 569,
775, 6664, 569,
776, 6678, 569,
777, 6678, 569,
778, 6684, 570,
779, 6692, 570,
780, 6692, 570,
781, 6698, 571,
782, 6712, 571,
783, 6712, 571,
784, 6712, 571,
785, 6712, 571,
786, 6717, 570,
787, 6717, 570,
788, 6726, 570,
789, 6732, 571,
790, 6737, 570,
791, 6737, 570,
792, 6751, 570,
793, 6757, 571,
794, 6763, 570,
795, 6771, 572,
796, 6771, 572,
797, 6783, 570,
798, 6791, 572,
799, 6797, 572,
800, 6791, 571,
801, 6812, 571,
802, 6812, 571,
803, 6812, 571,
804, 6812, 571,
805, 6812, 571,
806, 6832, 572,
807, 6838, 571,
808, 6838, 571,
809, 6852, 572,
810, 6852, 572,
811, 6858, 571,
812, 6858, 571,
813, 6858, 571,
814, 6878, 572,
815, 6872, 572,
816, 6887, 572,
817, 6887, 572,
818, 6898, 572,
819, 6907, 572,
820, 6907, 572,
821, 6913, 573,
822, 6927, 573,
823, 6927, 573,
824, 6933, 572,
825, 6933, 572,
826, 6933, 572,
827, 6942, 573,
828, 6948, 572,
829, 6948, 573,
830, 6963, 573,
831, 6963, 573,
832, 6969, 572,
833, 6983, 573,
834, 6983, 573,
835, 6983, 573,
836, 6995, 574,
837, 6995, 574,
838, 7004, 574,
839, 7016, 574,
840, 7010, 573,
841, 7025, 574,
842, 7031, 574,
843, 7040, 574,
844, 7046, 573,
845, 7046, 573,
846, 7046, 573,
847, 7052, 574,
848, 7061, 574,
849, 7073, 574,
850, 7073, 574,
851, 7087, 574,
852, 7093, 573,
853, 7093, 575,
854, 7102, 575,
855, 7109, 574,
856, 7102, 575,
857, 7109, 574,
858, 7130, 575,
859, 7130, 575,
860, 7130, 575,
861, 7145, 574,
862, 7139, 575,
863, 7145, 574,
864, 7145, 574,
865, 7160, 576,
866, 7166, 575,
867, 7166, 575,
868, 7166, 575,
869, 7181, 575,
870, 7181, 576,
871, 7193, 575,
872, 7209, 576,
873, 7203, 577,
874, 7203, 575,
875, 7209, 576,
876, 7224, 575,
877, 7230, 575,
878, 7245, 576,
879, 7239, 577,
880, 7245, 576,
881, 7252, 575,
882, 7245, 576,
883, 7267, 576,
884, 7267, 576,
885, 7273, 576,
886, 7273, 576,
887, 7289, 577,
888, 7295, 576,
889, 7289, 577,
890, 7304, 576,
891, 7310, 577,
892, 7310, 577,
893, 7316, 576,
894, 7332, 576,
895, 7332, 576,
896, 7332, 578,
897, 7338, 577,
898, 7338, 577,
899, 7354, 576,
900, 7370, 578,
901, 7370, 578,
902, 7370, 578,
903, 7392, 578,
904, 7392, 578,
905, 7392, 578,
906, 7398, 577,
907, 7398, 577,
908, 7414, 579,
909, 7420, 578,
910, 7420, 578,
911, 7420, 578,
912, 7436, 577,
913, 7436, 577,
914, 7452, 579,
915, 7452, 579,
916, 7452, 579,
917, 7458, 578,
918, 7458, 578,
919, 7474, 579,
920, 7480, 578,
921, 7480, 578,
922, 7496, 579,
923, 7496, 579,
924, 7503, 579,
925, 7503, 579,
926, 7513, 579,
927, 7519, 578,
928, 7525, 579,
929, 7525, 579,
930, 7541, 579,
931, 7548, 580,
932, 7548, 578,
933, 7564, 579,
934, 7558, 580,
935, 7564, 579,
936, 7570, 578,
937, 7570, 578,
938, 7586, 580,
939, 7586, 580,
940, 7603, 579,
941, 7603, 579,
942, 7609, 580,
943, 7609, 580,
944, 7626, 580,
945, 7632, 579,
946, 7632, 580,
947, 7648, 580,
948, 7648, 580,
949, 7648, 580,
950, 7655, 579,
951, 7671, 580,
952, 7671, 580,
953, 7678, 580,
954, 7678, 580,
955, 7694, 581,
956, 7694, 581,
957, 7701, 580,
958, 7711, 581,
959, 7717, 580,
960, 7717, 581,
961, 7724, 581,
962, 7734, 581,
963, 7741, 580,
964, 7741, 580,
965, 7757, 581,
966, 7757, 581,
967, 7764, 581,
968, 7764, 581,
969, 7781, 580,
970, 7787, 581,
971, 7787, 581,
972, 7798, 581,
973, 7804, 581,
974, 7804, 581,
975, 7810, 582,
976, 7827, 581,
977, 7827, 581,
978, 7827, 581,
979, 7838, 581,
980, 7845, 581,
981, 7851, 582,
982, 7862, 582,
983, 7862, 582,
984, 7868, 581,
985, 7868, 583,
986, 7892, 582,
987, 7892, 582,
988, 7892, 582,
989, 7892, 582,
990, 7898, 581,
991, 7909, 583,
992, 7909, 583,
993, 7916, 582,
994, 7933, 582,
995, 7933, 582,
996, 7939, 582,
997, 7950, 583,
998, 7957, 582,
999, 7957, 582,
1000, 7963, 581,
