1, 3559, 3908,
2, 3532, 6018,
3, 3528, 6005,
4, 3529, 5992,
5, 3531, 5987,
6, 3531, 5980,
7, 3532, 5978,
8, 3535, 5978,
9, 3540, 5980,
10, 3540, 5980,
11, 3544, 5981,
12, 3546, 5981,
13, 3548, 5982,
14, 3551, 5985,
15, 3552, 5984,
16, 3558, 5987,
17, 3562, 5988,
18, 3564, 5991,
19, 3566, 5991,
20, 3570, 5996,
21, 3576, 5999,
22, 3577, 5999,
23, 3580, 6002,
24, 3583, 6003,
25, 3585, 6003,
26, 3590, 6008,
27, 3596, 6013,
28, 3596, 6013,
29, 3601, 6015,
30, 3602, 6016,
31, 3604, 6018,
32, 3609, 6023,
33, 3609, 6021,
34, 3616, 6026,
35, 3620, 6032,
36, 3622, 6032,
37, 3628, 6035,
38, 3628, 6036,
39, 3631, 6038,
40, 3635, 6040,
41, 3635, 6042,
42, 3641, 6046,
43, 3646, 6051,
44, 3647, 6052,
45, 3651, 6055,
46, 3654, 6057,
47, 3656, 6059,
48, 3661, 6062,
49, 3661, 6064,
50, 3667, 6068,
51, 3672, 6074,
52, 3675, 6075,
53, 3680, 6080,
54, 3686, 6085,
55, 3687, 6085,
56, 3690, 6089,
57, 3693, 6091,
58, 3694, 6093,
59, 3699, 6096,
60, 3706, 6102,
61, 3706, 6103,
62, 3711, 6107,
63, 3712, 6108,
64, 3716, 6110,
65, 3719, 6113,
66, 3720, 6114,
67, 3725, 6118,
68, 3725, 6119,
69, 3732, 6125,
70, 3737, 6129,
71, 3738, 6130,
72, 3741, 6132,
73, 3744, 6135,
74, 3745, 6135,
75, 3751, 6141,
76, 3756, 6147,
77, 3758, 6148,
78, 3761, 6150,
79, 3764, 6153,
80, 3766, 6156,
81, 3770, 6159,
82, 3777, 6165,
83, 3777, 6165,
84, 3781, 6169,
85, 3783, 6172,
86, 3786, 6172,
87, 3790, 6175,
88, 3790, 6177,
89, 3796, 6183,
90, 3800, 6186,
91, 3803, 6188,
92, 3805, 6189,
93, 3809, 6193,
94, 3810, 6194,
95, 3816, 6200,
96, 3820, 6203,
97, 3823, 6205,
98, 3825, 6208,
99, 3829, 6212,
100, 3830, 6214,
101, 3839, 6221,
102, 3842, 6224,
103, 3842, 6224,
104, 3848, 6230,
105, 3853, 6235,
106, 3855, 6236,
107, 3858, 6238,
108, 3861, 6242,
109, 3862, 6243,
110, 3868, 6248,
111, 3875, 6252,
112, 3874, 6254,
113, 3877, 6257,
114, 3881, 6259,
115, 3882, 6260,
116, 3888, 6265,
117, 3892, 6270,
118, 3894, 6271,
119, 3896, 6273,
120, 3901, 6278,
121, 3906, 6284,
122, 3907, 6285,
123, 3911, 6287,
124, 3914, 6290,
125, 3915, 6290,
126, 3920, 6296,
127, 3926, 6300,
128, 3927, 6301,
129, 3929, 6304,
130, 3933, 6307,
131, 3934, 6308,
132, 3939, 6313,
133, 3946, 6319,
134, 3946, 6320,
135, 3950, 6323,
136, 3953, 6325,
137, 3955, 6327,
138, 3959, 6331,
139, 3960, 6332,
140, 3966, 6337,
141, 3971, 6342,
142, 3973, 6344,
143, 3976, 6347,
144, 3979, 6349,
145, 3981, 6350,
146, 3986, 6355,
147, 3986, 6355,
148, 3992, 6361,
149, 3996, 6364,
150, 3999, 6366,
151, 4001, 6369,
152, 4010, 6377,
153, 4012, 6379,
154, 4014, 6381,
155, 4018, 6385,
156, 4019, 6387,
157, 4025, 6390,
158, 4031, 6396,
159, 4031, 6396,
160, 4036, 6399,
161, 4038, 6403,
162, 4040, 6403,
163, 4045, 6409,
164, 4045, 6409,
165, 4051, 6413,
166, 4056, 6419,
167, 4057, 6420,
168, 4059, 6422,
169, 4063, 6426,
170, 4064, 6426,
171, 4071, 6430,
172, 4075, 6436,
173, 4077, 6437,
174, 4079, 6440,
175, 4084, 6443,
176, 4090, 6448,
177, 4090, 6448,
178, 4093, 6452,
179, 4096, 6455,
180, 4098, 6456,
181, 4103, 6460,
182, 4107, 6463,
183, 4110, 6465,
184, 4112, 6468,
185, 4116, 6471,
186, 4117, 6472,
187, 4123, 6478,
188, 4127, 6483,
189, 4129, 6483,
190, 4131, 6485,
191, 4136, 6490,
192, 4142, 6495,
193, 4143, 6497,
194, 4146, 6499,
195, 4149, 6502,
196, 4150, 6503,
197, 4155, 6508,
198, 4161, 6513,
199, 4162, 6514,
200, 4166, 6518,
201, 4174, 6526,
202, 4175, 6528,
203, 4177, 6529,
204, 4182, 6534,
205, 4188, 6539,
206, 4188, 6540,
207, 4192, 6543,
208, 4194, 6546,
209, 4197, 6550,
210, 4201, 6552,
211, 4207, 6557,
212, 4208, 6558,
213, 4213, 6560,
214, 4214, 6563,
215, 4217, 6566,
216, 4221, 6569,
217, 4226, 6558,
218, 4227, 6576,
219, 4232, 6579,
220, 4234, 6582,
221, 4237, 6584,
222, 4240, 6588,
223, 4241, 6590,
224, 4247, 6593,
225, 4252, 6597,
226, 4254, 6600,
227, 4257, 6602,
228, 4260, 6605,
229, 4262, 6608,
230, 4267, 6611,
231, 4272, 6616,
232, 4273, 6617,
233, 4276, 6621,
234, 4280, 6624,
235, 4282, 6625,
236, 4286, 6630,
237, 4292, 6635,
238, 4294, 6635,
239, 4297, 6638,
240, 4300, 6641,
241, 4302, 6644,
242, 4306, 6648,
243, 4306, 6647,
244, 4313, 6653,
245, 4318, 6658,
246, 4320, 6658,
247, 4322, 6661,
248, 4325, 6665,
249, 4326, 6665,
250, 4333, 6671,
251, 4337, 6673,
252, 4339, 6676,
253, 4346, 6682,
254, 4352, 6688,
255, 4353, 6689,
256, 4355, 6691,
257, 4359, 6696,
258, 4360, 6697,
259, 4365, 6701,
260, 4370, 6706,
261, 4372, 6707,
262, 4375, 6710,
263, 4379, 6713,
264, 4380, 6714,
265, 4386, 6719,
266, 4392, 6725,
267, 4392, 6725,
268, 4397, 6730,
269, 4398, 6730,
270, 4401, 6734,
271, 4405, 6737,
272, 4406, 6738,
273, 4412, 6743,
274, 4418, 6748,
275, 4418, 6750,
276, 4423, 6754,
277, 4425, 6755,
278, 4427, 6758,
279, 4431, 6762,
280, 4433, 6762,
281, 4438, 6767,
282, 4444, 6772,
283, 4445, 6773,
284, 4449, 6779,
285, 4452, 6780,
286, 4454, 6782,
287, 4458, 6786,
288, 4458, 6785,
289, 4465, 6793,
290, 4470, 6797,
291, 4471, 6798,
292, 4475, 6800,
293, 4478, 6805,
294, 4478, 6805,
295, 4485, 6809,
296, 4490, 6814,
297, 4491, 6817,
298, 4495, 6820,
299, 4498, 6822,
300, 4499, 6824,
301, 4508, 6830,
302, 4511, 6833,
303, 4513, 6835,
304, 4518, 6839,
305, 4518, 6841,
306, 4524, 6847,
307, 4530, 6851,
308, 4531, 6852,
309, 4535, 6856,
310, 4538, 6858,
311, 4538, 6861,
312, 4543, 6865,
313, 4544, 6865,
314, 4550, 6872,
315, 4554, 6875,
316, 4557, 6877,
317, 4560, 6879,
318, 4564, 6883,
319, 4565, 6884,
320, 4571, 6890,
321, 4576, 6895,
322, 4577, 6895,
323, 4580, 6900,
324, 4584, 6901,
325, 4584, 6903,
326, 4590, 6908,
327, 4596, 6914,
328, 4597, 6915,
329, 4600, 6917,
330, 4604, 6922,
331, 4604, 6922,
332, 4610, 6927,
333, 4616, 6932,
334, 4617, 6934,
335, 4620, 6937,
336, 4624, 6940,
337, 4625, 6940,
338, 4630, 6945,
339, 4636, 6951,
340, 4637, 6952,
341, 4642, 6957,
342, 4644, 6958,
343, 4647, 6962,
344, 4650, 6965,
345, 4651, 6967,
346, 4657, 6971,
347, 4663, 6976,
348, 4664, 6979,
349, 4668, 6981,
350, 4670, 6984,
351, 4672, 6985,
352, 4682, 6994,
353, 4683, 6996,
354, 4686, 6997,
355, 4690, 7002,
356, 4696, 7008,
357, 4697, 7009,
358, 4701, 7011,
359, 4703, 7015,
360, 4706, 7016,
361, 4709, 7022,
362, 4711, 7022,
363, 4716, 7026,
364, 4722, 7033,
365, 4723, 7033,
366, 4727, 7038,
367, 4729, 7039,
368, 4731, 7040,
369, 4736, 7043,
370, 4736, 7046,
371, 4742, 7051,
372, 4747, 7055,
373, 4749, 7057,
374, 4751, 7059,
375, 4756, 7063,
376, 4762, 7068,
377, 4762, 7069,
378, 4763, 7070,
379, 4769, 7073,
380, 4774, 7078,
381, 4776, 7080,
382, 4779, 7083,
383, 4782, 7085,
384, 4783, 7087,
385, 4789, 7092,
386, 4794, 7098,
387, 4795, 7098,
388, 4799, 7101,
389, 4802, 7103,
390, 4803, 7104,
391, 4809, 7109,
392, 4815, 7114,
393, 4815, 7115,
394, 4820, 7119,
395, 4822, 7122,
396, 4825, 7125,
397, 4829, 7127,
398, 4830, 7128,
399, 4835, 7133,
400, 4841, 7138,
401, 4844, 7141,
402, 4848, 7144,
403, 4854, 7148,
404, 4855, 7150,
405, 4859, 7153,
406, 4862, 7156,
407, 4864, 7159,
408, 4868, 7163,
409, 4868, 7164,
410, 4874, 7168,
411, 4878, 7173,
412, 4880, 7174,
413, 4883, 7177,
414, 4888, 7180,
415, 4888, 7181,
416, 4895, 7186,
417, 4899, 7191,
418, 4901, 7192,
419, 4903, 7194,
420, 4908, 7199,
421, 4912, 7204,
422, 4914, 7205,
423, 4917, 7208,
424, 4921, 7208,
425, 4923, 7210,
426, 4927, 7214,
427, 4934, 7221,
428, 4935, 7219,
429, 4939, 7224,
430, 4941, 7226,
431, 4944, 7228,
432, 4947, 7233,
433, 4948, 7233,
434, 4955, 7237,
435, 4960, 7242,
436, 4961, 7244,
437, 4965, 7248,
438, 4968, 7249,
439, 4969, 7252,
440, 4974, 7256,
441, 4981, 7261,
442, 4981, 7260,
443, 4986, 7265,
444, 4988, 7268,
445, 4991, 7270,
446, 4994, 7273,
447, 4996, 7275,
448, 5001, 7281,
449, 5007, 7286,
450, 5007, 7287,
451, 5012, 7288,
452, 5021, 7296,
453, 5021, 7297,
454, 5025, 7302,
455, 5028, 7303,
456, 5030, 7303,
457, 5035, 7309,
458, 5035, 7310,
459, 5041, 7315,
460, 5047, 7319,
461, 5048, 7320,
462, 5051, 7323,
463, 5054, 7326,
464, 5055, 7326,
465, 5061, 7331,
466, 5066, 7336,
467, 5068, 7338,
468, 5071, 7341,
469, 5075, 7343,
470, 5076, 7346,
471, 5081, 7349,
472, 5081, 7350,
473, 5088, 7355,
474, 5092, 7360,
475, 5094, 7363,
476, 5097, 7364,
477, 5101, 7366,
478, 5101, 7368,
479, 5108, 7372,
480, 5113, 7378,
481, 5115, 7379,
482, 5117, 7381,
483, 5121, 7386,
484, 5122, 7387,
485, 5128, 7392,
486, 5133, 7397,
487, 5134, 7398,
488, 5138, 7401,
489, 5141, 7402,
490, 5144, 7406,
491, 5148, 7410,
492, 5148, 7410,
493, 5154, 7414,
494, 5160, 7420,
495, 5161, 7420,
496, 5164, 7423,
497, 5167, 7427,
498, 5169, 7428,
499, 5174, 7432,
500, 5180, 7438,
501, 5186, 7443,
502, 5209, 7455,
503, 5216, 7460,
504, 5224, 7461,
505, 5231, 7464,
506, 5232, 7465,
507, 5237, 7468,
508, 5241, 7468,
509, 5243, 7471,
510, 5250, 7471,
511, 5250, 7471,
512, 5259, 7476,
513, 5265, 7479,
514, 5267, 7480,
515, 5270, 7479,
516, 5276, 7483,
517, 5284, 7485,
518, 5285, 7484,
519, 5291, 7487,
520, 5293, 7488,
521, 5296, 7489,
522, 5302, 7491,
523, 5310, 7493,
524, 5311, 7492,
525, 5315, 7494,
526, 5320, 7496,
527, 5321, 7498,
528, 5329, 7500,
529, 5337, 7503,
530, 5337, 7503,
531, 5343, 7504,
532, 5346, 7504,
533, 5349, 7507,
534, 5355, 7509,
535, 5355, 7509,
536, 5364, 7512,
537, 5371, 7513,
538, 5373, 7515,
539, 5377, 7516,
540, 5382, 7520,
541, 5383, 7520,
542, 5390, 7521,
543, 5399, 7524,
544, 5399, 7525,
545, 5405, 7527,
546, 5408, 7529,
547, 5413, 7530,
548, 5417, 7532,
549, 5419, 7534,
550, 5426, 7536,
551, 5434, 7538,
552, 5436, 7539,
553, 5444, 7542,
554, 5452, 7545,
555, 5453, 7545,
556, 5457, 7547,
557, 5461, 7549,
558, 5464, 7549,
559, 5470, 7552,
560, 5479, 7554,
561, 5480, 7553,
562, 5486, 7555,
563, 5488, 7556,
564, 5493, 7558,
565, 5497, 7560,
566, 5499, 7561,
567, 5507, 7563,
568, 5515, 7565,
569, 5515, 7565,
570, 5522, 7568,
571, 5524, 7570,
572, 5528, 7570,
573, 5533, 7572,
574, 5535, 7574,
575, 5542, 7575,
576, 5551, 7578,
577, 5551, 7579,
578, 5558, 7582,
579, 5560, 7581,
580, 5563, 7582,
581, 5569, 7585,
582, 5569, 7587,
583, 5578, 7589,
584, 5585, 7591,
585, 5587, 7593,
586, 5592, 7593,
587, 5597, 7595,
588, 5597, 7596,
589, 5606, 7599,
590, 5610, 7601,
591, 5615, 7602,
592, 5617, 7602,
593, 5624, 7604,
594, 5624, 7605,
595, 5633, 7607,
596, 5639, 7610,
597, 5643, 7610,
598, 5644, 7611,
599, 5652, 7616,
600, 5659, 7618,
601, 5663, 7619,
602, 5670, 7620,
603, 5679, 7624,
604, 5679, 7624,
605, 5685, 7626,
606, 5689, 7626,
607, 5689, 7626,
608, 5698, 7631,
609, 5705, 7633,
610, 5707, 7634,
611, 5712, 7633,
612, 5716, 7635,
613, 5719, 7636,
614, 5726, 7638,
615, 5731, 7640,
616, 5735, 7640,
617, 5742, 7642,
618, 5744, 7644,
619, 5749, 7645,
620, 5754, 7647,
621, 5755, 7647,
622, 5763, 7649,
623, 5772, 7653,
624, 5772, 7653,
625, 5779, 7656,
626, 5781, 7655,
627, 5784, 7656,
628, 5790, 7659,
629, 5791, 7660,
630, 5800, 7662,
631, 5808, 7664,
632, 5809, 7666,
633, 5815, 7667,
634, 5819, 7669,
635, 5820, 7667,
636, 5828, 7670,
637, 5836, 7673,
638, 5838, 7673,
639, 5843, 7675,
640, 5847, 7675,
641, 5850, 7676,
642, 5857, 7678,
643, 5857, 7677,
644, 5866, 7680,
645, 5874, 7681,
646, 5876, 7683,
647, 5879, 7684,
648, 5885, 7687,
649, 5887, 7686,
650, 5894, 7687,
651, 5901, 7690,
652, 5904, 7690,
653, 5913, 7694,
654, 5921, 7695,
655, 5923, 7696,
656, 5929, 7697,
657, 5932, 7700,
658, 5936, 7702,
659, 5941, 7703,
660, 5950, 7705,
661, 5951, 7704,
662, 5958, 7707,
663, 5961, 7709,
664, 5965, 7709,
665, 5971, 7710,
666, 5972, 7712,
667, 5980, 7713,
668, 5988, 7716,
669, 5989, 7718,
670, 5995, 7717,
671, 5999, 7721,
672, 6002, 7721,
673, 6009, 7722,
674, 6018, 7724,
675, 6018, 7724,
676, 6025, 7727,
677, 6028, 7727,
678, 6032, 7728,
679, 6038, 7731,
680, 6039, 7731,
681, 6048, 7733,
682, 6056, 7734,
683, 6057, 7735,
684, 6062, 7737,
685, 6066, 7737,
686, 6069, 7739,
687, 6076, 7740,
688, 6077, 7741,
689, 6086, 7744,
690, 6094, 7746,
691, 6095, 7747,
692, 6099, 7746,
693, 6106, 7748,
694, 6106, 7750,
695, 6115, 7751,
696, 6123, 7753,
697, 6125, 7754,
698, 6130, 7753,
699, 6135, 7756,
700, 6138, 7756,
701, 6144, 7758,
702, 6145, 7759,
703, 6159, 7763,
704, 6164, 7765,
705, 6166, 7764,
706, 6174, 7767,
707, 6184, 7771,
708, 6184, 7770,
709, 6191, 7770,
710, 6194, 7773,
711, 6199, 7774,
712, 6204, 7775,
713, 6207, 7775,
714, 6214, 7778,
715, 6222, 7780,
716, 6224, 7781,
717, 6230, 7783,
718, 6234, 7783,
719, 6237, 7784,
720, 6243, 7785,
721, 6245, 7786,
722, 6253, 7788,
723, 6262, 7790,
724, 6264, 7792,
725, 6271, 7793,
726, 6274, 7792,
727, 6278, 7794,
728, 6284, 7795,
729, 6285, 7796,
730, 6294, 7799,
731, 6302, 7800,
732, 6304, 7800,
733, 6309, 7802,
734, 6314, 7803,
735, 6315, 7803,
736, 6324, 7805,
737, 6332, 7808,
738, 6334, 7809,
739, 6338, 7811,
740, 6344, 7810,
741, 6354, 7813,
742, 6354, 7815,
743, 6357, 7816,
744, 6364, 7818,
745, 6365, 7818,
746, 6374, 7820,
747, 6381, 7822,
748, 6385, 7822,
749, 6387, 7822,
750, 6395, 7823,
751, 6405, 7828,
752, 6408, 7829,
753, 6416, 7829,
754, 6416, 7829,
755, 6426, 7832,
756, 6434, 7833,
757, 6436, 7834,
758, 6442, 7834,
759, 6446, 7835,
760, 6447, 7836,
761, 6456, 7839,
762, 6465, 7840,
763, 6466, 7840,
764, 6470, 7841,
765, 6477, 7842,
766, 6477, 7842,
767, 6487, 7843,
768, 6495, 7845,
769, 6497, 7846,
770, 6503, 7848,
771, 6508, 7847,
772, 6510, 7849,
773, 6518, 7849,
774, 6519, 7851,
775, 6528, 7852,
776, 6536, 7854,
777, 6538, 7855,
778, 6542, 7856,
779, 6550, 7858,
780, 6559, 7861,
781, 6560, 7861,
782, 6566, 7863,
783, 6570, 7864,
784, 6573, 7864,
785, 6580, 7864,
786, 6581, 7864,
787, 6591, 7865,
788, 6599, 7870,
789, 6601, 7869,
790, 6607, 7870,
791, 6612, 7871,
792, 6614, 7873,
793, 6622, 7872,
794, 6622, 7873,
795, 6632, 7875,
796, 6641, 7877,
797, 6643, 7877,
798, 6648, 7880,
799, 6653, 7881,
800, 6654, 7879,
801, 6668, 7884,
802, 6675, 7884,
803, 6675, 7885,
804, 6685, 7887,
805, 6694, 7889,
806, 6697, 7890,
807, 6702, 7892,
808, 6707, 7894,
809, 6711, 7893,
810, 6717, 7898,
811, 6718, 7897,
812, 6728, 7899,
813, 6734, 7901,
814, 6739, 7902,
815, 6743, 7904,
816, 6749, 7903,
817, 6749, 7905,
818, 6760, 7907,
819, 6769, 7908,
820, 6771, 7908,
821, 6777, 7910,
822, 6782, 7910,
823, 6783, 7911,
824, 6792, 7914,
825, 6802, 7915,
826, 6803, 7916,
827, 6810, 7917,
828, 6814, 7917,
829, 6818, 7920,
830, 6825, 7922,
831, 6826, 7921,
832, 6835, 7923,
833, 6845, 7926,
834, 6846, 7925,
835, 6853, 7927,
836, 6857, 7928,
837, 6861, 7929,
838, 6868, 7930,
839, 6878, 7932,
840, 6879, 7934,
841, 6887, 7933,
842, 6890, 7935,
843, 6894, 7937,
844, 6901, 7938,
845, 6901, 7939,
846, 6912, 7941,
847, 6917, 7942,
848, 6923, 7941,
849, 6923, 7942,
850, 6934, 7944,
851, 6943, 7946,
852, 6946, 7949,
853, 6956, 7949,
854, 6963, 7951,
855, 6967, 7952,
856, 6971, 7952,
857, 6978, 7954,
858, 6988, 7956,
859, 6989, 7957,
860, 6995, 7958,
861, 7000, 7959,
862, 7002, 7958,
863, 7011, 7960,
864, 7022, 7963,
865, 7022, 7962,
866, 7030, 7963,
867, 7033, 7966,
868, 7039, 7967,
869, 7045, 7967,
870, 7046, 7967,
871, 7056, 7970,
872, 7065, 7972,
873, 7067, 7972,
874, 7072, 7973,
875, 7078, 7975,
876, 7080, 7974,
877, 7089, 7976,
878, 7100, 7980,
879, 7101, 7980,
880, 7108, 7980,
881, 7112, 7981,
882, 7117, 7982,
883, 7123, 7983,
884, 7124, 7983,
885, 7135, 7984,
886, 7144, 7987,
887, 7145, 7988,
888, 7153, 7989,
889, 7157, 7990,
890, 7162, 7991,
891, 7169, 7991,
892, 7180, 7996,
893, 7180, 7994,
894, 7187, 7997,
895, 7191, 7997,
896, 7194, 8000,
897, 7203, 7999,
898, 7214, 8002,
899, 7214, 8003,
900, 7222, 8003,
901, 7225, 8004,
902, 7231, 8006,
903, 7247, 8009,
904, 7249, 8010,
905, 7253, 8012,
906, 7260, 8013,
907, 7271, 8014,
908, 7272, 8015,
909, 7280, 8016,
910, 7283, 8017,
911, 7288, 8016,
912, 7295, 8018,
913, 7304, 8019,
914, 7306, 8020,
915, 7309, 8021,
916, 7317, 8022,
917, 7327, 8024,
918, 7330, 8025,
919, 7335, 8026,
920, 7341, 8028,
921, 7344, 8027,
922, 7353, 8029,
923, 7362, 8030,
924, 7364, 8032,
925, 7370, 8033,
926, 7375, 8033,
927, 7386, 8035,
928, 7388, 8035,
929, 7388, 8035,
930, 7399, 8039,
931, 7408, 8039,
932, 7411, 8039,
933, 7417, 8041,
934, 7423, 8041,
935, 7424, 8041,
936, 7435, 8043,
937, 7442, 8043,
938, 7446, 8045,
939, 7458, 8048,
940, 7458, 8048,
941, 7467, 8049,
942, 7469, 8049,
943, 7474, 8051,
944, 7481, 8051,
945, 7482, 8051,
946, 7493, 8053,
947, 7501, 8056,
948, 7505, 8055,
949, 7510, 8055,
950, 7517, 8057,
951, 7529, 8059,
952, 7531, 8060,
953, 7541, 8060,
954, 7551, 8062,
955, 7553, 8064,
956, 7560, 8064,
957, 7565, 8066,
958, 7569, 8067,
959, 7577, 8067,
960, 7578, 8067,
961, 7589, 8070,
962, 7596, 8071,
963, 7601, 8073,
964, 7604, 8073,
965, 7612, 8073,
966, 7623, 8076,
967, 7625, 8076,
968, 7630, 8076,
969, 7637, 8077,
970, 7638, 8077,
971, 7649, 8078,
972, 7657, 8081,
973, 7661, 8082,
974, 7667, 8083,
975, 7673, 8085,
976, 7673, 8085,
977, 7686, 8087,
978, 7695, 8089,
979, 7697, 8090,
980, 7704, 8089,
981, 7709, 8091,
982, 7712, 8093,
983, 7722, 8094,
984, 7734, 8096,
985, 7735, 8095,
986, 7744, 8099,
987, 7746, 8099,
988, 7751, 8099,
989, 7759, 8101,
990, 7760, 8101,
991, 7771, 8102,
992, 7782, 8104,
993, 7783, 8104,
994, 7790, 8106,
995, 7796, 8107,
996, 7797, 8106,
997, 7808, 8106,
998, 7819, 8108,
999, 7819, 8109,
1000, 7826, 8110,
